1.000000000000000000e+00 0.000000000000000000e+00 5.499149898899156064e-01 4.500850101100843936e-01
1.000000000000000000e+00 0.000000000000000000e+00 5.013115126939362565e-01 4.986884873060637435e-01
0.000000000000000000e+00 1.000000000000000000e+00 2.812511142695161004e-01 7.187488857304838996e-01
1.000000000000000000e+00 1.000000000000000000e+00 3.438681305781891018e-01 6.561318694218108982e-01
1.000000000000000000e+00 1.000000000000000000e+00 4.936640429938110586e-01 5.063359570061889414e-01
1.000000000000000000e+00 1.000000000000000000e+00 4.031681828067320561e-01 5.968318171932679439e-01
0.000000000000000000e+00 0.000000000000000000e+00 6.679525114208926251e-01 3.320474885791073749e-01
1.000000000000000000e+00 0.000000000000000000e+00 6.037390907913530169e-01 3.962609092086469831e-01
1.000000000000000000e+00 1.000000000000000000e+00 4.909669794390910669e-01 5.090330205609089331e-01
0.000000000000000000e+00 1.000000000000000000e+00 3.602042701235435018e-01 6.397957298764564982e-01
1.000000000000000000e+00 0.000000000000000000e+00 6.273930256177112641e-01 3.726069743822887359e-01
0.000000000000000000e+00 0.000000000000000000e+00 6.091508679505989177e-01 3.908491320494010823e-01
0.000000000000000000e+00 1.000000000000000000e+00 4.630553041558873595e-01 5.369446958441126405e-01
1.000000000000000000e+00 1.000000000000000000e+00 2.560184068759661091e-01 7.439815931240338909e-01
0.000000000000000000e+00 1.000000000000000000e+00 3.928964366877542025e-01 6.071035633122457975e-01
1.000000000000000000e+00 1.000000000000000000e+00 4.170860325640431965e-01 5.829139674359568035e-01
1.000000000000000000e+00 1.000000000000000000e+00 3.705063631169770444e-01 6.294936368830229556e-01
1.000000000000000000e+00 0.000000000000000000e+00 5.428828154937295203e-01 4.571171845062704242e-01
1.000000000000000000e+00 0.000000000000000000e+00 5.201705431679742864e-01 4.798294568320257136e-01
1.000000000000000000e+00 1.000000000000000000e+00 1.905522881161120230e-01 8.094477118838879770e-01
0.000000000000000000e+00 1.000000000000000000e+00 2.220284792754275704e-01 7.779715207245724296e-01
1.000000000000000000e+00 1.000000000000000000e+00 3.783408930759355471e-01 6.216591069240644529e-01
0.000000000000000000e+00 0.000000000000000000e+00 5.243958130635302251e-01 4.756041869364698305e-01
1.000000000000000000e+00 1.000000000000000000e+00 3.365173712924698357e-01 6.634826287075301643e-01
0.000000000000000000e+00 0.000000000000000000e+00 6.078008065042862507e-01 3.921991934957137493e-01
1.000000000000000000e+00 1.000000000000000000e+00 2.986838105752895878e-01 7.013161894247104122e-01
0.000000000000000000e+00 0.000000000000000000e+00 5.787584507432637082e-01 4.212415492567363473e-01
0.000000000000000000e+00 1.000000000000000000e+00 4.791311682865665444e-01 5.208688317134334556e-01
1.000000000000000000e+00 0.000000000000000000e+00 6.852489541483296476e-01 3.147510458516703524e-01
0.000000000000000000e+00 1.000000000000000000e+00 1.428471749555426662e-01 8.571528250444573338e-01
0.000000000000000000e+00 1.000000000000000000e+00 4.552234366945857591e-01 5.447765633054142409e-01
1.000000000000000000e+00 0.000000000000000000e+00 5.529292678957493656e-01 4.470707321042505789e-01
1.000000000000000000e+00 1.000000000000000000e+00 4.945696453075947296e-01 5.054303546924052704e-01
1.000000000000000000e+00 1.000000000000000000e+00 3.136487944805235184e-01 6.863512055194764816e-01
0.000000000000000000e+00 0.000000000000000000e+00 6.862782668619693549e-01 3.137217331380307006e-01
1.000000000000000000e+00 1.000000000000000000e+00 3.756120833466319864e-01 6.243879166533680136e-01
0.000000000000000000e+00 0.000000000000000000e+00 6.850716469563149502e-01 3.149283530436849943e-01
1.000000000000000000e+00 0.000000000000000000e+00 6.032465736883394491e-01 3.967534263116604953e-01
1.000000000000000000e+00 1.000000000000000000e+00 4.429905469765732517e-01 5.570094530234267483e-01
1.000000000000000000e+00 0.000000000000000000e+00 5.106780183674171081e-01 4.893219816325828919e-01
1.000000000000000000e+00 1.000000000000000000e+00 4.351312174570364233e-01 5.648687825429635767e-01
1.000000000000000000e+00 1.000000000000000000e+00 4.372346018265552692e-01 5.627653981734447308e-01
0.000000000000000000e+00 1.000000000000000000e+00 4.923950648681215680e-01 5.076049351318784320e-01
1.000000000000000000e+00 0.000000000000000000e+00 7.058916788497909822e-01 2.941083211502090178e-01
1.000000000000000000e+00 0.000000000000000000e+00 5.725466698514414254e-01 4.274533301485585191e-01
1.000000000000000000e+00 0.000000000000000000e+00 5.496055738849423555e-01 4.503944261150576445e-01
1.000000000000000000e+00 1.000000000000000000e+00 3.979231791845010413e-01 6.020768208154989587e-01
1.000000000000000000e+00 1.000000000000000000e+00 2.755213901110650232e-01 7.244786098889349768e-01
1.000000000000000000e+00 1.000000000000000000e+00 4.403245350724026563e-01 5.596754649275973437e-01
0.000000000000000000e+00 0.000000000000000000e+00 6.911742075008293629e-01 3.088257924991706926e-01
1.000000000000000000e+00 0.000000000000000000e+00 6.805160440261491805e-01 3.194839559738508195e-01
1.000000000000000000e+00 1.000000000000000000e+00 4.607675327292339862e-01 5.392324672707660138e-01
1.000000000000000000e+00 1.000000000000000000e+00 2.620741106254831365e-01 7.379258893745168635e-01
1.000000000000000000e+00 1.000000000000000000e+00 4.131764984316398381e-01 5.868235015683601619e-01
0.000000000000000000e+00 1.000000000000000000e+00 4.336820518375449351e-01 5.663179481624550649e-01
0.000000000000000000e+00 1.000000000000000000e+00 4.544726615395727753e-01 5.455273384604272247e-01
1.000000000000000000e+00 1.000000000000000000e+00 3.744588777812717373e-01 6.255411222187282627e-01
1.000000000000000000e+00 1.000000000000000000e+00 3.889148961867591181e-01 6.110851038132408819e-01
1.000000000000000000e+00 0.000000000000000000e+00 5.522316054581727363e-01 4.477683945418272637e-01
0.000000000000000000e+00 0.000000000000000000e+00 5.284699826738750161e-01 4.715300173261250394e-01
0.000000000000000000e+00 1.000000000000000000e+00 3.822706865831582146e-01 6.177293134168417854e-01
1.000000000000000000e+00 1.000000000000000000e+00 4.328067660873611278e-01 5.671932339126388722e-01
1.000000000000000000e+00 0.000000000000000000e+00 5.886372193155584576e-01 4.113627806844414869e-01
0.000000000000000000e+00 1.000000000000000000e+00 4.632023859122292864e-01 5.367976140877707136e-01
1.000000000000000000e+00 1.000000000000000000e+00 4.562515554854991162e-01 5.437484445145008838e-01
1.000000000000000000e+00 1.000000000000000000e+00 4.467113954706816159e-01 5.532886045293183841e-01
1.000000000000000000e+00 0.000000000000000000e+00 5.154187505599222563e-01 4.845812494400777437e-01
1.000000000000000000e+00 1.000000000000000000e+00 2.095028584906297731e-01 7.904971415093702269e-01
0.000000000000000000e+00 1.000000000000000000e+00 2.769460655528931392e-01 7.230539344471068608e-01
1.000000000000000000e+00 0.000000000000000000e+00 6.446836139563699719e-01 3.553163860436300281e-01
0.000000000000000000e+00 1.000000000000000000e+00 4.051599709094805268e-01 5.948400290905194732e-01
0.000000000000000000e+00 0.000000000000000000e+00 5.709050391366943256e-01 4.290949608633056189e-01
1.000000000000000000e+00 0.000000000000000000e+00 8.093105851461993572e-01 1.906894148538006706e-01
1.000000000000000000e+00 0.000000000000000000e+00 5.879959706337238856e-01 4.120040293662760589e-01
1.000000000000000000e+00 1.000000000000000000e+00 3.275844203964678458e-01 6.724155796035321542e-01
1.000000000000000000e+00 0.000000000000000000e+00 5.299446620122971741e-01 4.700553379877027704e-01
0.000000000000000000e+00 1.000000000000000000e+00 2.433795140559320558e-01 7.566204859440679442e-01
1.000000000000000000e+00 1.000000000000000000e+00 3.547257362226130528e-01 6.452742637773869472e-01
1.000000000000000000e+00 0.000000000000000000e+00 6.293617706705714188e-01 3.706382293294286367e-01
1.000000000000000000e+00 1.000000000000000000e+00 3.022947870173637863e-01 6.977052129826362137e-01
1.000000000000000000e+00 0.000000000000000000e+00 6.132252438227496771e-01 3.867747561772503784e-01
0.000000000000000000e+00 1.000000000000000000e+00 1.940504874678352643e-01 8.059495125321647357e-01
0.000000000000000000e+00 0.000000000000000000e+00 6.469905554739926457e-01 3.530094445260073543e-01
1.000000000000000000e+00 0.000000000000000000e+00 5.883044172366260760e-01 4.116955827633739795e-01
0.000000000000000000e+00 0.000000000000000000e+00 6.958867349079280729e-01 3.041132650920718716e-01
1.000000000000000000e+00 1.000000000000000000e+00 3.398222754312242300e-01 6.601777245687757700e-01
1.000000000000000000e+00 1.000000000000000000e+00 4.499103047134248579e-01 5.500896952865751421e-01
1.000000000000000000e+00 1.000000000000000000e+00 3.597971285352620230e-01 6.402028714647379770e-01
1.000000000000000000e+00 0.000000000000000000e+00 8.312384971001041123e-01 1.687615028998958322e-01
1.000000000000000000e+00 0.000000000000000000e+00 8.081065184281948088e-01 1.918934815718052189e-01
0.000000000000000000e+00 1.000000000000000000e+00 4.354945602410411620e-01 5.645054397589588380e-01
1.000000000000000000e+00 0.000000000000000000e+00 7.284018673285366230e-01 2.715981326714633770e-01
1.000000000000000000e+00 1.000000000000000000e+00 4.263735617169828185e-01 5.736264382830171815e-01
1.000000000000000000e+00 1.000000000000000000e+00 2.446266647836063957e-01 7.553733352163936043e-01
1.000000000000000000e+00 0.000000000000000000e+00 5.145685027098684250e-01 4.854314972901315750e-01
0.000000000000000000e+00 1.000000000000000000e+00 4.574746614978361103e-01 5.425253385021638897e-01
1.000000000000000000e+00 1.000000000000000000e+00 4.368972031309205084e-01 5.631027968690794916e-01
0.000000000000000000e+00 0.000000000000000000e+00 5.399915419812527650e-01 4.600084580187472350e-01
1.000000000000000000e+00 1.000000000000000000e+00 4.808653775029466670e-01 5.191346224970533330e-01
1.000000000000000000e+00 0.000000000000000000e+00 5.453863572450065034e-01 4.546136427549934966e-01
0.000000000000000000e+00 1.000000000000000000e+00 4.753155550873794377e-01 5.246844449126205623e-01
0.000000000000000000e+00 1.000000000000000000e+00 3.161696916361945719e-01 6.838303083638054281e-01
1.000000000000000000e+00 0.000000000000000000e+00 5.823935705825042941e-01 4.176064294174956504e-01
1.000000000000000000e+00 1.000000000000000000e+00 4.994309038228198494e-01 5.005690961771801506e-01
1.000000000000000000e+00 1.000000000000000000e+00 2.991363535654439909e-01 7.008636464345560091e-01
0.000000000000000000e+00 1.000000000000000000e+00 3.751066828336181436e-01 6.248933171663818564e-01
1.000000000000000000e+00 0.000000000000000000e+00 5.294714178971496876e-01 4.705285821028503124e-01
0.000000000000000000e+00 0.000000000000000000e+00 7.733569879146535708e-01 2.266430120853463737e-01
1.000000000000000000e+00 1.000000000000000000e+00 4.352182582753820750e-01 5.647817417246179250e-01
1.000000000000000000e+00 1.000000000000000000e+00 3.323986028205536680e-01 6.676013971794463320e-01
1.000000000000000000e+00 1.000000000000000000e+00 1.138101165677783966e-01 8.861898834322216034e-01
0.000000000000000000e+00 1.000000000000000000e+00 4.046003415989062324e-01 5.953996584010937676e-01
1.000000000000000000e+00 1.000000000000000000e+00 4.366718232859725379e-01 5.633281767140274621e-01
1.000000000000000000e+00 1.000000000000000000e+00 4.977617074610460879e-01 5.022382925389539121e-01
0.000000000000000000e+00 1.000000000000000000e+00 3.384272259845739761e-01 6.615727740154260239e-01
0.000000000000000000e+00 1.000000000000000000e+00 3.092311280074087065e-01 6.907688719925912935e-01
1.000000000000000000e+00 1.000000000000000000e+00 3.029669928942021473e-01 6.970330071057978527e-01
1.000000000000000000e+00 0.000000000000000000e+00 6.700814401331787185e-01 3.299185598668213371e-01
1.000000000000000000e+00 0.000000000000000000e+00 6.134425821218296715e-01 3.865574178781702730e-01
1.000000000000000000e+00 1.000000000000000000e+00 2.871526870882298299e-01 7.128473129117701701e-01
0.000000000000000000e+00 1.000000000000000000e+00 3.110842991882469821e-01 6.889157008117530179e-01
1.000000000000000000e+00 1.000000000000000000e+00 4.102200452675964781e-01 5.897799547324035219e-01
1.000000000000000000e+00 1.000000000000000000e+00 4.053419514815941316e-01 5.946580485184058684e-01
0.000000000000000000e+00 1.000000000000000000e+00 2.395666822981967758e-01 7.604333177018032242e-01
0.000000000000000000e+00 0.000000000000000000e+00 6.520855282970082767e-01 3.479144717029917233e-01
1.000000000000000000e+00 1.000000000000000000e+00 3.996647996054070173e-01 6.003352003945929827e-01
1.000000000000000000e+00 1.000000000000000000e+00 3.699491731720691012e-01 6.300508268279308988e-01
1.000000000000000000e+00 1.000000000000000000e+00 4.143680506909874772e-01 5.856319493090125228e-01
1.000000000000000000e+00 1.000000000000000000e+00 4.328762553307896610e-01 5.671237446692103390e-01
1.000000000000000000e+00 1.000000000000000000e+00 3.678317647594880890e-01 6.321682352405119110e-01
1.000000000000000000e+00 1.000000000000000000e+00 4.417914958086014421e-01 5.582085041913985579e-01
1.000000000000000000e+00 1.000000000000000000e+00 4.625803725369262986e-01 5.374196274630737014e-01
1.000000000000000000e+00 0.000000000000000000e+00 6.301821168594126110e-01 3.698178831405874445e-01
1.000000000000000000e+00 1.000000000000000000e+00 4.878262501829582209e-01 5.121737498170417791e-01
1.000000000000000000e+00 0.000000000000000000e+00 6.533297721020437931e-01 3.466702278979562069e-01
1.000000000000000000e+00 1.000000000000000000e+00 4.091155681751450501e-01 5.908844318248549499e-01
0.000000000000000000e+00 1.000000000000000000e+00 3.958313186221290580e-01 6.041686813778709420e-01
0.000000000000000000e+00 0.000000000000000000e+00 5.475686968265727206e-01 4.524313031734272794e-01
0.000000000000000000e+00 0.000000000000000000e+00 5.542594819073649592e-01 4.457405180926350408e-01
1.000000000000000000e+00 1.000000000000000000e+00 4.591605971083599913e-01 5.408394028916400087e-01
1.000000000000000000e+00 0.000000000000000000e+00 6.868274837566765711e-01 3.131725162433234289e-01
1.000000000000000000e+00 0.000000000000000000e+00 5.085666263632220296e-01 4.914333736367779149e-01
0.000000000000000000e+00 0.000000000000000000e+00 5.336140631172109350e-01 4.663859368827890650e-01
0.000000000000000000e+00 0.000000000000000000e+00 5.238877801957286806e-01 4.761122198042712639e-01
1.000000000000000000e+00 1.000000000000000000e+00 3.881627341198180536e-01 6.118372658801819464e-01
1.000000000000000000e+00 1.000000000000000000e+00 3.119349948632641478e-01 6.880650051367358522e-01
0.000000000000000000e+00 1.000000000000000000e+00 4.782320604123007080e-01 5.217679395876992920e-01
0.000000000000000000e+00 0.000000000000000000e+00 6.795976575785476204e-01 3.204023424214523796e-01
0.000000000000000000e+00 1.000000000000000000e+00 4.789474936245036174e-01 5.210525063754963826e-01
0.000000000000000000e+00 1.000000000000000000e+00 2.266672185422914376e-01 7.733327814577085624e-01
0.000000000000000000e+00 1.000000000000000000e+00 4.236603217114474074e-01 5.763396782885525926e-01
1.000000000000000000e+00 0.000000000000000000e+00 6.896990344587115018e-01 3.103009655412884427e-01
1.000000000000000000e+00 0.000000000000000000e+00 7.813286208985379400e-01 2.186713791014620045e-01
1.000000000000000000e+00 0.000000000000000000e+00 6.502757482957590707e-01 3.497242517042409293e-01
1.000000000000000000e+00 0.000000000000000000e+00 5.009727132752354040e-01 4.990272867247645960e-01
1.000000000000000000e+00 1.000000000000000000e+00 4.533724407734318618e-01 5.466275592265681382e-01
1.000000000000000000e+00 1.000000000000000000e+00 3.880070252549658871e-01 6.119929747450341129e-01
0.000000000000000000e+00 0.000000000000000000e+00 6.483645805341177182e-01 3.516354194658822818e-01
1.000000000000000000e+00 1.000000000000000000e+00 4.555568425669728194e-01 5.444431574330271806e-01
1.000000000000000000e+00 0.000000000000000000e+00 7.208999036854195630e-01 2.791000963145804370e-01
1.000000000000000000e+00 0.000000000000000000e+00 5.099877270930626150e-01 4.900122729069373850e-01
1.000000000000000000e+00 1.000000000000000000e+00 4.625115407322046845e-01 5.374884592677953155e-01
0.000000000000000000e+00 1.000000000000000000e+00 4.423107354375593880e-01 5.576892645624406120e-01
1.000000000000000000e+00 0.000000000000000000e+00 6.523198352957455537e-01 3.476801647042545018e-01
1.000000000000000000e+00 1.000000000000000000e+00 3.702751233973399225e-01 6.297248766026600775e-01
1.000000000000000000e+00 0.000000000000000000e+00 5.298994378648935744e-01 4.701005621351064812e-01
1.000000000000000000e+00 0.000000000000000000e+00 5.594674439529884191e-01 4.405325560470115809e-01
1.000000000000000000e+00 1.000000000000000000e+00 2.222666133811131983e-01 7.777333866188868017e-01
0.000000000000000000e+00 0.000000000000000000e+00 6.064436823124028653e-01 3.935563176875971347e-01
0.000000000000000000e+00 0.000000000000000000e+00 5.237184369366468806e-01 4.762815630633531194e-01
1.000000000000000000e+00 1.000000000000000000e+00 4.940103160163497042e-01 5.059896839836502958e-01
1.000000000000000000e+00 0.000000000000000000e+00 5.130505250500223546e-01 4.869494749499776454e-01
0.000000000000000000e+00 1.000000000000000000e+00 3.335478234150375254e-01 6.664521765849624746e-01
0.000000000000000000e+00 0.000000000000000000e+00 5.270608994691106108e-01 4.729391005308894447e-01
1.000000000000000000e+00 0.000000000000000000e+00 5.096662678871084484e-01 4.903337321128916071e-01
1.000000000000000000e+00 0.000000000000000000e+00 6.309457875403177152e-01 3.690542124596823403e-01
1.000000000000000000e+00 1.000000000000000000e+00 3.444261479337037413e-01 6.555738520662962587e-01
1.000000000000000000e+00 1.000000000000000000e+00 4.155037329423170167e-01 5.844962670576829833e-01
1.000000000000000000e+00 0.000000000000000000e+00 5.722805659712022486e-01 4.277194340287978069e-01
1.000000000000000000e+00 1.000000000000000000e+00 3.567776318110333911e-01 6.432223681889666089e-01
1.000000000000000000e+00 0.000000000000000000e+00 5.083061174230933954e-01 4.916938825769065491e-01
0.000000000000000000e+00 1.000000000000000000e+00 4.055407605994807430e-01 5.944592394005192570e-01
1.000000000000000000e+00 0.000000000000000000e+00 6.411915551876756769e-01 3.588084448123242676e-01
1.000000000000000000e+00 0.000000000000000000e+00 5.916295145662915367e-01 4.083704854337085188e-01
1.000000000000000000e+00 1.000000000000000000e+00 3.640877014183713234e-01 6.359122985816286766e-01
1.000000000000000000e+00 0.000000000000000000e+00 6.608022665356847458e-01 3.391977334643153097e-01
0.000000000000000000e+00 1.000000000000000000e+00 4.670372038830937766e-01 5.329627961169062234e-01
0.000000000000000000e+00 1.000000000000000000e+00 4.691510411444439477e-01 5.308489588555560523e-01
1.000000000000000000e+00 1.000000000000000000e+00 3.450757892424777262e-01 6.549242107575222738e-01
1.000000000000000000e+00 1.000000000000000000e+00 3.512609261037292763e-01 6.487390738962707237e-01
1.000000000000000000e+00 0.000000000000000000e+00 5.293518213921979410e-01 4.706481786078021146e-01
1.000000000000000000e+00 1.000000000000000000e+00 4.765231061500099230e-01 5.234768938499900770e-01
1.000000000000000000e+00 0.000000000000000000e+00 6.847661002589234824e-01 3.152338997410765176e-01
1.000000000000000000e+00 1.000000000000000000e+00 3.929737934898022145e-01 6.070262065101977855e-01
0.000000000000000000e+00 1.000000000000000000e+00 3.511499818532161088e-01 6.488500181467838912e-01
1.000000000000000000e+00 0.000000000000000000e+00 6.870232392199151494e-01 3.129767607800848506e-01
1.000000000000000000e+00 1.000000000000000000e+00 4.633739375525040005e-01 5.366260624474959995e-01
1.000000000000000000e+00 0.000000000000000000e+00 5.755081495022280613e-01 4.244918504977719387e-01
0.000000000000000000e+00 1.000000000000000000e+00 4.945694898965083963e-01 5.054305101034916037e-01
1.000000000000000000e+00 1.000000000000000000e+00 3.086857230002693075e-01 6.913142769997306925e-01
1.000000000000000000e+00 1.000000000000000000e+00 3.518515633138188381e-01 6.481484366861811619e-01
0.000000000000000000e+00 1.000000000000000000e+00 4.002150649183964237e-01 5.997849350816035763e-01
1.000000000000000000e+00 1.000000000000000000e+00 4.581030152628101648e-01 5.418969847371898352e-01
0.000000000000000000e+00 0.000000000000000000e+00 5.352443319278520351e-01 4.647556680721479649e-01
1.000000000000000000e+00 1.000000000000000000e+00 3.630080984245414033e-01 6.369919015754585967e-01
0.000000000000000000e+00 1.000000000000000000e+00 4.925440652043354683e-01 5.074559347956645317e-01
1.000000000000000000e+00 1.000000000000000000e+00 4.752009390632334629e-01 5.247990609367665371e-01
0.000000000000000000e+00 1.000000000000000000e+00 3.719062115260850510e-01 6.280937884739149490e-01
0.000000000000000000e+00 1.000000000000000000e+00 3.329159492184130542e-01 6.670840507815869458e-01
1.000000000000000000e+00 1.000000000000000000e+00 2.130726366193743671e-01 7.869273633806256329e-01
0.000000000000000000e+00 0.000000000000000000e+00 5.079267808085849989e-01 4.920732191914149456e-01
0.000000000000000000e+00 1.000000000000000000e+00 4.238174495897276683e-01 5.761825504102723317e-01
0.000000000000000000e+00 1.000000000000000000e+00 2.795989881150723333e-01 7.204010118849276667e-01
1.000000000000000000e+00 1.000000000000000000e+00 2.605139252547313822e-01 7.394860747452686178e-01
1.000000000000000000e+00 1.000000000000000000e+00 1.203695686268927423e-01 8.796304313731072577e-01
1.000000000000000000e+00 0.000000000000000000e+00 6.537369436181592608e-01 3.462630563818407392e-01
1.000000000000000000e+00 1.000000000000000000e+00 3.738628959437875210e-01 6.261371040562124790e-01
1.000000000000000000e+00 1.000000000000000000e+00 3.146274897016082539e-01 6.853725102983917461e-01
1.000000000000000000e+00 0.000000000000000000e+00 5.687115215932521117e-01 4.312884784067479438e-01
0.000000000000000000e+00 0.000000000000000000e+00 6.005262257851211594e-01 3.994737742148788406e-01
1.000000000000000000e+00 1.000000000000000000e+00 4.147481120099715257e-01 5.852518879900284743e-01
1.000000000000000000e+00 0.000000000000000000e+00 7.618641382607345136e-01 2.381358617392654586e-01
1.000000000000000000e+00 1.000000000000000000e+00 3.912657307476754553e-01 6.087342692523245447e-01
1.000000000000000000e+00 1.000000000000000000e+00 1.534542680797245096e-01 8.465457319202754904e-01
1.000000000000000000e+00 1.000000000000000000e+00 3.353186680484359083e-01 6.646813319515640917e-01
1.000000000000000000e+00 1.000000000000000000e+00 2.191997550325193167e-01 7.808002449674806833e-01
0.000000000000000000e+00 1.000000000000000000e+00 4.442271634058123642e-01 5.557728365941876358e-01
0.000000000000000000e+00 1.000000000000000000e+00 1.374692045461239909e-01 8.625307954538760091e-01
1.000000000000000000e+00 0.000000000000000000e+00 6.434947008539905200e-01 3.565052991460094800e-01
1.000000000000000000e+00 1.000000000000000000e+00 4.513577289695362982e-01 5.486422710304637018e-01
1.000000000000000000e+00 1.000000000000000000e+00 4.090740295960264561e-01 5.909259704039735439e-01
1.000000000000000000e+00 1.000000000000000000e+00 2.754971472859286674e-01 7.245028527140713326e-01
1.000000000000000000e+00 1.000000000000000000e+00 1.268733782028673707e-01 8.731266217971326293e-01
0.000000000000000000e+00 0.000000000000000000e+00 5.817470883207873644e-01 4.182529116792126356e-01
0.000000000000000000e+00 1.000000000000000000e+00 4.711235899113133119e-01 5.288764100886866881e-01
0.000000000000000000e+00 1.000000000000000000e+00 4.338217148416023683e-01 5.661782851583976317e-01
0.000000000000000000e+00 0.000000000000000000e+00 5.079276547386752938e-01 4.920723452613247062e-01
1.000000000000000000e+00 1.000000000000000000e+00 3.030989258690391930e-01 6.969010741309608070e-01
1.000000000000000000e+00 1.000000000000000000e+00 4.492839568669594330e-01 5.507160431330405670e-01
1.000000000000000000e+00 0.000000000000000000e+00 5.018607739029843362e-01 4.981392260970156638e-01
1.000000000000000000e+00 1.000000000000000000e+00 2.680562986482630805e-01 7.319437013517369195e-01
1.000000000000000000e+00 1.000000000000000000e+00 3.911848215683833008e-01 6.088151784316166992e-01
1.000000000000000000e+00 1.000000000000000000e+00 2.702300304547842202e-01 7.297699695452157798e-01
0.000000000000000000e+00 0.000000000000000000e+00 5.457972266025781227e-01 4.542027733974219328e-01
1.000000000000000000e+00 1.000000000000000000e+00 4.332202697241981371e-01 5.667797302758018629e-01
0.000000000000000000e+00 0.000000000000000000e+00 5.664143575685456344e-01 4.335856424314544211e-01
0.000000000000000000e+00 0.000000000000000000e+00 5.354270813920071204e-01 4.645729186079928796e-01
0.000000000000000000e+00 0.000000000000000000e+00 8.131500561389783943e-01 1.868499438610215502e-01
0.000000000000000000e+00 1.000000000000000000e+00 2.280891329305525517e-01 7.719108670694474483e-01
1.000000000000000000e+00 0.000000000000000000e+00 5.009463256994532987e-01 4.990536743005467568e-01
1.000000000000000000e+00 1.000000000000000000e+00 3.103066664042664069e-01 6.896933335957335931e-01
0.000000000000000000e+00 0.000000000000000000e+00 6.415025736929909073e-01 3.584974263070090372e-01
0.000000000000000000e+00 1.000000000000000000e+00 4.697917942137485037e-01 5.302082057862514963e-01
1.000000000000000000e+00 0.000000000000000000e+00 5.521797442711517956e-01 4.478202557288482044e-01
1.000000000000000000e+00 0.000000000000000000e+00 8.480592738199927982e-01 1.519407261800072295e-01
1.000000000000000000e+00 0.000000000000000000e+00 5.252767031483606130e-01 4.747232968516393870e-01
1.000000000000000000e+00 0.000000000000000000e+00 8.492230280368630035e-01 1.507769719631369965e-01
0.000000000000000000e+00 1.000000000000000000e+00 2.071720928659525063e-01 7.928279071340474937e-01
1.000000000000000000e+00 0.000000000000000000e+00 5.469930041646584584e-01 4.530069958353414861e-01
1.000000000000000000e+00 1.000000000000000000e+00 4.518260176913173609e-01 5.481739823086826391e-01
0.000000000000000000e+00 0.000000000000000000e+00 5.704875916799451163e-01 4.295124083200548837e-01
0.000000000000000000e+00 0.000000000000000000e+00 5.941463278867809006e-01 4.058536721132191549e-01
0.000000000000000000e+00 1.000000000000000000e+00 3.995247967322690386e-01 6.004752032677309614e-01
1.000000000000000000e+00 0.000000000000000000e+00 6.042420092673628229e-01 3.957579907326371771e-01
0.000000000000000000e+00 1.000000000000000000e+00 4.299661107329141307e-01 5.700338892670858693e-01
0.000000000000000000e+00 0.000000000000000000e+00 6.240051812223214034e-01 3.759948187776785966e-01
1.000000000000000000e+00 0.000000000000000000e+00 8.445722433171602983e-01 1.554277566828396462e-01
1.000000000000000000e+00 1.000000000000000000e+00 4.905059121790197318e-01 5.094940878209802682e-01
1.000000000000000000e+00 1.000000000000000000e+00 2.020792133620955555e-01 7.979207866379044445e-01
1.000000000000000000e+00 1.000000000000000000e+00 3.634853270702737005e-01 6.365146729297262995e-01
0.000000000000000000e+00 1.000000000000000000e+00 4.373090135068374851e-01 5.626909864931625149e-01
1.000000000000000000e+00 0.000000000000000000e+00 6.307447791336058263e-01 3.692552208663942293e-01
1.000000000000000000e+00 1.000000000000000000e+00 3.588192056640500116e-01 6.411807943359499884e-01
1.000000000000000000e+00 0.000000000000000000e+00 7.994001105647291494e-01 2.005998894352708506e-01
1.000000000000000000e+00 0.000000000000000000e+00 5.463345845552471935e-01 4.536654154447528620e-01
1.000000000000000000e+00 1.000000000000000000e+00 3.684345955114436411e-01 6.315654044885563589e-01
1.000000000000000000e+00 1.000000000000000000e+00 2.853753160716397952e-01 7.146246839283602048e-01
1.000000000000000000e+00 1.000000000000000000e+00 2.595136247652475303e-01 7.404863752347524697e-01
1.000000000000000000e+00 0.000000000000000000e+00 6.353327158395795093e-01 3.646672841604204907e-01
0.000000000000000000e+00 0.000000000000000000e+00 6.127472812885261799e-01 3.872527187114738756e-01
1.000000000000000000e+00 1.000000000000000000e+00 1.880824502445733737e-01 8.119175497554266263e-01
1.000000000000000000e+00 1.000000000000000000e+00 4.945631989245274918e-01 5.054368010754725082e-01
0.000000000000000000e+00 0.000000000000000000e+00 5.311559536782990421e-01 4.688440463217009024e-01
0.000000000000000000e+00 0.000000000000000000e+00 7.983268234520638496e-01 2.016731765479361227e-01
1.000000000000000000e+00 0.000000000000000000e+00 6.441782849096979735e-01 3.558217150903019710e-01
1.000000000000000000e+00 0.000000000000000000e+00 5.815074465547045435e-01 4.184925534452954010e-01
1.000000000000000000e+00 1.000000000000000000e+00 2.141163135057798650e-01 7.858836864942201350e-01
0.000000000000000000e+00 0.000000000000000000e+00 5.797417489806295787e-01 4.202582510193704213e-01
1.000000000000000000e+00 0.000000000000000000e+00 6.049895658000139509e-01 3.950104341999861046e-01
1.000000000000000000e+00 0.000000000000000000e+00 7.726020671602820133e-01 2.273979328397180144e-01
0.000000000000000000e+00 1.000000000000000000e+00 4.851256184566714591e-01 5.148743815433285409e-01
0.000000000000000000e+00 0.000000000000000000e+00 6.431666688748784999e-01 3.568333311251215001e-01
1.000000000000000000e+00 1.000000000000000000e+00 4.281369714998379816e-01 5.718630285001620184e-01
1.000000000000000000e+00 0.000000000000000000e+00 6.668053040464314574e-01 3.331946959535684871e-01
1.000000000000000000e+00 0.000000000000000000e+00 5.705270583170347631e-01 4.294729416829651814e-01
1.000000000000000000e+00 1.000000000000000000e+00 3.968072877260729880e-01 6.031927122739270120e-01
0.000000000000000000e+00 0.000000000000000000e+00 7.275842378681234290e-01 2.724157621318766265e-01
1.000000000000000000e+00 0.000000000000000000e+00 6.437582940773335372e-01 3.562417059226664628e-01
0.000000000000000000e+00 0.000000000000000000e+00 5.828924864762939917e-01 4.171075135237060083e-01
1.000000000000000000e+00 0.000000000000000000e+00 5.757952403928586760e-01 4.242047596071413240e-01
