1.000000000000000000e+00 1.000000000000000000e+00 2.999999999999999889e-01 6.999999999999999556e-01
1.000000000000000000e+00 1.000000000000000000e+00 4.888888888888888729e-01 5.111111111111110716e-01
1.000000000000000000e+00 0.000000000000000000e+00 8.444444444444444420e-01 1.555555555555555580e-01
0.000000000000000000e+00 1.000000000000000000e+00 4.777777777777778012e-01 5.222222222222222543e-01
1.000000000000000000e+00 1.000000000000000000e+00 4.444444444444444198e-01 5.555555555555555802e-01
1.000000000000000000e+00 1.000000000000000000e+00 4.777777777777778012e-01 5.222222222222222543e-01
1.000000000000000000e+00 1.000000000000000000e+00 2.666666666666666630e-01 7.333333333333332815e-01
1.000000000000000000e+00 1.000000000000000000e+00 3.333333333333333148e-01 6.666666666666666297e-01
0.000000000000000000e+00 1.000000000000000000e+00 3.333333333333333148e-01 6.666666666666666297e-01
0.000000000000000000e+00 1.000000000000000000e+00 4.555555555555555469e-01 5.444444444444443976e-01
1.000000000000000000e+00 1.000000000000000000e+00 4.333333333333333481e-01 5.666666666666666519e-01
1.000000000000000000e+00 1.000000000000000000e+00 2.555555555555555358e-01 7.444444444444444642e-01
0.000000000000000000e+00 1.000000000000000000e+00 4.222222222222222210e-01 5.777777777777777235e-01
1.000000000000000000e+00 1.000000000000000000e+00 3.888888888888888951e-01 6.111111111111111605e-01
0.000000000000000000e+00 1.000000000000000000e+00 2.777777777777777901e-01 7.222222222222222099e-01
1.000000000000000000e+00 0.000000000000000000e+00 7.111111111111111382e-01 2.888888888888888618e-01
1.000000000000000000e+00 1.000000000000000000e+00 2.999999999999999889e-01 6.999999999999999556e-01
1.000000000000000000e+00 1.000000000000000000e+00 2.444444444444444364e-01 7.555555555555555358e-01
1.000000000000000000e+00 1.000000000000000000e+00 4.000000000000000222e-01 5.999999999999999778e-01
0.000000000000000000e+00 1.000000000000000000e+00 3.888888888888888951e-01 6.111111111111111605e-01
0.000000000000000000e+00 0.000000000000000000e+00 5.333333333333333259e-01 4.666666666666666741e-01
1.000000000000000000e+00 0.000000000000000000e+00 7.666666666666667185e-01 2.333333333333333370e-01
1.000000000000000000e+00 1.000000000000000000e+00 3.111111111111111160e-01 6.888888888888888840e-01
1.000000000000000000e+00 1.000000000000000000e+00 2.000000000000000111e-01 8.000000000000000444e-01
0.000000000000000000e+00 0.000000000000000000e+00 5.111111111111110716e-01 4.888888888888888729e-01
1.000000000000000000e+00 1.000000000000000000e+00 4.000000000000000222e-01 5.999999999999999778e-01
1.000000000000000000e+00 0.000000000000000000e+00 5.000000000000000000e-01 5.000000000000000000e-01
1.000000000000000000e+00 0.000000000000000000e+00 5.222222222222222543e-01 4.777777777777778012e-01
0.000000000000000000e+00 1.000000000000000000e+00 4.777777777777778012e-01 5.222222222222222543e-01
1.000000000000000000e+00 1.000000000000000000e+00 3.333333333333333148e-01 6.666666666666666297e-01
1.000000000000000000e+00 1.000000000000000000e+00 4.555555555555555469e-01 5.444444444444443976e-01
0.000000000000000000e+00 1.000000000000000000e+00 2.555555555555555358e-01 7.444444444444444642e-01
1.000000000000000000e+00 1.000000000000000000e+00 3.333333333333333148e-01 6.666666666666666297e-01
1.000000000000000000e+00 0.000000000000000000e+00 5.000000000000000000e-01 5.000000000000000000e-01
1.000000000000000000e+00 1.000000000000000000e+00 4.888888888888888729e-01 5.111111111111110716e-01
1.000000000000000000e+00 1.000000000000000000e+00 3.777777777777777679e-01 6.222222222222222321e-01
1.000000000000000000e+00 0.000000000000000000e+00 5.000000000000000000e-01 5.000000000000000000e-01
1.000000000000000000e+00 1.000000000000000000e+00 4.888888888888888729e-01 5.111111111111110716e-01
0.000000000000000000e+00 1.000000000000000000e+00 1.888888888888888840e-01 8.111111111111111160e-01
0.000000000000000000e+00 1.000000000000000000e+00 4.888888888888888729e-01 5.111111111111110716e-01
1.000000000000000000e+00 1.000000000000000000e+00 2.666666666666666630e-01 7.333333333333332815e-01
0.000000000000000000e+00 1.000000000000000000e+00 4.111111111111110938e-01 5.888888888888889062e-01
1.000000000000000000e+00 1.000000000000000000e+00 2.999999999999999889e-01 6.999999999999999556e-01
0.000000000000000000e+00 1.000000000000000000e+00 3.555555555555555691e-01 6.444444444444444864e-01
1.000000000000000000e+00 1.000000000000000000e+00 4.444444444444444198e-01 5.555555555555555802e-01
1.000000000000000000e+00 1.000000000000000000e+00 2.666666666666666630e-01 7.333333333333332815e-01
0.000000000000000000e+00 1.000000000000000000e+00 3.111111111111111160e-01 6.888888888888888840e-01
1.000000000000000000e+00 1.000000000000000000e+00 3.444444444444444420e-01 6.555555555555555580e-01
1.000000000000000000e+00 1.000000000000000000e+00 2.999999999999999889e-01 6.999999999999999556e-01
1.000000000000000000e+00 1.000000000000000000e+00 2.777777777777777901e-01 7.222222222222222099e-01
0.000000000000000000e+00 0.000000000000000000e+00 7.333333333333332815e-01 2.666666666666666630e-01
1.000000000000000000e+00 0.000000000000000000e+00 7.444444444444444642e-01 2.555555555555555358e-01
1.000000000000000000e+00 1.000000000000000000e+00 2.222222222222222099e-01 7.777777777777777901e-01
0.000000000000000000e+00 1.000000000000000000e+00 3.777777777777777679e-01 6.222222222222222321e-01
1.000000000000000000e+00 0.000000000000000000e+00 5.999999999999999778e-01 4.000000000000000222e-01
1.000000000000000000e+00 1.000000000000000000e+00 4.333333333333333481e-01 5.666666666666666519e-01
1.000000000000000000e+00 1.000000000000000000e+00 3.222222222222222432e-01 6.777777777777778123e-01
0.000000000000000000e+00 1.000000000000000000e+00 4.555555555555555469e-01 5.444444444444443976e-01
0.000000000000000000e+00 1.000000000000000000e+00 2.999999999999999889e-01 6.999999999999999556e-01
1.000000000000000000e+00 1.000000000000000000e+00 2.666666666666666630e-01 7.333333333333332815e-01
1.000000000000000000e+00 1.000000000000000000e+00 3.777777777777777679e-01 6.222222222222222321e-01
1.000000000000000000e+00 1.000000000000000000e+00 3.555555555555555691e-01 6.444444444444444864e-01
0.000000000000000000e+00 1.000000000000000000e+00 4.222222222222222210e-01 5.777777777777777235e-01
0.000000000000000000e+00 1.000000000000000000e+00 4.888888888888888729e-01 5.111111111111110716e-01
1.000000000000000000e+00 1.000000000000000000e+00 4.555555555555555469e-01 5.444444444444443976e-01
0.000000000000000000e+00 1.000000000000000000e+00 2.777777777777777901e-01 7.222222222222222099e-01
1.000000000000000000e+00 0.000000000000000000e+00 6.666666666666666297e-01 3.333333333333333148e-01
1.000000000000000000e+00 1.000000000000000000e+00 3.777777777777777679e-01 6.222222222222222321e-01
1.000000000000000000e+00 1.000000000000000000e+00 3.333333333333333148e-01 6.666666666666666297e-01
1.000000000000000000e+00 1.000000000000000000e+00 2.777777777777777901e-01 7.222222222222222099e-01
1.000000000000000000e+00 1.000000000000000000e+00 4.777777777777778012e-01 5.222222222222222543e-01
0.000000000000000000e+00 1.000000000000000000e+00 2.555555555555555358e-01 7.444444444444444642e-01
1.000000000000000000e+00 0.000000000000000000e+00 5.999999999999999778e-01 4.000000000000000222e-01
1.000000000000000000e+00 1.000000000000000000e+00 2.222222222222222099e-01 7.777777777777777901e-01
0.000000000000000000e+00 1.000000000000000000e+00 2.333333333333333370e-01 7.666666666666667185e-01
1.000000000000000000e+00 1.000000000000000000e+00 4.222222222222222210e-01 5.777777777777777235e-01
1.000000000000000000e+00 1.000000000000000000e+00 4.555555555555555469e-01 5.444444444444443976e-01
1.000000000000000000e+00 1.000000000000000000e+00 4.777777777777778012e-01 5.222222222222222543e-01
0.000000000000000000e+00 1.000000000000000000e+00 4.000000000000000222e-01 5.999999999999999778e-01
0.000000000000000000e+00 1.000000000000000000e+00 3.555555555555555691e-01 6.444444444444444864e-01
1.000000000000000000e+00 1.000000000000000000e+00 4.777777777777778012e-01 5.222222222222222543e-01
1.000000000000000000e+00 1.000000000000000000e+00 3.666666666666666408e-01 6.333333333333333037e-01
0.000000000000000000e+00 1.000000000000000000e+00 4.000000000000000222e-01 5.999999999999999778e-01
1.000000000000000000e+00 1.000000000000000000e+00 4.000000000000000222e-01 5.999999999999999778e-01
1.000000000000000000e+00 0.000000000000000000e+00 5.111111111111110716e-01 4.888888888888888729e-01
0.000000000000000000e+00 1.000000000000000000e+00 4.777777777777778012e-01 5.222222222222222543e-01
1.000000000000000000e+00 1.000000000000000000e+00 4.000000000000000222e-01 5.999999999999999778e-01
1.000000000000000000e+00 1.000000000000000000e+00 2.444444444444444364e-01 7.555555555555555358e-01
0.000000000000000000e+00 1.000000000000000000e+00 2.111111111111111105e-01 7.888888888888888618e-01
1.000000000000000000e+00 1.000000000000000000e+00 2.666666666666666630e-01 7.333333333333332815e-01
1.000000000000000000e+00 1.000000000000000000e+00 3.777777777777777679e-01 6.222222222222222321e-01
0.000000000000000000e+00 1.000000000000000000e+00 4.888888888888888729e-01 5.111111111111110716e-01
1.000000000000000000e+00 1.000000000000000000e+00 4.333333333333333481e-01 5.666666666666666519e-01
1.000000000000000000e+00 0.000000000000000000e+00 5.555555555555555802e-01 4.444444444444444198e-01
1.000000000000000000e+00 1.000000000000000000e+00 4.222222222222222210e-01 5.777777777777777235e-01
1.000000000000000000e+00 1.000000000000000000e+00 4.111111111111110938e-01 5.888888888888889062e-01
0.000000000000000000e+00 1.000000000000000000e+00 3.777777777777777679e-01 6.222222222222222321e-01
1.000000000000000000e+00 1.000000000000000000e+00 3.555555555555555691e-01 6.444444444444444864e-01
1.000000000000000000e+00 1.000000000000000000e+00 1.666666666666666574e-01 8.333333333333333703e-01
1.000000000000000000e+00 1.000000000000000000e+00 4.333333333333333481e-01 5.666666666666666519e-01
0.000000000000000000e+00 0.000000000000000000e+00 5.000000000000000000e-01 5.000000000000000000e-01
0.000000000000000000e+00 0.000000000000000000e+00 7.399999999999999911e-01 2.600000000000000089e-01
0.000000000000000000e+00 0.000000000000000000e+00 8.000000000000000444e-01 2.000000000000000111e-01
0.000000000000000000e+00 0.000000000000000000e+00 5.000000000000000000e-01 5.000000000000000000e-01
1.000000000000000000e+00 1.000000000000000000e+00 2.600000000000000089e-01 7.399999999999999911e-01
0.000000000000000000e+00 1.000000000000000000e+00 3.400000000000000244e-01 6.600000000000000311e-01
1.000000000000000000e+00 1.000000000000000000e+00 4.400000000000000022e-01 5.600000000000000533e-01
1.000000000000000000e+00 1.000000000000000000e+00 2.600000000000000089e-01 7.399999999999999911e-01
1.000000000000000000e+00 1.000000000000000000e+00 2.800000000000000266e-01 7.199999999999999734e-01
1.000000000000000000e+00 1.000000000000000000e+00 2.999999999999999889e-01 6.999999999999999556e-01
0.000000000000000000e+00 1.000000000000000000e+00 2.800000000000000266e-01 7.199999999999999734e-01
1.000000000000000000e+00 1.000000000000000000e+00 4.400000000000000022e-01 5.600000000000000533e-01
1.000000000000000000e+00 1.000000000000000000e+00 2.200000000000000011e-01 7.800000000000000266e-01
1.000000000000000000e+00 0.000000000000000000e+00 5.600000000000000533e-01 4.400000000000000022e-01
1.000000000000000000e+00 1.000000000000000000e+00 4.600000000000000200e-01 5.400000000000000355e-01
1.000000000000000000e+00 1.000000000000000000e+00 2.200000000000000011e-01 7.800000000000000266e-01
1.000000000000000000e+00 1.000000000000000000e+00 2.200000000000000011e-01 7.800000000000000266e-01
1.000000000000000000e+00 1.000000000000000000e+00 3.200000000000000067e-01 6.800000000000000488e-01
0.000000000000000000e+00 0.000000000000000000e+00 8.800000000000000044e-01 1.199999999999999956e-01
1.000000000000000000e+00 1.000000000000000000e+00 4.000000000000000222e-01 5.999999999999999778e-01
1.000000000000000000e+00 0.000000000000000000e+00 5.799999999999999600e-01 4.199999999999999845e-01
1.000000000000000000e+00 0.000000000000000000e+00 5.799999999999999600e-01 4.199999999999999845e-01
1.000000000000000000e+00 1.000000000000000000e+00 2.600000000000000089e-01 7.399999999999999911e-01
1.000000000000000000e+00 1.000000000000000000e+00 4.799999999999999822e-01 5.200000000000000178e-01
0.000000000000000000e+00 1.000000000000000000e+00 4.799999999999999822e-01 5.200000000000000178e-01
0.000000000000000000e+00 1.000000000000000000e+00 4.400000000000000022e-01 5.600000000000000533e-01
1.000000000000000000e+00 1.000000000000000000e+00 1.199999999999999956e-01 8.800000000000000044e-01
1.000000000000000000e+00 0.000000000000000000e+00 6.999999999999999556e-01 2.999999999999999889e-01
1.000000000000000000e+00 1.000000000000000000e+00 3.800000000000000044e-01 6.199999999999999956e-01
1.000000000000000000e+00 1.000000000000000000e+00 3.800000000000000044e-01 6.199999999999999956e-01
0.000000000000000000e+00 0.000000000000000000e+00 6.400000000000000133e-01 3.599999999999999867e-01
1.000000000000000000e+00 1.000000000000000000e+00 3.200000000000000067e-01 6.800000000000000488e-01
0.000000000000000000e+00 0.000000000000000000e+00 5.600000000000000533e-01 4.400000000000000022e-01
0.000000000000000000e+00 0.000000000000000000e+00 5.400000000000000355e-01 4.600000000000000200e-01
0.000000000000000000e+00 1.000000000000000000e+00 4.400000000000000022e-01 5.600000000000000533e-01
1.000000000000000000e+00 1.000000000000000000e+00 2.200000000000000011e-01 7.800000000000000266e-01
0.000000000000000000e+00 0.000000000000000000e+00 5.200000000000000178e-01 4.799999999999999822e-01
1.000000000000000000e+00 0.000000000000000000e+00 5.400000000000000355e-01 4.600000000000000200e-01
1.000000000000000000e+00 0.000000000000000000e+00 6.600000000000000311e-01 3.400000000000000244e-01
0.000000000000000000e+00 1.000000000000000000e+00 2.399999999999999911e-01 7.600000000000000089e-01
0.000000000000000000e+00 1.000000000000000000e+00 2.399999999999999911e-01 7.600000000000000089e-01
1.000000000000000000e+00 0.000000000000000000e+00 5.600000000000000533e-01 4.400000000000000022e-01
0.000000000000000000e+00 1.000000000000000000e+00 1.799999999999999933e-01 8.199999999999999512e-01
1.000000000000000000e+00 0.000000000000000000e+00 8.000000000000000444e-01 2.000000000000000111e-01
0.000000000000000000e+00 1.000000000000000000e+00 2.999999999999999889e-01 6.999999999999999556e-01
1.000000000000000000e+00 1.000000000000000000e+00 2.200000000000000011e-01 7.800000000000000266e-01
0.000000000000000000e+00 1.000000000000000000e+00 3.400000000000000244e-01 6.600000000000000311e-01
1.000000000000000000e+00 1.000000000000000000e+00 4.400000000000000022e-01 5.600000000000000533e-01
1.000000000000000000e+00 1.000000000000000000e+00 2.200000000000000011e-01 7.800000000000000266e-01
1.000000000000000000e+00 1.000000000000000000e+00 3.200000000000000067e-01 6.800000000000000488e-01
1.000000000000000000e+00 0.000000000000000000e+00 7.800000000000000266e-01 2.200000000000000011e-01
1.000000000000000000e+00 0.000000000000000000e+00 5.999999999999999778e-01 4.000000000000000222e-01
1.000000000000000000e+00 1.000000000000000000e+00 3.200000000000000067e-01 6.800000000000000488e-01
0.000000000000000000e+00 1.000000000000000000e+00 4.400000000000000022e-01 5.600000000000000533e-01
1.000000000000000000e+00 1.000000000000000000e+00 2.399999999999999911e-01 7.600000000000000089e-01
0.000000000000000000e+00 1.000000000000000000e+00 3.200000000000000067e-01 6.800000000000000488e-01
1.000000000000000000e+00 0.000000000000000000e+00 6.600000000000000311e-01 3.400000000000000244e-01
1.000000000000000000e+00 1.000000000000000000e+00 4.600000000000000200e-01 5.400000000000000355e-01
1.000000000000000000e+00 0.000000000000000000e+00 7.399999999999999911e-01 2.600000000000000089e-01
0.000000000000000000e+00 0.000000000000000000e+00 6.400000000000000133e-01 3.599999999999999867e-01
0.000000000000000000e+00 1.000000000000000000e+00 2.600000000000000089e-01 7.399999999999999911e-01
0.000000000000000000e+00 1.000000000000000000e+00 4.600000000000000200e-01 5.400000000000000355e-01
0.000000000000000000e+00 1.000000000000000000e+00 4.799999999999999822e-01 5.200000000000000178e-01
0.000000000000000000e+00 1.000000000000000000e+00 1.400000000000000133e-01 8.599999999999999867e-01
1.000000000000000000e+00 0.000000000000000000e+00 5.000000000000000000e-01 5.000000000000000000e-01
1.000000000000000000e+00 1.000000000000000000e+00 4.799999999999999822e-01 5.200000000000000178e-01
0.000000000000000000e+00 0.000000000000000000e+00 8.399999999999999689e-01 1.600000000000000033e-01
1.000000000000000000e+00 1.000000000000000000e+00 8.000000000000000167e-02 9.200000000000000400e-01
0.000000000000000000e+00 0.000000000000000000e+00 5.000000000000000000e-01 5.000000000000000000e-01
1.000000000000000000e+00 0.000000000000000000e+00 6.400000000000000133e-01 3.599999999999999867e-01
1.000000000000000000e+00 1.000000000000000000e+00 3.800000000000000044e-01 6.199999999999999956e-01
1.000000000000000000e+00 0.000000000000000000e+00 5.799999999999999600e-01 4.199999999999999845e-01
1.000000000000000000e+00 1.000000000000000000e+00 4.799999999999999822e-01 5.200000000000000178e-01
1.000000000000000000e+00 0.000000000000000000e+00 5.799999999999999600e-01 4.199999999999999845e-01
1.000000000000000000e+00 1.000000000000000000e+00 3.200000000000000067e-01 6.800000000000000488e-01
1.000000000000000000e+00 0.000000000000000000e+00 5.000000000000000000e-01 5.000000000000000000e-01
0.000000000000000000e+00 0.000000000000000000e+00 5.400000000000000355e-01 4.600000000000000200e-01
1.000000000000000000e+00 1.000000000000000000e+00 4.199999999999999845e-01 5.799999999999999600e-01
1.000000000000000000e+00 1.000000000000000000e+00 4.400000000000000022e-01 5.600000000000000533e-01
1.000000000000000000e+00 0.000000000000000000e+00 7.199999999999999734e-01 2.800000000000000266e-01
1.000000000000000000e+00 1.000000000000000000e+00 2.800000000000000266e-01 7.199999999999999734e-01
1.000000000000000000e+00 1.000000000000000000e+00 4.000000000000000222e-01 5.999999999999999778e-01
1.000000000000000000e+00 1.000000000000000000e+00 4.000000000000000222e-01 5.999999999999999778e-01
1.000000000000000000e+00 0.000000000000000000e+00 5.600000000000000533e-01 4.400000000000000022e-01
1.000000000000000000e+00 1.000000000000000000e+00 4.400000000000000022e-01 5.600000000000000533e-01
0.000000000000000000e+00 1.000000000000000000e+00 2.800000000000000266e-01 7.199999999999999734e-01
1.000000000000000000e+00 1.000000000000000000e+00 3.800000000000000044e-01 6.199999999999999956e-01
0.000000000000000000e+00 0.000000000000000000e+00 8.199999999999999512e-01 1.799999999999999933e-01
0.000000000000000000e+00 1.000000000000000000e+00 2.399999999999999911e-01 7.600000000000000089e-01
0.000000000000000000e+00 0.000000000000000000e+00 6.600000000000000311e-01 3.400000000000000244e-01
1.000000000000000000e+00 1.000000000000000000e+00 1.000000000000000056e-01 9.000000000000000222e-01
1.000000000000000000e+00 1.000000000000000000e+00 2.800000000000000266e-01 7.199999999999999734e-01
0.000000000000000000e+00 1.000000000000000000e+00 2.000000000000000111e-01 8.000000000000000444e-01
1.000000000000000000e+00 1.000000000000000000e+00 1.400000000000000133e-01 8.599999999999999867e-01
0.000000000000000000e+00 1.000000000000000000e+00 3.599999999999999867e-01 6.400000000000000133e-01
1.000000000000000000e+00 1.000000000000000000e+00 2.200000000000000011e-01 7.800000000000000266e-01
1.000000000000000000e+00 1.000000000000000000e+00 2.800000000000000266e-01 7.199999999999999734e-01
1.000000000000000000e+00 1.000000000000000000e+00 2.800000000000000266e-01 7.199999999999999734e-01
0.000000000000000000e+00 1.000000000000000000e+00 4.600000000000000200e-01 5.400000000000000355e-01
1.000000000000000000e+00 0.000000000000000000e+00 5.200000000000000178e-01 4.799999999999999822e-01
1.000000000000000000e+00 0.000000000000000000e+00 5.058823529411764497e-01 4.941176470588235503e-01
1.000000000000000000e+00 1.000000000000000000e+00 4.117647058823529216e-01 5.882352941176470784e-01
0.000000000000000000e+00 0.000000000000000000e+00 5.647058823529411686e-01 4.352941176470588314e-01
1.000000000000000000e+00 0.000000000000000000e+00 5.000000000000000000e-01 5.000000000000000000e-01
1.000000000000000000e+00 1.000000000000000000e+00 2.999999999999999889e-01 6.999999999999999556e-01
1.000000000000000000e+00 0.000000000000000000e+00 6.647058823529411464e-01 3.352941176470587981e-01
0.000000000000000000e+00 1.000000000000000000e+00 1.823529411764705788e-01 8.176470588235293935e-01
1.000000000000000000e+00 1.000000000000000000e+00 3.588235294117647078e-01 6.411764705882353477e-01
0.000000000000000000e+00 1.000000000000000000e+00 2.470588235294117752e-01 7.529411764705882248e-01
1.000000000000000000e+00 1.000000000000000000e+00 4.000000000000000222e-01 5.999999999999999778e-01
0.000000000000000000e+00 1.000000000000000000e+00 4.470588235294117863e-01 5.529411764705882693e-01
0.000000000000000000e+00 1.000000000000000000e+00 3.823529411764705621e-01 6.176470588235294379e-01
1.000000000000000000e+00 1.000000000000000000e+00 3.647058823529411575e-01 6.352941176470587870e-01
0.000000000000000000e+00 0.000000000000000000e+00 5.000000000000000000e-01 5.000000000000000000e-01
0.000000000000000000e+00 1.000000000000000000e+00 4.117647058823529216e-01 5.882352941176470784e-01
0.000000000000000000e+00 1.000000000000000000e+00 1.764705882352941291e-01 8.235294117647058432e-01
0.000000000000000000e+00 1.000000000000000000e+00 3.529411764705882582e-01 6.470588235294117974e-01
0.000000000000000000e+00 0.000000000000000000e+00 6.411764705882353477e-01 3.588235294117647078e-01
1.000000000000000000e+00 1.000000000000000000e+00 4.823529411764705954e-01 5.176470588235294601e-01
1.000000000000000000e+00 1.000000000000000000e+00 2.000000000000000111e-01 8.000000000000000444e-01
1.000000000000000000e+00 0.000000000000000000e+00 6.411764705882353477e-01 3.588235294117647078e-01
0.000000000000000000e+00 1.000000000000000000e+00 3.705882352941176627e-01 6.294117647058823373e-01
1.000000000000000000e+00 1.000000000000000000e+00 4.235294117647058765e-01 5.764705882352940680e-01
1.000000000000000000e+00 0.000000000000000000e+00 7.882352941176470340e-01 2.117647058823529382e-01
1.000000000000000000e+00 1.000000000000000000e+00 4.941176470588235503e-01 5.058823529411764497e-01
0.000000000000000000e+00 1.000000000000000000e+00 2.941176470588235392e-01 7.058823529411765163e-01
1.000000000000000000e+00 1.000000000000000000e+00 4.117647058823529216e-01 5.882352941176470784e-01
1.000000000000000000e+00 0.000000000000000000e+00 6.176470588235294379e-01 3.823529411764705621e-01
1.000000000000000000e+00 1.000000000000000000e+00 4.588235294117646856e-01 5.411764705882352589e-01
0.000000000000000000e+00 0.000000000000000000e+00 5.882352941176470784e-01 4.117647058823529216e-01
1.000000000000000000e+00 0.000000000000000000e+00 6.882352941176470562e-01 3.117647058823529438e-01
0.000000000000000000e+00 1.000000000000000000e+00 1.588235294117646967e-01 8.411764705882353033e-01
1.000000000000000000e+00 1.000000000000000000e+00 2.941176470588235392e-01 7.058823529411765163e-01
1.000000000000000000e+00 1.000000000000000000e+00 2.999999999999999889e-01 6.999999999999999556e-01
0.000000000000000000e+00 1.000000000000000000e+00 8.235294117647058709e-02 9.176470588235293713e-01
1.000000000000000000e+00 1.000000000000000000e+00 1.764705882352941291e-01 8.235294117647058432e-01
1.000000000000000000e+00 0.000000000000000000e+00 5.999999999999999778e-01 4.000000000000000222e-01
1.000000000000000000e+00 1.000000000000000000e+00 3.529411764705882582e-01 6.470588235294117974e-01
0.000000000000000000e+00 0.000000000000000000e+00 7.764705882352941346e-01 2.235294117647058931e-01
0.000000000000000000e+00 1.000000000000000000e+00 4.647058823529411908e-01 5.352941176470588092e-01
1.000000000000000000e+00 1.000000000000000000e+00 3.470588235294117530e-01 6.529411764705882470e-01
0.000000000000000000e+00 1.000000000000000000e+00 4.588235294117646856e-01 5.411764705882352589e-01
1.000000000000000000e+00 0.000000000000000000e+00 5.235294117647059098e-01 4.764705882352940902e-01
1.000000000000000000e+00 0.000000000000000000e+00 6.529411764705882470e-01 3.470588235294117530e-01
1.000000000000000000e+00 1.000000000000000000e+00 3.647058823529411575e-01 6.352941176470587870e-01
0.000000000000000000e+00 1.000000000000000000e+00 2.352941176470588203e-01 7.647058823529411242e-01
1.000000000000000000e+00 0.000000000000000000e+00 5.705882352941176183e-01 4.294117647058823262e-01
1.000000000000000000e+00 1.000000000000000000e+00 4.352941176470588314e-01 5.647058823529411686e-01
0.000000000000000000e+00 1.000000000000000000e+00 2.235294117647058931e-01 7.764705882352941346e-01
1.000000000000000000e+00 1.000000000000000000e+00 4.352941176470588314e-01 5.647058823529411686e-01
1.000000000000000000e+00 1.000000000000000000e+00 4.176470588235294268e-01 5.823529411764706287e-01
1.000000000000000000e+00 1.000000000000000000e+00 2.352941176470588203e-01 7.647058823529411242e-01
0.000000000000000000e+00 1.000000000000000000e+00 4.294117647058823262e-01 5.705882352941176183e-01
0.000000000000000000e+00 1.000000000000000000e+00 2.058823529411764608e-01 7.941176470588234837e-01
1.000000000000000000e+00 0.000000000000000000e+00 5.117647058823528994e-01 4.882352941176470451e-01
1.000000000000000000e+00 0.000000000000000000e+00 6.411764705882353477e-01 3.588235294117647078e-01
1.000000000000000000e+00 1.000000000000000000e+00 2.352941176470588203e-01 7.647058823529411242e-01
1.000000000000000000e+00 0.000000000000000000e+00 7.529411764705882248e-01 2.470588235294117752e-01
1.000000000000000000e+00 1.000000000000000000e+00 3.941176470588235170e-01 6.058823529411764275e-01
1.000000000000000000e+00 1.000000000000000000e+00 4.176470588235294268e-01 5.823529411764706287e-01
1.000000000000000000e+00 1.000000000000000000e+00 3.764705882352941124e-01 6.235294117647058876e-01
1.000000000000000000e+00 0.000000000000000000e+00 5.529411764705882693e-01 4.470588235294117863e-01
1.000000000000000000e+00 1.000000000000000000e+00 2.235294117647058931e-01 7.764705882352941346e-01
0.000000000000000000e+00 1.000000000000000000e+00 4.647058823529411908e-01 5.352941176470588092e-01
1.000000000000000000e+00 1.000000000000000000e+00 4.411764705882352811e-01 5.588235294117647189e-01
1.000000000000000000e+00 1.000000000000000000e+00 2.764705882352941346e-01 7.235294117647058654e-01
0.000000000000000000e+00 1.000000000000000000e+00 1.705882352941176516e-01 8.294117647058824039e-01
1.000000000000000000e+00 1.000000000000000000e+00 4.117647058823529355e-02 9.588235294117647411e-01
1.000000000000000000e+00 0.000000000000000000e+00 5.999999999999999778e-01 4.000000000000000222e-01
1.000000000000000000e+00 1.000000000000000000e+00 4.117647058823529216e-01 5.882352941176470784e-01
1.000000000000000000e+00 1.000000000000000000e+00 4.058823529411764719e-01 5.941176470588235281e-01
0.000000000000000000e+00 0.000000000000000000e+00 5.588235294117647189e-01 4.411764705882352811e-01
0.000000000000000000e+00 1.000000000000000000e+00 2.764705882352941346e-01 7.235294117647058654e-01
0.000000000000000000e+00 1.000000000000000000e+00 4.470588235294117863e-01 5.529411764705882693e-01
0.000000000000000000e+00 1.000000000000000000e+00 4.117647058823529216e-01 5.882352941176470784e-01
1.000000000000000000e+00 1.000000000000000000e+00 4.529411764705882359e-01 5.470588235294118196e-01
1.000000000000000000e+00 1.000000000000000000e+00 2.411764705882352977e-01 7.588235294117646745e-01
1.000000000000000000e+00 0.000000000000000000e+00 6.705882352941175961e-01 3.294117647058823484e-01
0.000000000000000000e+00 1.000000000000000000e+00 3.058823529411764941e-01 6.941176470588235059e-01
1.000000000000000000e+00 1.000000000000000000e+00 4.176470588235294268e-01 5.823529411764706287e-01
1.000000000000000000e+00 1.000000000000000000e+00 4.235294117647058765e-01 5.764705882352940680e-01
1.000000000000000000e+00 0.000000000000000000e+00 5.117647058823528994e-01 4.882352941176470451e-01
1.000000000000000000e+00 1.000000000000000000e+00 3.823529411764705621e-01 6.176470588235294379e-01
0.000000000000000000e+00 1.000000000000000000e+00 3.705882352941176627e-01 6.294117647058823373e-01
1.000000000000000000e+00 1.000000000000000000e+00 3.705882352941176627e-01 6.294117647058823373e-01
1.000000000000000000e+00 0.000000000000000000e+00 5.705882352941176183e-01 4.294117647058823262e-01
1.000000000000000000e+00 1.000000000000000000e+00 4.705882352941176405e-01 5.294117647058823595e-01
1.000000000000000000e+00 0.000000000000000000e+00 5.117647058823528994e-01 4.882352941176470451e-01
0.000000000000000000e+00 1.000000000000000000e+00 3.941176470588235170e-01 6.058823529411764275e-01
1.000000000000000000e+00 1.000000000000000000e+00 5.294117647058823456e-02 9.470588235294117307e-01
1.000000000000000000e+00 1.000000000000000000e+00 4.882352941176470451e-01 5.117647058823528994e-01
1.000000000000000000e+00 1.000000000000000000e+00 1.882352941176470562e-01 8.117647058823529438e-01
0.000000000000000000e+00 0.000000000000000000e+00 6.529411764705882470e-01 3.470588235294117530e-01
1.000000000000000000e+00 1.000000000000000000e+00 4.529411764705882359e-01 5.470588235294118196e-01
1.000000000000000000e+00 0.000000000000000000e+00 5.294117647058823595e-01 4.705882352941176405e-01
0.000000000000000000e+00 1.000000000000000000e+00 2.529411764705882248e-01 7.470588235294117752e-01
1.000000000000000000e+00 0.000000000000000000e+00 5.000000000000000000e-01 5.000000000000000000e-01
1.000000000000000000e+00 1.000000000000000000e+00 4.882352941176470451e-01 5.117647058823528994e-01
1.000000000000000000e+00 1.000000000000000000e+00 2.647058823529411797e-01 7.352941176470588758e-01
1.000000000000000000e+00 0.000000000000000000e+00 5.235294117647059098e-01 4.764705882352940902e-01
