0.000000000000000000e+00 1.000000000000000000e+00 4.460855165024901203e-01 5.539144834975099352e-01
1.000000000000000000e+00 1.000000000000000000e+00 4.845620468525724256e-01 5.154379531474274634e-01
1.000000000000000000e+00 1.000000000000000000e+00 4.357561996747589261e-01 5.642438003252411294e-01
1.000000000000000000e+00 1.000000000000000000e+00 4.696776225473173749e-01 5.303223774526826251e-01
1.000000000000000000e+00 1.000000000000000000e+00 4.455011321869774554e-01 5.544988678130226001e-01
1.000000000000000000e+00 0.000000000000000000e+00 5.540048962697937673e-01 4.459951037302061772e-01
1.000000000000000000e+00 1.000000000000000000e+00 4.150486190504644179e-01 5.849513809495355821e-01
1.000000000000000000e+00 0.000000000000000000e+00 5.562064243435517197e-01 4.437935756564482248e-01
0.000000000000000000e+00 1.000000000000000000e+00 4.706381635058893287e-01 5.293618364941107268e-01
1.000000000000000000e+00 0.000000000000000000e+00 5.288935295777760226e-01 4.711064704222240329e-01
1.000000000000000000e+00 0.000000000000000000e+00 5.384373531894330878e-01 4.615626468105666902e-01
0.000000000000000000e+00 1.000000000000000000e+00 4.346628360345248243e-01 5.653371639654751757e-01
1.000000000000000000e+00 0.000000000000000000e+00 5.088687279285737386e-01 4.911312720714264279e-01
1.000000000000000000e+00 0.000000000000000000e+00 5.616920923868028437e-01 4.383079076131971563e-01
0.000000000000000000e+00 0.000000000000000000e+00 5.535777503779496511e-01 4.464222496220503489e-01
0.000000000000000000e+00 0.000000000000000000e+00 5.664930787155021408e-01 4.335069212844976927e-01
1.000000000000000000e+00 1.000000000000000000e+00 4.506500233042897152e-01 5.493499766957102848e-01
1.000000000000000000e+00 0.000000000000000000e+00 5.223337790319627638e-01 4.776662209680370141e-01
0.000000000000000000e+00 0.000000000000000000e+00 5.555678355717907912e-01 4.444321644282092643e-01
1.000000000000000000e+00 0.000000000000000000e+00 5.593179054592440913e-01 4.406820945407558532e-01
0.000000000000000000e+00 1.000000000000000000e+00 4.189869859531332730e-01 5.810130140468666715e-01
1.000000000000000000e+00 1.000000000000000000e+00 4.886836569349551906e-01 5.113163430650449204e-01
1.000000000000000000e+00 0.000000000000000000e+00 5.143836982003265890e-01 4.856163017996734110e-01
1.000000000000000000e+00 0.000000000000000000e+00 5.289604061058514883e-01 4.710395938941485117e-01
0.000000000000000000e+00 1.000000000000000000e+00 3.522391386531528168e-01 6.477608613468470722e-01
1.000000000000000000e+00 1.000000000000000000e+00 4.637123072647491018e-01 5.362876927352508982e-01
1.000000000000000000e+00 1.000000000000000000e+00 3.638997428822820512e-01 6.361002571177181153e-01
1.000000000000000000e+00 1.000000000000000000e+00 4.698754491151108659e-01 5.301245508848890786e-01
0.000000000000000000e+00 0.000000000000000000e+00 6.221630893230959414e-01 3.778369106769041141e-01
1.000000000000000000e+00 1.000000000000000000e+00 4.856090885078653274e-01 5.143909114921345616e-01
0.000000000000000000e+00 1.000000000000000000e+00 4.358441789135099054e-01 5.641558210864900946e-01
0.000000000000000000e+00 0.000000000000000000e+00 5.000000000000000000e-01 5.000000000000000000e-01
1.000000000000000000e+00 1.000000000000000000e+00 4.627913923279211583e-01 5.372086076720787862e-01
0.000000000000000000e+00 0.000000000000000000e+00 5.845160202558770113e-01 4.154839797441228222e-01
0.000000000000000000e+00 0.000000000000000000e+00 5.136449772656290769e-01 4.863550227343709231e-01
1.000000000000000000e+00 0.000000000000000000e+00 5.559438269229426410e-01 4.440561730770572479e-01
0.000000000000000000e+00 0.000000000000000000e+00 5.271321576220151517e-01 4.728678423779850148e-01
1.000000000000000000e+00 1.000000000000000000e+00 4.842056419962987857e-01 5.157943580037012143e-01
0.000000000000000000e+00 0.000000000000000000e+00 5.000000000000000000e-01 5.000000000000000000e-01
1.000000000000000000e+00 1.000000000000000000e+00 4.465263453913372871e-01 5.534736546086627129e-01
0.000000000000000000e+00 0.000000000000000000e+00 5.716358363601968806e-01 4.283641636398032304e-01
0.000000000000000000e+00 0.000000000000000000e+00 5.487845098001368216e-01 4.512154901998631784e-01
1.000000000000000000e+00 0.000000000000000000e+00 5.121881015235468793e-01 4.878118984764530097e-01
0.000000000000000000e+00 0.000000000000000000e+00 5.095143834732709376e-01 4.904856165267291179e-01
0.000000000000000000e+00 1.000000000000000000e+00 4.569281055520942325e-01 5.430718944479056010e-01
1.000000000000000000e+00 1.000000000000000000e+00 4.828996488680032950e-01 5.171003511319967050e-01
1.000000000000000000e+00 1.000000000000000000e+00 4.759992597382807222e-01 5.240007402617192778e-01
0.000000000000000000e+00 1.000000000000000000e+00 4.485789265140864290e-01 5.514210734859134044e-01
0.000000000000000000e+00 0.000000000000000000e+00 5.327936263025454533e-01 4.672063736974544357e-01
1.000000000000000000e+00 1.000000000000000000e+00 3.816986835982401072e-01 6.183013164017600038e-01
1.000000000000000000e+00 0.000000000000000000e+00 5.656972364015174781e-01 4.343027635984825774e-01
1.000000000000000000e+00 1.000000000000000000e+00 4.813707044830956017e-01 5.186292955169042873e-01
1.000000000000000000e+00 1.000000000000000000e+00 4.180664920168974952e-01 5.819335079831026158e-01
1.000000000000000000e+00 1.000000000000000000e+00 4.652200329542823254e-01 5.347799670457178411e-01
1.000000000000000000e+00 0.000000000000000000e+00 5.394542877692278804e-01 4.605457122307720641e-01
1.000000000000000000e+00 1.000000000000000000e+00 4.675159155935980637e-01 5.324840844064019363e-01
0.000000000000000000e+00 0.000000000000000000e+00 5.000000000000000000e-01 5.000000000000000000e-01
1.000000000000000000e+00 0.000000000000000000e+00 5.000000000000000000e-01 5.000000000000000000e-01
1.000000000000000000e+00 0.000000000000000000e+00 5.641890507390722176e-01 4.358109492609279489e-01
1.000000000000000000e+00 1.000000000000000000e+00 4.257925875530762516e-01 5.742074124469236374e-01
1.000000000000000000e+00 1.000000000000000000e+00 4.547087174450879510e-01 5.452912825549122156e-01
1.000000000000000000e+00 0.000000000000000000e+00 5.314630420479676820e-01 4.685369579520322625e-01
0.000000000000000000e+00 1.000000000000000000e+00 4.894532353994273111e-01 5.105467646005726889e-01
1.000000000000000000e+00 0.000000000000000000e+00 5.545105248397126374e-01 4.454894751602871961e-01
1.000000000000000000e+00 1.000000000000000000e+00 4.359552826716678875e-01 5.640447173283321680e-01
1.000000000000000000e+00 0.000000000000000000e+00 5.457563651131379645e-01 4.542436348868620355e-01
1.000000000000000000e+00 1.000000000000000000e+00 4.801395652738428277e-01 5.198604347261571723e-01
0.000000000000000000e+00 0.000000000000000000e+00 5.355081023514346450e-01 4.644918976485651885e-01
0.000000000000000000e+00 1.000000000000000000e+00 4.280631682952354966e-01 5.719368317047643924e-01
0.000000000000000000e+00 0.000000000000000000e+00 5.198812203672513732e-01 4.801187796327484603e-01
0.000000000000000000e+00 1.000000000000000000e+00 4.838513584967119030e-01 5.161486415032879860e-01
0.000000000000000000e+00 1.000000000000000000e+00 4.877732415889456385e-01 5.122267584110543615e-01
1.000000000000000000e+00 0.000000000000000000e+00 5.088692090723009320e-01 4.911307909276992900e-01
1.000000000000000000e+00 0.000000000000000000e+00 5.079311507870963860e-01 4.920688492129035030e-01
1.000000000000000000e+00 0.000000000000000000e+00 5.000000000000000000e-01 5.000000000000000000e-01
1.000000000000000000e+00 0.000000000000000000e+00 5.114487266256932951e-01 4.885512733743064273e-01
1.000000000000000000e+00 0.000000000000000000e+00 5.000000000000000000e-01 5.000000000000000000e-01
0.000000000000000000e+00 1.000000000000000000e+00 4.798072900852838329e-01 5.201927099147161115e-01
0.000000000000000000e+00 1.000000000000000000e+00 4.747777527021587729e-01 5.252222472978410606e-01
1.000000000000000000e+00 0.000000000000000000e+00 5.000000000000000000e-01 5.000000000000000000e-01
1.000000000000000000e+00 0.000000000000000000e+00 5.146931265537378897e-01 4.853068734462621103e-01
1.000000000000000000e+00 1.000000000000000000e+00 4.328221962422943436e-01 5.671778037577057674e-01
1.000000000000000000e+00 1.000000000000000000e+00 4.907611226828607620e-01 5.092388773171391270e-01
0.000000000000000000e+00 1.000000000000000000e+00 4.900898550237385853e-01 5.099101449762611926e-01
0.000000000000000000e+00 1.000000000000000000e+00 4.403457648040631223e-01 5.596542351959367112e-01
1.000000000000000000e+00 1.000000000000000000e+00 4.694825633062362780e-01 5.305174366937637220e-01
0.000000000000000000e+00 0.000000000000000000e+00 5.177778730965518772e-01 4.822221269034480673e-01
0.000000000000000000e+00 0.000000000000000000e+00 5.249434681902909183e-01 4.750565318097089706e-01
1.000000000000000000e+00 1.000000000000000000e+00 4.603594634554539211e-01 5.396405365445461344e-01
1.000000000000000000e+00 0.000000000000000000e+00 5.615913209394058914e-01 4.384086790605940531e-01
1.000000000000000000e+00 1.000000000000000000e+00 3.796001527101273143e-01 6.203998472898727412e-01
1.000000000000000000e+00 1.000000000000000000e+00 3.959195475890121552e-01 6.040804524109879559e-01
0.000000000000000000e+00 0.000000000000000000e+00 5.527535771619833671e-01 4.472464228380167439e-01
1.000000000000000000e+00 0.000000000000000000e+00 5.551816194767891233e-01 4.448183805232109878e-01
1.000000000000000000e+00 1.000000000000000000e+00 4.669126746602874634e-01 5.330873253397127032e-01
1.000000000000000000e+00 0.000000000000000000e+00 5.402227806474703131e-01 4.597772193525296869e-01
0.000000000000000000e+00 0.000000000000000000e+00 5.637732094693721496e-01 4.362267905306280169e-01
1.000000000000000000e+00 1.000000000000000000e+00 4.876135626156205549e-01 5.123864373843792785e-01
1.000000000000000000e+00 1.000000000000000000e+00 4.477208899252996810e-01 5.522791100747002080e-01
1.000000000000000000e+00 1.000000000000000000e+00 4.341350678109658356e-01 5.658649321890341088e-01
1.000000000000000000e+00 0.000000000000000000e+00 5.131453091330275829e-01 4.868546908669725282e-01
1.000000000000000000e+00 1.000000000000000000e+00 3.924572426033139938e-01 6.075427573966860617e-01
1.000000000000000000e+00 0.000000000000000000e+00 5.228114407803877706e-01 4.771885592196125070e-01
0.000000000000000000e+00 1.000000000000000000e+00 3.696614749893449292e-01 6.303385250106551263e-01
0.000000000000000000e+00 0.000000000000000000e+00 5.724910848288581322e-01 4.275089151711418123e-01
1.000000000000000000e+00 0.000000000000000000e+00 5.358176995821757327e-01 4.641823004178243228e-01
1.000000000000000000e+00 1.000000000000000000e+00 4.571634054051569862e-01 5.428365945948430138e-01
0.000000000000000000e+00 0.000000000000000000e+00 6.246028893897517253e-01 3.753971106102484967e-01
1.000000000000000000e+00 1.000000000000000000e+00 4.359837210267051288e-01 5.640162789732947601e-01
1.000000000000000000e+00 0.000000000000000000e+00 6.185485158373477121e-01 3.814514841626521213e-01
0.000000000000000000e+00 0.000000000000000000e+00 5.583115624347041450e-01 4.416884375652957995e-01
0.000000000000000000e+00 1.000000000000000000e+00 2.535728326714689618e-01 7.464271673285312048e-01
0.000000000000000000e+00 0.000000000000000000e+00 7.227431036201344972e-01 2.772568963798654473e-01
0.000000000000000000e+00 1.000000000000000000e+00 4.121679924768962278e-01 5.878320075231038278e-01
1.000000000000000000e+00 0.000000000000000000e+00 5.255941290005106126e-01 4.744058709994892764e-01
0.000000000000000000e+00 0.000000000000000000e+00 5.328404338247143546e-01 4.671595661752856454e-01
1.000000000000000000e+00 0.000000000000000000e+00 5.337464495779509210e-01 4.662535504220491900e-01
1.000000000000000000e+00 1.000000000000000000e+00 3.072312456193777019e-01 6.927687543806221315e-01
0.000000000000000000e+00 0.000000000000000000e+00 5.762055633838004676e-01 4.237944366161995879e-01
1.000000000000000000e+00 0.000000000000000000e+00 5.666809623349713387e-01 4.333190376650286058e-01
1.000000000000000000e+00 1.000000000000000000e+00 3.857932856167812230e-01 6.142067143832188325e-01
0.000000000000000000e+00 0.000000000000000000e+00 5.520689259031821283e-01 4.479310740968179827e-01
0.000000000000000000e+00 1.000000000000000000e+00 4.135760982857707990e-01 5.864239017142292010e-01
1.000000000000000000e+00 0.000000000000000000e+00 5.000000000000000000e-01 5.000000000000000000e-01
0.000000000000000000e+00 0.000000000000000000e+00 5.244622075284122165e-01 4.755377924715878946e-01
1.000000000000000000e+00 1.000000000000000000e+00 4.308278255991494499e-01 5.691721744008504391e-01
1.000000000000000000e+00 1.000000000000000000e+00 4.782990252297174005e-01 5.217009747702827660e-01
1.000000000000000000e+00 0.000000000000000000e+00 5.106843028166651033e-01 4.893156971833348412e-01
1.000000000000000000e+00 0.000000000000000000e+00 5.000000000000000000e-01 5.000000000000000000e-01
0.000000000000000000e+00 1.000000000000000000e+00 3.898956206027011651e-01 6.101043793972986684e-01
0.000000000000000000e+00 1.000000000000000000e+00 3.658713034156475530e-01 6.341286965843525580e-01
0.000000000000000000e+00 0.000000000000000000e+00 7.163683565920478946e-01 2.836316434079521609e-01
0.000000000000000000e+00 0.000000000000000000e+00 5.700071316448752645e-01 4.299928683551246800e-01
1.000000000000000000e+00 0.000000000000000000e+00 6.867594650645293397e-01 3.132405349354708823e-01
1.000000000000000000e+00 1.000000000000000000e+00 4.848737981034388356e-01 5.151262018965611089e-01
1.000000000000000000e+00 1.000000000000000000e+00 2.464360112901497479e-01 7.535639887098503076e-01
1.000000000000000000e+00 0.000000000000000000e+00 5.350652131434397996e-01 4.649347868565602004e-01
1.000000000000000000e+00 0.000000000000000000e+00 5.151727765886136012e-01 4.848272234113863433e-01
1.000000000000000000e+00 0.000000000000000000e+00 5.820976099835023509e-01 4.179023900164977046e-01
0.000000000000000000e+00 0.000000000000000000e+00 5.153356022746318210e-01 4.846643977253682900e-01
0.000000000000000000e+00 0.000000000000000000e+00 6.490447026561659838e-01 3.509552973438340162e-01
0.000000000000000000e+00 0.000000000000000000e+00 5.057512313958263395e-01 4.942487686041737160e-01
0.000000000000000000e+00 0.000000000000000000e+00 5.791443624206280560e-01 4.208556375793721105e-01
1.000000000000000000e+00 1.000000000000000000e+00 4.207586671422330893e-01 5.792413328577670217e-01
0.000000000000000000e+00 0.000000000000000000e+00 6.496940517813787341e-01 3.503059482186212104e-01
1.000000000000000000e+00 0.000000000000000000e+00 5.963418645642888372e-01 4.036581354357109963e-01
1.000000000000000000e+00 1.000000000000000000e+00 3.113801101741115462e-01 6.886198898258886203e-01
0.000000000000000000e+00 1.000000000000000000e+00 4.515528771326077773e-01 5.484471228673921672e-01
1.000000000000000000e+00 1.000000000000000000e+00 3.917520889864893330e-01 6.082479110135106115e-01
1.000000000000000000e+00 1.000000000000000000e+00 4.340834902062705170e-01 5.659165097937294275e-01
1.000000000000000000e+00 0.000000000000000000e+00 5.220553725354482033e-01 4.779446274645519632e-01
1.000000000000000000e+00 1.000000000000000000e+00 4.781240889001707184e-01 5.218759110998292261e-01
0.000000000000000000e+00 1.000000000000000000e+00 2.538994658654031844e-01 7.461005341345968711e-01
1.000000000000000000e+00 1.000000000000000000e+00 4.011862193028839507e-01 5.988137806971162158e-01
0.000000000000000000e+00 1.000000000000000000e+00 4.830049639147332985e-01 5.169950360852668680e-01
0.000000000000000000e+00 0.000000000000000000e+00 5.152519046134774738e-01 4.847480953865225817e-01
0.000000000000000000e+00 1.000000000000000000e+00 4.420930939641398161e-01 5.579069060358600174e-01
1.000000000000000000e+00 0.000000000000000000e+00 5.866325820987166040e-01 4.133674179012833960e-01
0.000000000000000000e+00 1.000000000000000000e+00 3.329169179131037382e-01 6.670830820868965949e-01
1.000000000000000000e+00 1.000000000000000000e+00 2.737564527562749706e-01 7.262435472437248629e-01
1.000000000000000000e+00 1.000000000000000000e+00 4.136736216216368445e-01 5.863263783783631000e-01
1.000000000000000000e+00 1.000000000000000000e+00 2.729521114054996866e-01 7.270478885945003134e-01
1.000000000000000000e+00 1.000000000000000000e+00 4.613651216395748822e-01 5.386348783604248958e-01
1.000000000000000000e+00 0.000000000000000000e+00 5.000000000000000000e-01 5.000000000000000000e-01
1.000000000000000000e+00 0.000000000000000000e+00 5.258219739446565733e-01 4.741780260553434267e-01
0.000000000000000000e+00 1.000000000000000000e+00 4.339391399883981149e-01 5.660608600116019407e-01
1.000000000000000000e+00 1.000000000000000000e+00 4.157818806285319968e-01 5.842181193714680587e-01
0.000000000000000000e+00 1.000000000000000000e+00 2.602970342063433140e-01 7.397029657936569080e-01
1.000000000000000000e+00 1.000000000000000000e+00 4.747330345474772839e-01 5.252669654525227161e-01
0.000000000000000000e+00 1.000000000000000000e+00 4.197817054996328401e-01 5.802182945003671044e-01
1.000000000000000000e+00 1.000000000000000000e+00 3.729042045691444152e-01 6.270957954308555848e-01
1.000000000000000000e+00 1.000000000000000000e+00 3.123957315217082975e-01 6.876042684782917025e-01
1.000000000000000000e+00 1.000000000000000000e+00 4.659433131819901708e-01 5.340566868180098847e-01
0.000000000000000000e+00 0.000000000000000000e+00 5.861003573352868701e-01 4.138996426647132409e-01
1.000000000000000000e+00 1.000000000000000000e+00 4.629196618130462793e-01 5.370803381869537763e-01
0.000000000000000000e+00 0.000000000000000000e+00 6.475917917236105881e-01 3.524082082763895785e-01
1.000000000000000000e+00 0.000000000000000000e+00 5.813285055285161151e-01 4.186714944714839404e-01
1.000000000000000000e+00 0.000000000000000000e+00 5.732790600354406019e-01 4.267209399645593426e-01
0.000000000000000000e+00 1.000000000000000000e+00 3.321369700615039999e-01 6.678630299384961111e-01
0.000000000000000000e+00 0.000000000000000000e+00 5.000000000000000000e-01 5.000000000000000000e-01
1.000000000000000000e+00 0.000000000000000000e+00 5.772453429901839295e-01 4.227546570098159595e-01
1.000000000000000000e+00 1.000000000000000000e+00 4.677775678868996700e-01 5.322224321131004965e-01
1.000000000000000000e+00 0.000000000000000000e+00 5.289272609513084866e-01 4.710727390486916244e-01
0.000000000000000000e+00 1.000000000000000000e+00 3.585323179109884406e-01 6.414676820890117259e-01
1.000000000000000000e+00 1.000000000000000000e+00 4.066233974567826648e-01 5.933766025432173352e-01
0.000000000000000000e+00 0.000000000000000000e+00 7.214573154164580782e-01 2.785426845835419774e-01
1.000000000000000000e+00 0.000000000000000000e+00 4.924244981834076662e-01 5.075755018165922783e-01
0.000000000000000000e+00 0.000000000000000000e+00 5.615547669801159714e-01 4.384452330198841397e-01
1.000000000000000000e+00 1.000000000000000000e+00 4.103618305892894891e-01 5.896381694107105664e-01
1.000000000000000000e+00 0.000000000000000000e+00 5.881640952596209893e-01 4.118359047403790663e-01
1.000000000000000000e+00 1.000000000000000000e+00 4.867224390870469319e-01 5.132775609129529570e-01
0.000000000000000000e+00 1.000000000000000000e+00 3.215837084730198137e-01 6.784162915269802419e-01
1.000000000000000000e+00 1.000000000000000000e+00 4.005321133481122287e-01 5.994678866518877713e-01
0.000000000000000000e+00 0.000000000000000000e+00 5.268398143381293197e-01 4.731601856618707358e-01
0.000000000000000000e+00 1.000000000000000000e+00 3.461484234739382049e-01 6.538515765260618506e-01
1.000000000000000000e+00 1.000000000000000000e+00 4.220666367663492013e-01 5.779333632336509652e-01
1.000000000000000000e+00 1.000000000000000000e+00 4.486004760999275920e-01 5.513995239000725190e-01
0.000000000000000000e+00 1.000000000000000000e+00 4.559638912546150058e-01 5.440361087453849942e-01
1.000000000000000000e+00 1.000000000000000000e+00 4.467594880332197982e-01 5.532405119667800353e-01
1.000000000000000000e+00 1.000000000000000000e+00 3.920007497667734597e-01 6.079992502332265403e-01
1.000000000000000000e+00 0.000000000000000000e+00 5.380857834970067533e-01 4.619142165029933578e-01
0.000000000000000000e+00 0.000000000000000000e+00 6.243928483425986720e-01 3.756071516574013835e-01
1.000000000000000000e+00 1.000000000000000000e+00 4.481033924331450091e-01 5.518966075668548799e-01
1.000000000000000000e+00 1.000000000000000000e+00 4.773637437521422999e-01 5.226362562478575891e-01
1.000000000000000000e+00 0.000000000000000000e+00 5.507405608447081269e-01 4.492594391552918731e-01
1.000000000000000000e+00 1.000000000000000000e+00 4.889370366149669023e-01 5.110629633850329867e-01
1.000000000000000000e+00 1.000000000000000000e+00 4.038282002427607820e-01 5.961717997572392180e-01
0.000000000000000000e+00 1.000000000000000000e+00 3.769105520069150339e-01 6.230894479930848551e-01
1.000000000000000000e+00 1.000000000000000000e+00 3.787504157482686207e-01 6.212495842517313793e-01
0.000000000000000000e+00 1.000000000000000000e+00 3.819394580644394632e-01 6.180605419355607033e-01
0.000000000000000000e+00 0.000000000000000000e+00 5.583492236860826408e-01 4.416507763139171372e-01
0.000000000000000000e+00 1.000000000000000000e+00 4.696283393678910012e-01 5.303716606321089433e-01
1.000000000000000000e+00 0.000000000000000000e+00 5.399018444570349295e-01 4.600981555429651260e-01
1.000000000000000000e+00 0.000000000000000000e+00 6.497562040411987150e-01 3.502437959588012295e-01
1.000000000000000000e+00 0.000000000000000000e+00 6.265276652163483950e-01 3.734723347836515495e-01
1.000000000000000000e+00 1.000000000000000000e+00 4.369313897672156277e-01 5.630686102327844278e-01
1.000000000000000000e+00 0.000000000000000000e+00 6.688603717454658648e-01 3.311396282545341907e-01
1.000000000000000000e+00 1.000000000000000000e+00 4.708986522704177169e-01 5.291013477295822831e-01
1.000000000000000000e+00 0.000000000000000000e+00 7.030275231295175509e-01 2.969724768704821716e-01
1.000000000000000000e+00 0.000000000000000000e+00 5.505919556860945363e-01 4.494080443139053527e-01
1.000000000000000000e+00 1.000000000000000000e+00 4.268986732608130996e-01 5.731013267391869004e-01
1.000000000000000000e+00 1.000000000000000000e+00 3.784383835049958678e-01 6.215616164950039657e-01
1.000000000000000000e+00 0.000000000000000000e+00 6.164425215224319521e-01 3.835574784775679924e-01
0.000000000000000000e+00 0.000000000000000000e+00 6.260624805951873206e-01 3.739375194048127349e-01
1.000000000000000000e+00 0.000000000000000000e+00 5.146729028610832479e-01 4.853270971389168076e-01
1.000000000000000000e+00 0.000000000000000000e+00 5.998022414078937325e-01 4.001977585921061009e-01
1.000000000000000000e+00 0.000000000000000000e+00 6.324806173071279014e-01 3.675193826928720986e-01
1.000000000000000000e+00 0.000000000000000000e+00 5.537586798132677623e-01 4.462413201867320156e-01
1.000000000000000000e+00 1.000000000000000000e+00 4.561461207131626283e-01 5.438538792868374827e-01
0.000000000000000000e+00 0.000000000000000000e+00 5.322399922270422135e-01 4.677600077729578976e-01
1.000000000000000000e+00 0.000000000000000000e+00 5.253609250589795776e-01 4.746390749410203669e-01
1.000000000000000000e+00 1.000000000000000000e+00 5.000000000000000000e-01 5.000000000000000000e-01
1.000000000000000000e+00 0.000000000000000000e+00 5.297038521177807047e-01 4.702961478822191288e-01
1.000000000000000000e+00 1.000000000000000000e+00 4.172518323850935573e-01 5.827481676149063317e-01
1.000000000000000000e+00 0.000000000000000000e+00 5.000000000000000000e-01 5.000000000000000000e-01
0.000000000000000000e+00 0.000000000000000000e+00 5.987940418146369126e-01 4.012059581853629764e-01
0.000000000000000000e+00 1.000000000000000000e+00 3.524263580877398105e-01 6.475736419122601895e-01
1.000000000000000000e+00 1.000000000000000000e+00 5.000000000000000000e-01 5.000000000000000000e-01
1.000000000000000000e+00 1.000000000000000000e+00 3.964228044916842664e-01 6.035771955083156781e-01
0.000000000000000000e+00 1.000000000000000000e+00 4.356440628381901270e-01 5.643559371618099840e-01
0.000000000000000000e+00 0.000000000000000000e+00 5.834020971770058628e-01 4.165979028229939707e-01
1.000000000000000000e+00 0.000000000000000000e+00 5.965598380248805510e-01 4.034401619751193935e-01
1.000000000000000000e+00 0.000000000000000000e+00 5.721319710875661935e-01 4.278680289124337510e-01
1.000000000000000000e+00 1.000000000000000000e+00 4.505154126216106558e-01 5.494845873783892332e-01
1.000000000000000000e+00 1.000000000000000000e+00 3.604644634815025173e-01 6.395355365184973717e-01
1.000000000000000000e+00 1.000000000000000000e+00 4.425195159746757589e-01 5.574804840253242411e-01
0.000000000000000000e+00 0.000000000000000000e+00 5.404297831953144282e-01 4.595702168046855163e-01
1.000000000000000000e+00 0.000000000000000000e+00 5.849074147459472073e-01 4.150925852540527927e-01
1.000000000000000000e+00 1.000000000000000000e+00 4.443314023483835307e-01 5.556685976516163583e-01
1.000000000000000000e+00 0.000000000000000000e+00 6.425929397541136900e-01 3.574070602458861989e-01
1.000000000000000000e+00 0.000000000000000000e+00 6.776669345688479673e-01 3.223330654311519772e-01
1.000000000000000000e+00 1.000000000000000000e+00 3.756685406991218668e-01 6.243314593008781888e-01
1.000000000000000000e+00 1.000000000000000000e+00 3.368627924015951125e-01 6.631372075984047765e-01
1.000000000000000000e+00 1.000000000000000000e+00 4.880527418918166882e-01 5.119472581081833118e-01
1.000000000000000000e+00 0.000000000000000000e+00 6.449911864288343510e-01 3.550088135711657600e-01
0.000000000000000000e+00 1.000000000000000000e+00 3.534212569044312136e-01 6.465787430955686199e-01
1.000000000000000000e+00 1.000000000000000000e+00 4.088739201034269355e-01 5.911260798965730645e-01
1.000000000000000000e+00 1.000000000000000000e+00 4.822962699748412074e-01 5.177037300251589036e-01
1.000000000000000000e+00 0.000000000000000000e+00 5.276056247524476550e-01 4.723943752475521785e-01
0.000000000000000000e+00 1.000000000000000000e+00 4.579786097254038846e-01 5.420213902745959489e-01
1.000000000000000000e+00 1.000000000000000000e+00 3.762415904440391534e-01 6.237584095559607356e-01
0.000000000000000000e+00 1.000000000000000000e+00 3.548828193679937071e-01 6.451171806320066260e-01
1.000000000000000000e+00 1.000000000000000000e+00 3.301962044737932755e-01 6.698037955262067245e-01
1.000000000000000000e+00 1.000000000000000000e+00 3.156308582198867896e-01 6.843691417801132104e-01
1.000000000000000000e+00 0.000000000000000000e+00 5.619733173982477403e-01 4.380266826017522597e-01
1.000000000000000000e+00 1.000000000000000000e+00 4.151162742339631895e-01 5.848837257660367550e-01
1.000000000000000000e+00 0.000000000000000000e+00 7.038961927331585100e-01 2.961038072668417120e-01
1.000000000000000000e+00 0.000000000000000000e+00 6.423776234811752195e-01 3.576223765188248360e-01
1.000000000000000000e+00 1.000000000000000000e+00 4.280366566205652812e-01 5.719633433794347743e-01
1.000000000000000000e+00 1.000000000000000000e+00 4.515646619114851434e-01 5.484353380885148566e-01
1.000000000000000000e+00 1.000000000000000000e+00 4.407017234011060269e-01 5.592982765988938620e-01
1.000000000000000000e+00 0.000000000000000000e+00 6.225140473971582100e-01 3.774859526028417900e-01
1.000000000000000000e+00 1.000000000000000000e+00 4.922812587922530403e-01 5.077187412077470707e-01
1.000000000000000000e+00 0.000000000000000000e+00 5.372047003734821136e-01 4.627952996265178309e-01
1.000000000000000000e+00 1.000000000000000000e+00 4.892482772549449632e-01 5.107517227450550923e-01
1.000000000000000000e+00 0.000000000000000000e+00 6.876814630204894918e-01 3.123185369795105082e-01
0.000000000000000000e+00 0.000000000000000000e+00 5.650772750560226765e-01 4.349227249439771570e-01
1.000000000000000000e+00 1.000000000000000000e+00 4.883452377375974707e-01 5.116547622624024738e-01
1.000000000000000000e+00 0.000000000000000000e+00 5.623044612422679611e-01 4.376955387577319834e-01
0.000000000000000000e+00 0.000000000000000000e+00 5.131950785404244542e-01 4.868049214595754903e-01
0.000000000000000000e+00 1.000000000000000000e+00 3.518612144940680420e-01 6.481387855059318470e-01
1.000000000000000000e+00 1.000000000000000000e+00 4.314761986544087269e-01 5.685238013455913286e-01
0.000000000000000000e+00 1.000000000000000000e+00 4.735497763385876913e-01 5.264502236614122532e-01
0.000000000000000000e+00 1.000000000000000000e+00 4.777875559847277742e-01 5.222124440152721148e-01
1.000000000000000000e+00 0.000000000000000000e+00 5.404241798543646391e-01 4.595758201456353054e-01
1.000000000000000000e+00 1.000000000000000000e+00 4.305745018819938097e-01 5.694254981180063568e-01
1.000000000000000000e+00 1.000000000000000000e+00 4.417700306531341936e-01 5.582299693468658619e-01
0.000000000000000000e+00 0.000000000000000000e+00 5.241968382866334375e-01 4.758031617133666180e-01
1.000000000000000000e+00 1.000000000000000000e+00 3.668057529356652524e-01 6.331942470643346921e-01
1.000000000000000000e+00 0.000000000000000000e+00 5.505447768917961504e-01 4.494552231082037386e-01
1.000000000000000000e+00 1.000000000000000000e+00 4.553452488168630574e-01 5.446547511831369981e-01
1.000000000000000000e+00 0.000000000000000000e+00 5.363887594186727004e-01 4.636112405813272441e-01
1.000000000000000000e+00 1.000000000000000000e+00 3.912547319146399971e-01 6.087452680853598919e-01
1.000000000000000000e+00 1.000000000000000000e+00 2.748682293676992239e-01 7.251317706323008316e-01
0.000000000000000000e+00 1.000000000000000000e+00 4.400724159565555516e-01 5.599275840434446705e-01
1.000000000000000000e+00 0.000000000000000000e+00 5.053544410787442764e-01 4.946455589212556125e-01
1.000000000000000000e+00 0.000000000000000000e+00 5.645022460729206548e-01 4.354977539270795117e-01
0.000000000000000000e+00 1.000000000000000000e+00 4.812506634040785714e-01 5.187493365959213731e-01
1.000000000000000000e+00 1.000000000000000000e+00 3.958942654184318122e-01 6.041057345815682433e-01
1.000000000000000000e+00 0.000000000000000000e+00 5.768379569081916181e-01 4.231620430918083264e-01
