1.000000000000000000e+00 1.000000000000000000e+00 3.525540862161088418e-01 6.474459137838911582e-01
1.000000000000000000e+00 0.000000000000000000e+00 6.607864892796508904e-01 3.392135107203491096e-01
0.000000000000000000e+00 1.000000000000000000e+00 3.974026357764127715e-01 6.025973642235872285e-01
0.000000000000000000e+00 1.000000000000000000e+00 4.679126572171176113e-01 5.320873427828823887e-01
1.000000000000000000e+00 1.000000000000000000e+00 4.585429597073498176e-01 5.414570402926501824e-01
0.000000000000000000e+00 1.000000000000000000e+00 3.620932090304931350e-01 6.379067909695068650e-01
0.000000000000000000e+00 1.000000000000000000e+00 4.869297084867779679e-01 5.130702915132220321e-01
0.000000000000000000e+00 1.000000000000000000e+00 3.800562920576043835e-01 6.199437079423956165e-01
0.000000000000000000e+00 1.000000000000000000e+00 4.869282646106796175e-01 5.130717353893203825e-01
0.000000000000000000e+00 1.000000000000000000e+00 4.521151494179580510e-01 5.478848505820419490e-01
1.000000000000000000e+00 1.000000000000000000e+00 4.814277637670605348e-01 5.185722362329394652e-01
1.000000000000000000e+00 0.000000000000000000e+00 6.541737863686203358e-01 3.458262136313797197e-01
0.000000000000000000e+00 0.000000000000000000e+00 5.704631458544753286e-01 4.295368541455247269e-01
0.000000000000000000e+00 0.000000000000000000e+00 5.728102839716657790e-01 4.271897160283342210e-01
1.000000000000000000e+00 1.000000000000000000e+00 3.490364556027967247e-01 6.509635443972032753e-01
0.000000000000000000e+00 0.000000000000000000e+00 5.070704508546076683e-01 4.929295491453923317e-01
1.000000000000000000e+00 1.000000000000000000e+00 3.721273969261437164e-01 6.278726030738562836e-01
1.000000000000000000e+00 1.000000000000000000e+00 4.201224627369134490e-01 5.798775372630865510e-01
1.000000000000000000e+00 1.000000000000000000e+00 4.665554056289378249e-01 5.334445943710621751e-01
1.000000000000000000e+00 1.000000000000000000e+00 4.677009579047294308e-01 5.322990420952705692e-01
1.000000000000000000e+00 1.000000000000000000e+00 4.846769127534781285e-01 5.153230872465218715e-01
1.000000000000000000e+00 0.000000000000000000e+00 7.616558664682944180e-01 2.383441335317055265e-01
0.000000000000000000e+00 1.000000000000000000e+00 3.451219192836222360e-01 6.548780807163777640e-01
1.000000000000000000e+00 0.000000000000000000e+00 5.582354035988728036e-01 4.417645964011272519e-01
1.000000000000000000e+00 1.000000000000000000e+00 3.302687832606434615e-01 6.697312167393565385e-01
1.000000000000000000e+00 1.000000000000000000e+00 4.219041311286599871e-01 5.780958688713400129e-01
1.000000000000000000e+00 1.000000000000000000e+00 3.829581522065678145e-01 6.170418477934321855e-01
1.000000000000000000e+00 1.000000000000000000e+00 4.518873027765912820e-01 5.481126972234087180e-01
1.000000000000000000e+00 0.000000000000000000e+00 6.557800327378258132e-01 3.442199672621741868e-01
1.000000000000000000e+00 0.000000000000000000e+00 6.750445113189230684e-01 3.249554886810769316e-01
0.000000000000000000e+00 1.000000000000000000e+00 4.667374101607075776e-01 5.332625898392924224e-01
0.000000000000000000e+00 1.000000000000000000e+00 4.664721925026515947e-01 5.335278074973484053e-01
1.000000000000000000e+00 0.000000000000000000e+00 5.762684861550966264e-01 4.237315138449034291e-01
0.000000000000000000e+00 1.000000000000000000e+00 4.933938872022102240e-01 5.066061127977897760e-01
0.000000000000000000e+00 0.000000000000000000e+00 5.129935755317243107e-01 4.870064244682756893e-01
1.000000000000000000e+00 0.000000000000000000e+00 5.192484406962079024e-01 4.807515593037920976e-01
0.000000000000000000e+00 1.000000000000000000e+00 4.976002861748958228e-01 5.023997138251041772e-01
1.000000000000000000e+00 1.000000000000000000e+00 4.170239088730112176e-01 5.829760911269887824e-01
0.000000000000000000e+00 1.000000000000000000e+00 2.956023819003633646e-01 7.043976180996366354e-01
1.000000000000000000e+00 1.000000000000000000e+00 4.735054214374450066e-01 5.264945785625549934e-01
0.000000000000000000e+00 0.000000000000000000e+00 6.374183992582083125e-01 3.625816007417916875e-01
1.000000000000000000e+00 1.000000000000000000e+00 4.279581764309272618e-01 5.720418235690727382e-01
0.000000000000000000e+00 0.000000000000000000e+00 7.095343823014226281e-01 2.904656176985774274e-01
1.000000000000000000e+00 1.000000000000000000e+00 4.938381140122809487e-01 5.061618859877190513e-01
0.000000000000000000e+00 1.000000000000000000e+00 4.145733205035286861e-01 5.854266794964713139e-01
1.000000000000000000e+00 0.000000000000000000e+00 5.751682376646198858e-01 4.248317623353800587e-01
0.000000000000000000e+00 1.000000000000000000e+00 2.946271112969414130e-01 7.053728887030585870e-01
1.000000000000000000e+00 1.000000000000000000e+00 2.549346878658536042e-01 7.450653121341463958e-01
1.000000000000000000e+00 0.000000000000000000e+00 6.346164075873274024e-01 3.653835924126725976e-01
1.000000000000000000e+00 0.000000000000000000e+00 5.547518013443046847e-01 4.452481986556953708e-01
1.000000000000000000e+00 0.000000000000000000e+00 7.120415151138739240e-01 2.879584848861260760e-01
1.000000000000000000e+00 1.000000000000000000e+00 3.909375153555949556e-01 6.090624846444050444e-01
1.000000000000000000e+00 1.000000000000000000e+00 3.992485151831183243e-01 6.007514848168816757e-01
1.000000000000000000e+00 0.000000000000000000e+00 5.345598810155910430e-01 4.654401189844089570e-01
1.000000000000000000e+00 1.000000000000000000e+00 4.739515050829210541e-01 5.260484949170789459e-01
1.000000000000000000e+00 1.000000000000000000e+00 3.545121990568216308e-01 6.454878009431783692e-01
0.000000000000000000e+00 0.000000000000000000e+00 5.605994522603510166e-01 4.394005477396490389e-01
1.000000000000000000e+00 0.000000000000000000e+00 5.604219600751517705e-01 4.395780399248482295e-01
1.000000000000000000e+00 0.000000000000000000e+00 5.372728292638557779e-01 4.627271707361442221e-01
0.000000000000000000e+00 0.000000000000000000e+00 5.492464683927258395e-01 4.507535316072741605e-01
1.000000000000000000e+00 1.000000000000000000e+00 4.801737161486391292e-01 5.198262838513608708e-01
1.000000000000000000e+00 1.000000000000000000e+00 3.728650187114613823e-01 6.271349812885386177e-01
1.000000000000000000e+00 0.000000000000000000e+00 5.658290506081102844e-01 4.341709493918896601e-01
1.000000000000000000e+00 0.000000000000000000e+00 5.440394429148820432e-01 4.559605570851179568e-01
1.000000000000000000e+00 1.000000000000000000e+00 4.216953462333548064e-01 5.783046537666451936e-01
1.000000000000000000e+00 1.000000000000000000e+00 4.585131045272232697e-01 5.414868954727767303e-01
0.000000000000000000e+00 1.000000000000000000e+00 3.942093881923260934e-01 6.057906118076739066e-01
1.000000000000000000e+00 1.000000000000000000e+00 4.277760579184226586e-01 5.722239420815773414e-01
0.000000000000000000e+00 1.000000000000000000e+00 2.606255781778172853e-01 7.393744218221827147e-01
0.000000000000000000e+00 0.000000000000000000e+00 5.643689051745329754e-01 4.356310948254670246e-01
1.000000000000000000e+00 0.000000000000000000e+00 5.819814778176590764e-01 4.180185221823408681e-01
1.000000000000000000e+00 0.000000000000000000e+00 5.798764609508155754e-01 4.201235390491844246e-01
1.000000000000000000e+00 1.000000000000000000e+00 4.877817513303963626e-01 5.122182486696036374e-01
1.000000000000000000e+00 0.000000000000000000e+00 5.425731663270576544e-01 4.574268336729423456e-01
0.000000000000000000e+00 1.000000000000000000e+00 4.366137114859500734e-01 5.633862885140499266e-01
1.000000000000000000e+00 1.000000000000000000e+00 4.252991331153708199e-01 5.747008668846291801e-01
1.000000000000000000e+00 1.000000000000000000e+00 4.126604487923065667e-01 5.873395512076934333e-01
1.000000000000000000e+00 0.000000000000000000e+00 5.145616114214293102e-01 4.854383885785707453e-01
1.000000000000000000e+00 0.000000000000000000e+00 5.759153550027962254e-01 4.240846449972037746e-01
1.000000000000000000e+00 1.000000000000000000e+00 3.261370821493568828e-01 6.738629178506431172e-01
1.000000000000000000e+00 1.000000000000000000e+00 3.872201270262419781e-01 6.127798729737580219e-01
0.000000000000000000e+00 1.000000000000000000e+00 4.548637218130878734e-01 5.451362781869121266e-01
1.000000000000000000e+00 1.000000000000000000e+00 4.367323517979475600e-01 5.632676482020524400e-01
1.000000000000000000e+00 1.000000000000000000e+00 2.234585010550335094e-01 7.765414989449664906e-01
1.000000000000000000e+00 1.000000000000000000e+00 4.757895404555810837e-01 5.242104595444189163e-01
1.000000000000000000e+00 1.000000000000000000e+00 4.958429017778409609e-01 5.041570982221590391e-01
0.000000000000000000e+00 1.000000000000000000e+00 4.624511322318007878e-01 5.375488677681992122e-01
1.000000000000000000e+00 1.000000000000000000e+00 4.632394403826266549e-01 5.367605596173733451e-01
0.000000000000000000e+00 0.000000000000000000e+00 6.892100668177121303e-01 3.107899331822878697e-01
1.000000000000000000e+00 0.000000000000000000e+00 5.928747714934163859e-01 4.071252285065836141e-01
1.000000000000000000e+00 1.000000000000000000e+00 4.697541213908182911e-01 5.302458786091817089e-01
1.000000000000000000e+00 1.000000000000000000e+00 4.407724283161102985e-01 5.592275716838897015e-01
1.000000000000000000e+00 0.000000000000000000e+00 5.411682502571916187e-01 4.588317497428083813e-01
0.000000000000000000e+00 1.000000000000000000e+00 3.857758048683624930e-01 6.142241951316375070e-01
1.000000000000000000e+00 0.000000000000000000e+00 5.197248306791698580e-01 4.802751693208301420e-01
0.000000000000000000e+00 0.000000000000000000e+00 5.317143103187418340e-01 4.682856896812581660e-01
0.000000000000000000e+00 1.000000000000000000e+00 4.280856768533161105e-01 5.719143231466838895e-01
0.000000000000000000e+00 0.000000000000000000e+00 5.661588132149409924e-01 4.338411867850590076e-01
1.000000000000000000e+00 1.000000000000000000e+00 4.517223427064641639e-01 5.482776572935358361e-01
0.000000000000000000e+00 1.000000000000000000e+00 3.566915077735842710e-01 6.433084922264157290e-01
0.000000000000000000e+00 1.000000000000000000e+00 3.310139454545190096e-01 6.689860545454809904e-01
1.000000000000000000e+00 0.000000000000000000e+00 5.027489559061570912e-01 4.972510440938429088e-01
1.000000000000000000e+00 1.000000000000000000e+00 4.318520336958003858e-01 5.681479663041996142e-01
1.000000000000000000e+00 1.000000000000000000e+00 4.006151751304737330e-01 5.993848248695262670e-01
0.000000000000000000e+00 0.000000000000000000e+00 6.152612385572128195e-01 3.847387614427871805e-01
0.000000000000000000e+00 0.000000000000000000e+00 6.376517174383991016e-01 3.623482825616008984e-01
0.000000000000000000e+00 1.000000000000000000e+00 3.005485761044742743e-01 6.994514238955257257e-01
0.000000000000000000e+00 0.000000000000000000e+00 5.065108187344813384e-01 4.934891812655186061e-01
0.000000000000000000e+00 1.000000000000000000e+00 4.800586593542475189e-01 5.199413406457524811e-01
1.000000000000000000e+00 1.000000000000000000e+00 3.929406379842722563e-01 6.070593620157277437e-01
0.000000000000000000e+00 1.000000000000000000e+00 4.035286477696301555e-01 5.964713522303698445e-01
1.000000000000000000e+00 0.000000000000000000e+00 5.842699636894891357e-01 4.157300363105108643e-01
0.000000000000000000e+00 1.000000000000000000e+00 4.297290308430983252e-01 5.702709691569016748e-01
0.000000000000000000e+00 0.000000000000000000e+00 6.532408993153917542e-01 3.467591006846083013e-01
1.000000000000000000e+00 1.000000000000000000e+00 2.201811813148801811e-01 7.798188186851198189e-01
0.000000000000000000e+00 0.000000000000000000e+00 5.112373649014033683e-01 4.887626350985966317e-01
0.000000000000000000e+00 1.000000000000000000e+00 4.705893407238679327e-01 5.294106592761320673e-01
1.000000000000000000e+00 1.000000000000000000e+00 4.950676627470057545e-01 5.049323372529942455e-01
1.000000000000000000e+00 0.000000000000000000e+00 5.558852847238110462e-01 4.441147152761889538e-01
1.000000000000000000e+00 0.000000000000000000e+00 5.792469530941650735e-01 4.207530469058348710e-01
1.000000000000000000e+00 0.000000000000000000e+00 6.327870645678196349e-01 3.672129354321803651e-01
1.000000000000000000e+00 0.000000000000000000e+00 7.129643222609918229e-01 2.870356777390081771e-01
1.000000000000000000e+00 0.000000000000000000e+00 6.180771845429026135e-01 3.819228154570973865e-01
0.000000000000000000e+00 1.000000000000000000e+00 4.592661054065511061e-01 5.407338945934488939e-01
1.000000000000000000e+00 1.000000000000000000e+00 4.468872616463245295e-01 5.531127383536754705e-01
0.000000000000000000e+00 0.000000000000000000e+00 5.561492516437538391e-01 4.438507483562461053e-01
1.000000000000000000e+00 0.000000000000000000e+00 5.478606731006571140e-01 4.521393268993428860e-01
0.000000000000000000e+00 1.000000000000000000e+00 4.252444350478208346e-01 5.747555649521791654e-01
1.000000000000000000e+00 1.000000000000000000e+00 3.232974900394210982e-01 6.767025099605789018e-01
0.000000000000000000e+00 0.000000000000000000e+00 6.936852974161602514e-01 3.063147025838396931e-01
1.000000000000000000e+00 1.000000000000000000e+00 3.696570251935887841e-01 6.303429748064112159e-01
1.000000000000000000e+00 1.000000000000000000e+00 3.002287746793425027e-01 6.997712253206574973e-01
1.000000000000000000e+00 1.000000000000000000e+00 4.966989966703924120e-01 5.033010033296075880e-01
1.000000000000000000e+00 1.000000000000000000e+00 3.895169245750924603e-01 6.104830754249075397e-01
1.000000000000000000e+00 1.000000000000000000e+00 3.405935102811187276e-01 6.594064897188812724e-01
0.000000000000000000e+00 1.000000000000000000e+00 3.812353126939735937e-01 6.187646873060264063e-01
0.000000000000000000e+00 1.000000000000000000e+00 4.278847299615590183e-01 5.721152700384409817e-01
1.000000000000000000e+00 1.000000000000000000e+00 4.120155139341048489e-01 5.879844860658951511e-01
1.000000000000000000e+00 1.000000000000000000e+00 3.908974413900355716e-01 6.091025586099644284e-01
1.000000000000000000e+00 0.000000000000000000e+00 5.309357080410201934e-01 4.690642919589798066e-01
1.000000000000000000e+00 1.000000000000000000e+00 1.761478180453475151e-01 8.238521819546524849e-01
1.000000000000000000e+00 0.000000000000000000e+00 8.060195046708111821e-01 1.939804953291888179e-01
1.000000000000000000e+00 0.000000000000000000e+00 7.448778955998440754e-01 2.551221044001559246e-01
0.000000000000000000e+00 1.000000000000000000e+00 2.163811870057301689e-01 7.836188129942698311e-01
1.000000000000000000e+00 1.000000000000000000e+00 3.850869827584522120e-01 6.149130172415477880e-01
0.000000000000000000e+00 1.000000000000000000e+00 3.823004446569121528e-01 6.176995553430878472e-01
1.000000000000000000e+00 1.000000000000000000e+00 1.996698598152996107e-01 8.003301401847003893e-01
0.000000000000000000e+00 1.000000000000000000e+00 3.239944016431953733e-01 6.760055983568046267e-01
0.000000000000000000e+00 0.000000000000000000e+00 5.015283904428554651e-01 4.984716095571445349e-01
0.000000000000000000e+00 1.000000000000000000e+00 3.641943241715761559e-01 6.358056758284238441e-01
0.000000000000000000e+00 0.000000000000000000e+00 5.484875955111259138e-01 4.515124044888741417e-01
1.000000000000000000e+00 0.000000000000000000e+00 5.070485460313148840e-01 4.929514539686851160e-01
1.000000000000000000e+00 1.000000000000000000e+00 4.512323925525343338e-01 5.487676074474656662e-01
1.000000000000000000e+00 1.000000000000000000e+00 4.792673431430248820e-01 5.207326568569751180e-01
0.000000000000000000e+00 1.000000000000000000e+00 3.635012227364964321e-01 6.364987772635035679e-01
1.000000000000000000e+00 1.000000000000000000e+00 4.200771068963967680e-01 5.799228931036032320e-01
1.000000000000000000e+00 0.000000000000000000e+00 6.434035444163883621e-01 3.565964555836116934e-01
1.000000000000000000e+00 1.000000000000000000e+00 4.345101963433054548e-01 5.654898036566945452e-01
1.000000000000000000e+00 0.000000000000000000e+00 5.934936166093063292e-01 4.065063833906937263e-01
1.000000000000000000e+00 0.000000000000000000e+00 5.433146921823761577e-01 4.566853078176237868e-01
1.000000000000000000e+00 0.000000000000000000e+00 7.519161760920645143e-01 2.480838239079355134e-01
1.000000000000000000e+00 1.000000000000000000e+00 4.936444845256195979e-01 5.063555154743804021e-01
1.000000000000000000e+00 0.000000000000000000e+00 5.653170106175160470e-01 4.346829893824840085e-01
1.000000000000000000e+00 1.000000000000000000e+00 2.317926196524768834e-01 7.682073803475231166e-01
1.000000000000000000e+00 0.000000000000000000e+00 5.234639578882906985e-01 4.765360421117093015e-01
1.000000000000000000e+00 0.000000000000000000e+00 6.568270600289294325e-01 3.431729399710705120e-01
1.000000000000000000e+00 0.000000000000000000e+00 6.298013406398510483e-01 3.701986593601489517e-01
1.000000000000000000e+00 1.000000000000000000e+00 4.067578966318817768e-01 5.932421033681182232e-01
0.000000000000000000e+00 1.000000000000000000e+00 2.436302430700185706e-01 7.563697569299814294e-01
1.000000000000000000e+00 1.000000000000000000e+00 3.136902175925395664e-01 6.863097824074604336e-01
1.000000000000000000e+00 1.000000000000000000e+00 2.020152740805714053e-01 7.979847259194285947e-01
0.000000000000000000e+00 1.000000000000000000e+00 4.789932986650069502e-01 5.210067013349930498e-01
0.000000000000000000e+00 0.000000000000000000e+00 5.606279633299919851e-01 4.393720366700080704e-01
1.000000000000000000e+00 1.000000000000000000e+00 2.201487822244631021e-01 7.798512177755368979e-01
1.000000000000000000e+00 1.000000000000000000e+00 4.376688531806024463e-01 5.623311468193975537e-01
1.000000000000000000e+00 1.000000000000000000e+00 3.002623053873577641e-01 6.997376946126422359e-01
0.000000000000000000e+00 0.000000000000000000e+00 5.605916108500644812e-01 4.394083891499355188e-01
1.000000000000000000e+00 0.000000000000000000e+00 5.819906118248521221e-01 4.180093881751478779e-01
0.000000000000000000e+00 1.000000000000000000e+00 4.832684868963594838e-01 5.167315131036405162e-01
1.000000000000000000e+00 1.000000000000000000e+00 3.312614185561055802e-01 6.687385814438944198e-01
1.000000000000000000e+00 0.000000000000000000e+00 7.412394164429758625e-01 2.587605835570241375e-01
1.000000000000000000e+00 0.000000000000000000e+00 5.504276388175761703e-01 4.495723611824238852e-01
1.000000000000000000e+00 1.000000000000000000e+00 3.175410698253976483e-01 6.824589301746023517e-01
1.000000000000000000e+00 1.000000000000000000e+00 4.544539121831518980e-01 5.455460878168481020e-01
1.000000000000000000e+00 1.000000000000000000e+00 3.583514842431281266e-01 6.416485157568718734e-01
0.000000000000000000e+00 0.000000000000000000e+00 6.115612590467044418e-01 3.884387409532955582e-01
1.000000000000000000e+00 1.000000000000000000e+00 4.062895039968290600e-01 5.937104960031709400e-01
1.000000000000000000e+00 1.000000000000000000e+00 3.119752381819480558e-01 6.880247618180519442e-01
1.000000000000000000e+00 1.000000000000000000e+00 3.188685280086027696e-01 6.811314719913972304e-01
1.000000000000000000e+00 1.000000000000000000e+00 3.932219568544117472e-01 6.067780431455882528e-01
1.000000000000000000e+00 0.000000000000000000e+00 5.877004839782744572e-01 4.122995160217255428e-01
0.000000000000000000e+00 0.000000000000000000e+00 6.444395655740384754e-01 3.555604344259615801e-01
1.000000000000000000e+00 1.000000000000000000e+00 3.095138674993335171e-01 6.904861325006664829e-01
1.000000000000000000e+00 1.000000000000000000e+00 4.424387388523938203e-01 5.575612611476061797e-01
1.000000000000000000e+00 1.000000000000000000e+00 2.327475306300204050e-01 7.672524693699795950e-01
0.000000000000000000e+00 0.000000000000000000e+00 5.808510243125664108e-01 4.191489756874335892e-01
1.000000000000000000e+00 1.000000000000000000e+00 4.375824802354107979e-01 5.624175197645892021e-01
1.000000000000000000e+00 0.000000000000000000e+00 5.879658999025996202e-01 4.120341000974004353e-01
0.000000000000000000e+00 1.000000000000000000e+00 4.725020773540096197e-01 5.274979226459903803e-01
1.000000000000000000e+00 1.000000000000000000e+00 3.040343226134417653e-01 6.959656773865582347e-01
1.000000000000000000e+00 1.000000000000000000e+00 2.829749681756786872e-01 7.170250318243213128e-01
1.000000000000000000e+00 1.000000000000000000e+00 2.305307585580658181e-01 7.694692414419341819e-01
1.000000000000000000e+00 0.000000000000000000e+00 5.300773756640482226e-01 4.699226243359518329e-01
1.000000000000000000e+00 1.000000000000000000e+00 2.949587447620021230e-01 7.050412552379978770e-01
0.000000000000000000e+00 1.000000000000000000e+00 4.356693641712998666e-01 5.643306358287001334e-01
1.000000000000000000e+00 1.000000000000000000e+00 4.465568444541219151e-01 5.534431555458780849e-01
1.000000000000000000e+00 0.000000000000000000e+00 7.046345844461843200e-01 2.953654155538157355e-01
0.000000000000000000e+00 1.000000000000000000e+00 4.003748609831093708e-01 5.996251390168906292e-01
0.000000000000000000e+00 0.000000000000000000e+00 7.338294539068050959e-01 2.661705460931949041e-01
1.000000000000000000e+00 1.000000000000000000e+00 2.882978590257748719e-01 7.117021409742251281e-01
1.000000000000000000e+00 1.000000000000000000e+00 3.214246928545411164e-01 6.785753071454588836e-01
0.000000000000000000e+00 1.000000000000000000e+00 2.418823599698145532e-01 7.581176400301854468e-01
1.000000000000000000e+00 0.000000000000000000e+00 5.752745849178440007e-01 4.247254150821560548e-01
1.000000000000000000e+00 1.000000000000000000e+00 2.841843656927435235e-01 7.158156343072564765e-01
1.000000000000000000e+00 1.000000000000000000e+00 3.329295467532964459e-01 6.670704532467035541e-01
1.000000000000000000e+00 1.000000000000000000e+00 1.664772467008929224e-01 8.335227532991070776e-01
0.000000000000000000e+00 0.000000000000000000e+00 8.520590996969694686e-01 1.479409003030305314e-01
0.000000000000000000e+00 1.000000000000000000e+00 3.414084888414595786e-01 6.585915111585404214e-01
1.000000000000000000e+00 1.000000000000000000e+00 4.772132580785102274e-01 5.227867419214897726e-01
1.000000000000000000e+00 1.000000000000000000e+00 2.666037258998729120e-01 7.333962741001270880e-01
0.000000000000000000e+00 0.000000000000000000e+00 5.660421759792576557e-01 4.339578240207423443e-01
1.000000000000000000e+00 0.000000000000000000e+00 6.535825115863468371e-01 3.464174884136531629e-01
1.000000000000000000e+00 0.000000000000000000e+00 7.628544423016001552e-01 2.371455576983998170e-01
1.000000000000000000e+00 1.000000000000000000e+00 4.585700671942964934e-01 5.414299328057035066e-01
0.000000000000000000e+00 0.000000000000000000e+00 6.128277967919467661e-01 3.871722032080532339e-01
1.000000000000000000e+00 1.000000000000000000e+00 2.745579373036918236e-01 7.254420626963081764e-01
1.000000000000000000e+00 0.000000000000000000e+00 7.170260251822151432e-01 2.829739748177848013e-01
0.000000000000000000e+00 1.000000000000000000e+00 3.589521434369579156e-01 6.410478565630420844e-01
1.000000000000000000e+00 1.000000000000000000e+00 4.696436475719523163e-01 5.303563524280476837e-01
0.000000000000000000e+00 0.000000000000000000e+00 6.466936856221037200e-01 3.533063143778962800e-01
0.000000000000000000e+00 1.000000000000000000e+00 4.585677422768505984e-01 5.414322577231494016e-01
1.000000000000000000e+00 1.000000000000000000e+00 4.582994273895583115e-01 5.417005726104416885e-01
1.000000000000000000e+00 1.000000000000000000e+00 4.127010082553408399e-01 5.872989917446591601e-01
1.000000000000000000e+00 0.000000000000000000e+00 5.767715209986730152e-01 4.232284790013269293e-01
0.000000000000000000e+00 1.000000000000000000e+00 2.982087333208746083e-01 7.017912666791253917e-01
1.000000000000000000e+00 1.000000000000000000e+00 4.955375841598863573e-01 5.044624158401136427e-01
0.000000000000000000e+00 0.000000000000000000e+00 6.462036693772699181e-01 3.537963306227301374e-01
1.000000000000000000e+00 0.000000000000000000e+00 5.730506486143858158e-01 4.269493513856141287e-01
1.000000000000000000e+00 1.000000000000000000e+00 1.759695837222774450e-01 8.240304162777225550e-01
1.000000000000000000e+00 1.000000000000000000e+00 4.953765297533523349e-01 5.046234702466476651e-01
1.000000000000000000e+00 1.000000000000000000e+00 7.415574245984202228e-02 9.258442575401579777e-01
1.000000000000000000e+00 0.000000000000000000e+00 7.533227244073632534e-01 2.466772755926367466e-01
1.000000000000000000e+00 0.000000000000000000e+00 6.082757411109032120e-01 3.917242588890967880e-01
1.000000000000000000e+00 0.000000000000000000e+00 5.218428238053136603e-01 4.781571761946862842e-01
1.000000000000000000e+00 1.000000000000000000e+00 4.313028655225881192e-01 5.686971344774118808e-01
1.000000000000000000e+00 0.000000000000000000e+00 7.916828044665753517e-01 2.083171955334246761e-01
0.000000000000000000e+00 0.000000000000000000e+00 6.083109509314648111e-01 3.916890490685351889e-01
0.000000000000000000e+00 1.000000000000000000e+00 3.208865683236040711e-01 6.791134316763959289e-01
1.000000000000000000e+00 0.000000000000000000e+00 6.352458916693520807e-01 3.647541083306479193e-01
0.000000000000000000e+00 1.000000000000000000e+00 1.579454767647421320e-01 8.420545232352578680e-01
1.000000000000000000e+00 1.000000000000000000e+00 4.680148023044838901e-01 5.319851976955161099e-01
1.000000000000000000e+00 0.000000000000000000e+00 5.203441415588310193e-01 4.796558584411690362e-01
1.000000000000000000e+00 1.000000000000000000e+00 2.948043304570946432e-01 7.051956695429053568e-01
1.000000000000000000e+00 1.000000000000000000e+00 2.963660476159968304e-01 7.036339523840031696e-01
0.000000000000000000e+00 0.000000000000000000e+00 6.331727859435051231e-01 3.668272140564948769e-01
1.000000000000000000e+00 1.000000000000000000e+00 4.623512481281211173e-01 5.376487518718788827e-01
1.000000000000000000e+00 1.000000000000000000e+00 1.959971529982633687e-01 8.040028470017366313e-01
0.000000000000000000e+00 1.000000000000000000e+00 4.161547517565209464e-01 5.838452482434790536e-01
1.000000000000000000e+00 1.000000000000000000e+00 3.052511859113720138e-01 6.947488140886279862e-01
1.000000000000000000e+00 1.000000000000000000e+00 2.960196135947082974e-01 7.039803864052917026e-01
0.000000000000000000e+00 0.000000000000000000e+00 7.455185739917608023e-01 2.544814260082391977e-01
1.000000000000000000e+00 0.000000000000000000e+00 6.026188490840698186e-01 3.973811509159302369e-01
1.000000000000000000e+00 0.000000000000000000e+00 7.648148290955563144e-01 2.351851709044436300e-01
1.000000000000000000e+00 0.000000000000000000e+00 5.614419593551296384e-01 4.385580406448703616e-01
1.000000000000000000e+00 1.000000000000000000e+00 3.534533458998851962e-01 6.465466541001148038e-01
0.000000000000000000e+00 1.000000000000000000e+00 2.032126655519704839e-01 7.967873344480295161e-01
1.000000000000000000e+00 0.000000000000000000e+00 5.907670400139750644e-01 4.092329599860249356e-01
1.000000000000000000e+00 0.000000000000000000e+00 6.332606386850123670e-01 3.667393613149876885e-01
1.000000000000000000e+00 1.000000000000000000e+00 4.336802178020715548e-01 5.663197821979284452e-01
1.000000000000000000e+00 1.000000000000000000e+00 3.719813669869842521e-01 6.280186330130157479e-01
1.000000000000000000e+00 1.000000000000000000e+00 3.787589250535097207e-01 6.212410749464902793e-01
0.000000000000000000e+00 1.000000000000000000e+00 3.831112599221430104e-01 6.168887400778569896e-01
1.000000000000000000e+00 0.000000000000000000e+00 7.916653323311850787e-01 2.083346676688148658e-01
1.000000000000000000e+00 1.000000000000000000e+00 3.020447758459047227e-01 6.979552241540952773e-01
1.000000000000000000e+00 0.000000000000000000e+00 5.091387578989867713e-01 4.908612421010132287e-01
1.000000000000000000e+00 1.000000000000000000e+00 1.632217559974028509e-01 8.367782440025971491e-01
1.000000000000000000e+00 0.000000000000000000e+00 6.377335896982447849e-01 3.622664103017552151e-01
1.000000000000000000e+00 1.000000000000000000e+00 2.240916098338748830e-01 7.759083901661251170e-01
1.000000000000000000e+00 0.000000000000000000e+00 7.626688011593509842e-01 2.373311988406489881e-01
0.000000000000000000e+00 0.000000000000000000e+00 5.648525580446754901e-01 4.351474419553245099e-01
1.000000000000000000e+00 1.000000000000000000e+00 3.687076783809631886e-01 6.312923216190368114e-01
0.000000000000000000e+00 1.000000000000000000e+00 4.655382743385262367e-01 5.344617256614737633e-01
1.000000000000000000e+00 1.000000000000000000e+00 1.313762493611623228e-01 8.686237506388376772e-01
0.000000000000000000e+00 1.000000000000000000e+00 3.215441506131521132e-01 6.784558493868478868e-01
0.000000000000000000e+00 0.000000000000000000e+00 6.545698797415273607e-01 3.454301202584725838e-01
0.000000000000000000e+00 0.000000000000000000e+00 7.736511236106128342e-01 2.263488763893871936e-01
1.000000000000000000e+00 1.000000000000000000e+00 2.227517284494933136e-01 7.772482715505066864e-01
1.000000000000000000e+00 0.000000000000000000e+00 5.670262670392651749e-01 4.329737329607348251e-01
1.000000000000000000e+00 0.000000000000000000e+00 7.366298324676667786e-01 2.633701675323332214e-01
1.000000000000000000e+00 0.000000000000000000e+00 5.550272950594326016e-01 4.449727049405673984e-01
0.000000000000000000e+00 1.000000000000000000e+00 4.923877164216212687e-01 5.076122835783787313e-01
0.000000000000000000e+00 0.000000000000000000e+00 5.791925799300412514e-01 4.208074200699588041e-01
1.000000000000000000e+00 1.000000000000000000e+00 3.834628895089472467e-01 6.165371104910527533e-01
1.000000000000000000e+00 1.000000000000000000e+00 3.626848679953108556e-01 6.373151320046891444e-01
0.000000000000000000e+00 1.000000000000000000e+00 2.702550603991478173e-01 7.297449396008521827e-01
1.000000000000000000e+00 1.000000000000000000e+00 4.470902214371268446e-01 5.529097785628731554e-01
0.000000000000000000e+00 0.000000000000000000e+00 6.407688162257318965e-01 3.592311837742681591e-01
1.000000000000000000e+00 0.000000000000000000e+00 5.663291857414418651e-01 4.336708142585581904e-01
0.000000000000000000e+00 1.000000000000000000e+00 3.591321252402551734e-01 6.408678747597448266e-01
0.000000000000000000e+00 1.000000000000000000e+00 4.863567856833794778e-01 5.136432143166205222e-01
