0.000000000000000000e+00 0.000000000000000000e+00 9.887179927425048254e-01 1.128200725749524402e-02
0.000000000000000000e+00 0.000000000000000000e+00 5.768474279288741124e-01 4.231525720711261096e-01
0.000000000000000000e+00 0.000000000000000000e+00 8.905895063446921389e-01 1.094104936553078333e-01
0.000000000000000000e+00 0.000000000000000000e+00 7.461570172293546799e-01 2.538429827706453756e-01
0.000000000000000000e+00 0.000000000000000000e+00 9.580537254723201501e-01 4.194627452767980130e-02
0.000000000000000000e+00 0.000000000000000000e+00 7.036889205391986257e-01 2.963110794608013188e-01
0.000000000000000000e+00 0.000000000000000000e+00 8.940219453017587137e-01 1.059780546982411475e-01
0.000000000000000000e+00 1.000000000000000000e+00 3.986282201967028538e-01 6.013717798032971462e-01
0.000000000000000000e+00 0.000000000000000000e+00 9.789303306608200250e-01 2.106966933917991253e-02
0.000000000000000000e+00 0.000000000000000000e+00 7.073423763768956762e-01 2.926576236231042683e-01
0.000000000000000000e+00 0.000000000000000000e+00 8.784113745249028105e-01 1.215886254750970785e-01
0.000000000000000000e+00 0.000000000000000000e+00 9.882109984078143450e-01 1.178900159218555094e-02
0.000000000000000000e+00 0.000000000000000000e+00 9.838281385663993905e-01 1.617186143360072395e-02
0.000000000000000000e+00 0.000000000000000000e+00 9.992527111470316248e-01 7.472888529684079597e-04
0.000000000000000000e+00 0.000000000000000000e+00 9.434900251954950745e-01 5.650997480450499488e-02
0.000000000000000000e+00 0.000000000000000000e+00 9.906646950419538689e-01 9.335304958046188387e-03
0.000000000000000000e+00 0.000000000000000000e+00 8.991793577354998401e-01 1.008206422645002431e-01
0.000000000000000000e+00 0.000000000000000000e+00 8.463785509152965680e-01 1.536214490847032654e-01
0.000000000000000000e+00 1.000000000000000000e+00 5.937733125882803040e-03 9.940622668741171397e-01
0.000000000000000000e+00 0.000000000000000000e+00 8.138086982144024928e-01 1.861913017855975905e-01
0.000000000000000000e+00 0.000000000000000000e+00 9.116809073043716793e-01 8.831909269562833453e-02
0.000000000000000000e+00 0.000000000000000000e+00 7.545501054326957391e-01 2.454498945673042887e-01
0.000000000000000000e+00 0.000000000000000000e+00 9.228592797452886964e-01 7.714072025471126193e-02
0.000000000000000000e+00 0.000000000000000000e+00 8.749621990623893675e-01 1.250378009376106048e-01
0.000000000000000000e+00 0.000000000000000000e+00 9.518835835904686515e-01 4.811641640953136928e-02
0.000000000000000000e+00 0.000000000000000000e+00 9.047647046917718372e-01 9.523529530822844036e-02
0.000000000000000000e+00 0.000000000000000000e+00 9.782246893507344776e-01 2.177531064926558832e-02
0.000000000000000000e+00 1.000000000000000000e+00 8.518781916897998074e-02 9.148121808310201164e-01
0.000000000000000000e+00 0.000000000000000000e+00 9.161344537876434657e-01 8.386554621235664531e-02
0.000000000000000000e+00 0.000000000000000000e+00 9.816834625303091366e-01 1.831653746969075930e-02
0.000000000000000000e+00 0.000000000000000000e+00 8.647411465757841587e-01 1.352588534242159246e-01
0.000000000000000000e+00 0.000000000000000000e+00 8.078061100552730300e-01 1.921938899447268589e-01
0.000000000000000000e+00 0.000000000000000000e+00 9.525898810137849448e-01 4.741011898621515924e-02
0.000000000000000000e+00 0.000000000000000000e+00 8.204418924961581761e-01 1.795581075038415186e-01
1.000000000000000000e+00 0.000000000000000000e+00 6.067637310153396468e-01 3.932362689846604087e-01
1.000000000000000000e+00 1.000000000000000000e+00 1.117145059030988652e-01 8.882854940969010515e-01
1.000000000000000000e+00 1.000000000000000000e+00 7.712419062432570841e-08 9.999999228758095215e-01
1.000000000000000000e+00 1.000000000000000000e+00 4.582104528878279984e-11 9.999999999541789863e-01
1.000000000000000000e+00 1.000000000000000000e+00 1.127299217947656499e-07 9.999998872700781583e-01
1.000000000000000000e+00 1.000000000000000000e+00 3.717075336628750319e-10 9.999999996282924464e-01
1.000000000000000000e+00 1.000000000000000000e+00 3.773753134591389252e-02 9.622624686540860450e-01
1.000000000000000000e+00 1.000000000000000000e+00 5.988656686375288742e-08 9.999999401134331833e-01
1.000000000000000000e+00 1.000000000000000000e+00 2.414341685486630640e-01 7.585658314513368250e-01
1.000000000000000000e+00 1.000000000000000000e+00 2.640633382546799315e-02 9.735936661745320242e-01
1.000000000000000000e+00 0.000000000000000000e+00 6.622931682907099438e-01 3.377068317092900007e-01
1.000000000000000000e+00 1.000000000000000000e+00 1.347393828183511208e-02 9.865260617181648151e-01
1.000000000000000000e+00 1.000000000000000000e+00 1.237648393276764974e-08 9.999999876235160512e-01
1.000000000000000000e+00 1.000000000000000000e+00 5.740068594780676098e-08 9.999999425993140179e-01
1.000000000000000000e+00 1.000000000000000000e+00 6.354370834550193692e-02 9.364562916544980631e-01
1.000000000000000000e+00 1.000000000000000000e+00 2.663610342435765790e-02 9.733638965756422623e-01
1.000000000000000000e+00 1.000000000000000000e+00 4.307503045584732022e-06 9.999956924969544136e-01
1.000000000000000000e+00 1.000000000000000000e+00 1.017070144510907326e-01 8.982929855489091286e-01
1.000000000000000000e+00 1.000000000000000000e+00 3.648603232888312402e-08 9.999999635139676935e-01
1.000000000000000000e+00 1.000000000000000000e+00 3.000000899999980113e-14 9.999999999999699130e-01
1.000000000000000000e+00 1.000000000000000000e+00 1.084709045200220622e-07 9.999998915290955193e-01
1.000000000000000000e+00 1.000000000000000000e+00 3.569789677418771115e-07 9.999996430210321696e-01
1.000000000000000000e+00 1.000000000000000000e+00 5.089640718197363544e-08 9.999999491035929111e-01
1.000000000000000000e+00 1.000000000000000000e+00 6.806853629398926936e-03 9.931931463706010765e-01
1.000000000000000000e+00 1.000000000000000000e+00 2.766881581780296084e-01 7.233118418219705026e-01
1.000000000000000000e+00 1.000000000000000000e+00 1.864966241911984889e-05 9.999813503375808432e-01
1.000000000000000000e+00 0.000000000000000000e+00 8.878282030852977513e-01 1.121717969147020266e-01
1.000000000000000000e+00 1.000000000000000000e+00 2.168573028061651579e-06 9.999978314269719615e-01
1.000000000000000000e+00 1.000000000000000000e+00 2.073662190041241248e-09 9.999999979263377581e-01
1.000000000000000000e+00 1.000000000000000000e+00 7.350498023132592817e-10 9.999999992649502012e-01
1.000000000000000000e+00 1.000000000000000000e+00 2.270983994940353745e-01 7.729016005059646810e-01
1.000000000000000000e+00 1.000000000000000000e+00 4.934617524430491616e-13 9.999999999995065059e-01
1.000000000000000000e+00 1.000000000000000000e+00 1.875717596812156440e-01 8.124282403187843560e-01
1.000000000000000000e+00 0.000000000000000000e+00 7.324510287598502423e-01 2.675489712401495357e-01
1.000000000000000000e+00 1.000000000000000000e+00 3.195868769014033084e-06 9.999968041312309319e-01
1.000000000000000000e+00 1.000000000000000000e+00 1.533276952062518315e-02 9.846672304793749886e-01
1.000000000000000000e+00 0.000000000000000000e+00 7.652770235213726124e-01 2.347229764786274153e-01
1.000000000000000000e+00 1.000000000000000000e+00 1.192784031012802561e-08 9.999999880721596179e-01
1.000000000000000000e+00 1.000000000000000000e+00 5.268027560428704958e-02 9.473197243957129920e-01
1.000000000000000000e+00 1.000000000000000000e+00 1.921453164326664232e-10 9.999999998078547003e-01
1.000000000000000000e+00 1.000000000000000000e+00 2.581854059129407690e-06 9.999974181459407863e-01
1.000000000000000000e+00 1.000000000000000000e+00 8.529992903347302333e-11 9.999999999147000107e-01
1.000000000000000000e+00 1.000000000000000000e+00 1.053146282651935097e-06 9.999989468537172632e-01
1.000000000000000000e+00 1.000000000000000000e+00 2.819310536828850133e-01 7.180689463171149312e-01
1.000000000000000000e+00 1.000000000000000000e+00 1.031743910796469364e-06 9.999989682560891380e-01
1.000000000000000000e+00 1.000000000000000000e+00 1.061675856784155894e-02 9.893832414321582780e-01
1.000000000000000000e+00 1.000000000000000000e+00 5.901161960220627101e-06 9.999940988380398021e-01
1.000000000000000000e+00 1.000000000000000000e+00 9.612297904919603640e-06 9.999903877020950294e-01
1.000000000000000000e+00 1.000000000000000000e+00 7.705080222525910022e-07 9.999992294919778368e-01
1.000000000000000000e+00 1.000000000000000000e+00 3.000000899999980113e-14 9.999999999999699130e-01
1.000000000000000000e+00 1.000000000000000000e+00 1.793160547053209569e-02 9.820683945294680361e-01
1.000000000000000000e+00 0.000000000000000000e+00 7.620835830017544943e-01 2.379164169982453669e-01
1.000000000000000000e+00 1.000000000000000000e+00 4.252919382318923018e-03 9.957470806176810241e-01
1.000000000000000000e+00 1.000000000000000000e+00 5.852454411273260014e-07 9.999994147545588907e-01
1.000000000000000000e+00 0.000000000000000000e+00 7.641564159711050630e-01 2.358435840288949648e-01
1.000000000000000000e+00 1.000000000000000000e+00 4.347592434111101183e-03 9.956524075658887973e-01
1.000000000000000000e+00 1.000000000000000000e+00 4.192826970583618529e-02 9.580717302941637037e-01
1.000000000000000000e+00 1.000000000000000000e+00 4.612569531694061532e-08 9.999999538743047367e-01
1.000000000000000000e+00 1.000000000000000000e+00 5.412378048946212342e-03 9.945876219510537686e-01
1.000000000000000000e+00 1.000000000000000000e+00 3.891944502692522412e-07 9.999996108055497768e-01
1.000000000000000000e+00 1.000000000000000000e+00 7.250217750542920820e-08 9.999999274978225161e-01
1.000000000000000000e+00 1.000000000000000000e+00 7.163842835630814160e-08 9.999999283615716994e-01
1.000000000000000000e+00 1.000000000000000000e+00 1.264818356676900013e-01 8.735181643323102207e-01
1.000000000000000000e+00 0.000000000000000000e+00 8.805880908622034653e-01 1.194119091377966041e-01
1.000000000000000000e+00 1.000000000000000000e+00 6.854563756731196702e-08 9.999999314543623896e-01
1.000000000000000000e+00 1.000000000000000000e+00 4.699980488008581765e-03 9.953000195119914295e-01
0.000000000000000000e+00 0.000000000000000000e+00 9.595785231777641533e-01 4.042147682223597160e-02
0.000000000000000000e+00 0.000000000000000000e+00 9.898256785908334798e-01 1.017432140916656874e-02
0.000000000000000000e+00 0.000000000000000000e+00 9.560385622763342139e-01 4.396143772366579300e-02
0.000000000000000000e+00 0.000000000000000000e+00 9.924131460198998278e-01 7.586853980100099343e-03
0.000000000000000000e+00 0.000000000000000000e+00 9.318865558027716878e-01 6.811344419722810406e-02
0.000000000000000000e+00 0.000000000000000000e+00 9.391080563817884030e-01 6.089194361821183982e-02
0.000000000000000000e+00 0.000000000000000000e+00 9.900669646512997302e-01 9.933035348700325340e-03
0.000000000000000000e+00 0.000000000000000000e+00 7.634199899806057843e-01 2.365800100193942157e-01
0.000000000000000000e+00 0.000000000000000000e+00 9.559350685978490469e-01 4.406493140215086285e-02
0.000000000000000000e+00 0.000000000000000000e+00 8.936976737323792941e-01 1.063023262676204422e-01
0.000000000000000000e+00 0.000000000000000000e+00 5.371592962199480681e-01 4.628407037800519319e-01
0.000000000000000000e+00 0.000000000000000000e+00 9.490833235080661234e-01 5.091667649193379330e-02
0.000000000000000000e+00 0.000000000000000000e+00 9.560517982376094404e-01 4.394820176239069148e-02
0.000000000000000000e+00 0.000000000000000000e+00 9.605147011528248902e-01 3.948529884717517924e-02
0.000000000000000000e+00 0.000000000000000000e+00 8.662898690766770438e-01 1.337101309233228730e-01
0.000000000000000000e+00 0.000000000000000000e+00 7.018383647890803489e-01 2.981616352109195955e-01
0.000000000000000000e+00 0.000000000000000000e+00 9.524094708360654193e-01 4.759052916393467086e-02
0.000000000000000000e+00 0.000000000000000000e+00 8.837596556760621835e-01 1.162403443239377193e-01
0.000000000000000000e+00 0.000000000000000000e+00 8.853337860851248076e-01 1.146662139148749565e-01
0.000000000000000000e+00 0.000000000000000000e+00 9.446587390624822111e-01 5.534126093751785130e-02
0.000000000000000000e+00 0.000000000000000000e+00 8.868675006869199962e-01 1.131324993130801565e-01
0.000000000000000000e+00 1.000000000000000000e+00 5.252722320400615708e-01 4.747277679599383737e-01
0.000000000000000000e+00 0.000000000000000000e+00 8.114246499184928352e-01 1.885753500815072203e-01
0.000000000000000000e+00 0.000000000000000000e+00 6.993204610432263157e-01 3.006795389567736287e-01
0.000000000000000000e+00 0.000000000000000000e+00 9.852077680062881759e-01 1.479223199371195764e-02
0.000000000000000000e+00 0.000000000000000000e+00 8.750422877640353647e-01 1.249577122359644410e-01
0.000000000000000000e+00 0.000000000000000000e+00 5.351784958872415343e-01 4.648215041127585212e-01
0.000000000000000000e+00 0.000000000000000000e+00 9.120315660468186758e-01 8.796843395318112990e-02
0.000000000000000000e+00 0.000000000000000000e+00 6.951163504979964713e-01 3.048836495020037507e-01
0.000000000000000000e+00 0.000000000000000000e+00 8.664789996424379082e-01 1.335210003575621474e-01
0.000000000000000000e+00 0.000000000000000000e+00 9.229407516030468939e-01 7.705924839695320328e-02
0.000000000000000000e+00 0.000000000000000000e+00 9.886779712605807680e-01 1.132202873941938470e-02
0.000000000000000000e+00 0.000000000000000000e+00 9.523102193538836024e-01 4.768978064611632817e-02
1.000000000000000000e+00 1.000000000000000000e+00 3.238920271764725960e-08 9.999999676107972357e-01
1.000000000000000000e+00 1.000000000000000000e+00 2.543611861693884743e-08 9.999999745638813442e-01
1.000000000000000000e+00 1.000000000000000000e+00 3.000000899999980113e-14 9.999999999999699130e-01
1.000000000000000000e+00 1.000000000000000000e+00 1.955856934648996653e-02 9.804414306535100820e-01
1.000000000000000000e+00 1.000000000000000000e+00 1.204287876962429650e-02 9.879571212303758232e-01
1.000000000000000000e+00 1.000000000000000000e+00 4.949627417546369722e-03 9.950503725824534351e-01
1.000000000000000000e+00 1.000000000000000000e+00 2.434065589849015769e-08 9.999999756593440647e-01
1.000000000000000000e+00 0.000000000000000000e+00 9.617126204235246778e-01 3.828737957647524587e-02
1.000000000000000000e+00 1.000000000000000000e+00 4.935345617336042712e-02 9.506465438266396006e-01
1.000000000000000000e+00 1.000000000000000000e+00 3.004718885358186947e-06 9.999969952811146312e-01
1.000000000000000000e+00 1.000000000000000000e+00 1.765289818730795268e-01 8.234710181269204732e-01
1.000000000000000000e+00 0.000000000000000000e+00 8.090555637505931763e-01 1.909444362494069347e-01
1.000000000000000000e+00 1.000000000000000000e+00 3.856601862567272294e-07 9.999996143398137693e-01
1.000000000000000000e+00 1.000000000000000000e+00 2.975812789771614300e-10 9.999999997024188181e-01
1.000000000000000000e+00 1.000000000000000000e+00 1.948568322781166327e-06 9.999980514316771929e-01
1.000000000000000000e+00 1.000000000000000000e+00 2.125373620385224149e-01 7.874626379614776406e-01
1.000000000000000000e+00 0.000000000000000000e+00 8.860486206251151353e-01 1.139513793748851006e-01
1.000000000000000000e+00 1.000000000000000000e+00 6.898752773938874471e-08 9.999999310124721985e-01
1.000000000000000000e+00 1.000000000000000000e+00 6.542293113298633407e-08 9.999999345770688164e-01
1.000000000000000000e+00 1.000000000000000000e+00 1.035880776306169182e-07 9.999998964119224398e-01
1.000000000000000000e+00 1.000000000000000000e+00 5.949350334694549804e-03 9.940506496653053192e-01
1.000000000000000000e+00 1.000000000000000000e+00 2.897227097939044774e-06 9.999971027729019912e-01
1.000000000000000000e+00 1.000000000000000000e+00 2.823734181405633883e-02 9.717626581859435397e-01
1.000000000000000000e+00 1.000000000000000000e+00 1.437560161429549040e-08 9.999999856243982910e-01
1.000000000000000000e+00 1.000000000000000000e+00 4.312550889550327282e-01 5.687449110449672718e-01
1.000000000000000000e+00 0.000000000000000000e+00 6.680175243852161104e-01 3.319824756147838896e-01
1.000000000000000000e+00 1.000000000000000000e+00 1.675532206936740723e-02 9.832446779306324158e-01
1.000000000000000000e+00 1.000000000000000000e+00 7.421833676934834478e-02 9.257816632306514748e-01
1.000000000000000000e+00 1.000000000000000000e+00 6.857204261694814712e-09 9.999999931427957511e-01
1.000000000000000000e+00 1.000000000000000000e+00 1.025083451441505865e-05 9.999897491654855530e-01
1.000000000000000000e+00 1.000000000000000000e+00 3.517722001379400276e-01 6.482277998620599169e-01
1.000000000000000000e+00 1.000000000000000000e+00 1.256143035173907956e-07 9.999998743856963745e-01
1.000000000000000000e+00 1.000000000000000000e+00 3.270012442429581778e-02 9.672998755757042932e-01
1.000000000000000000e+00 1.000000000000000000e+00 1.028170835999538621e-06 9.999989718291639740e-01
1.000000000000000000e+00 1.000000000000000000e+00 2.610155101083232368e-11 9.999999999738984346e-01
1.000000000000000000e+00 1.000000000000000000e+00 4.905449661623947563e-03 9.950945503383760160e-01
1.000000000000000000e+00 1.000000000000000000e+00 7.131513383486265227e-03 9.928684866165137235e-01
1.000000000000000000e+00 1.000000000000000000e+00 1.706394960019845785e-05 9.999829360503997844e-01
1.000000000000000000e+00 1.000000000000000000e+00 3.777353012196002242e-03 9.962226469878041613e-01
1.000000000000000000e+00 1.000000000000000000e+00 5.294722008402570724e-06 9.999947052779915024e-01
1.000000000000000000e+00 1.000000000000000000e+00 1.629464023548194695e-01 8.370535976451807247e-01
1.000000000000000000e+00 0.000000000000000000e+00 9.999686077238969517e-01 3.139227610315618053e-05
1.000000000000000000e+00 1.000000000000000000e+00 4.908984887198153402e-01 5.091015112801847708e-01
1.000000000000000000e+00 1.000000000000000000e+00 1.475475614735484720e-01 8.524524385264516946e-01
1.000000000000000000e+00 1.000000000000000000e+00 1.703164759295006576e-10 9.999999998296835724e-01
1.000000000000000000e+00 1.000000000000000000e+00 2.152588425905050395e-01 7.847411574094950160e-01
1.000000000000000000e+00 1.000000000000000000e+00 6.531785095778132442e-06 9.999934682149042020e-01
1.000000000000000000e+00 1.000000000000000000e+00 5.430142842789276170e-02 9.456985715721071273e-01
1.000000000000000000e+00 1.000000000000000000e+00 2.002385796102484656e-07 9.999997997614203937e-01
1.000000000000000000e+00 1.000000000000000000e+00 2.501393413748548844e-01 7.498606586251451711e-01
1.000000000000000000e+00 1.000000000000000000e+00 3.048940280282665426e-09 9.999999969510597886e-01
1.000000000000000000e+00 1.000000000000000000e+00 5.976100890946117739e-02 9.402389910905387671e-01
1.000000000000000000e+00 1.000000000000000000e+00 8.450760842057270108e-06 9.999915492391578953e-01
1.000000000000000000e+00 1.000000000000000000e+00 6.308096132446774784e-08 9.999999369190387677e-01
1.000000000000000000e+00 1.000000000000000000e+00 3.731426825866099738e-08 9.999999626857317692e-01
1.000000000000000000e+00 1.000000000000000000e+00 2.274511494281248464e-02 9.772548850571874945e-01
1.000000000000000000e+00 1.000000000000000000e+00 1.659763391619173302e-06 9.999983402366083851e-01
1.000000000000000000e+00 1.000000000000000000e+00 7.183152935648580634e-10 9.999999992816847039e-01
1.000000000000000000e+00 0.000000000000000000e+00 8.712847719935339352e-01 1.287152280064659537e-01
1.000000000000000000e+00 0.000000000000000000e+00 9.727375617405790154e-01 2.726243825942102628e-02
1.000000000000000000e+00 1.000000000000000000e+00 7.268728565398419504e-09 9.999999927312713810e-01
1.000000000000000000e+00 1.000000000000000000e+00 3.247574924897730970e-06 9.999967524250750195e-01
1.000000000000000000e+00 1.000000000000000000e+00 9.321757653591410133e-09 9.999999906782423009e-01
1.000000000000000000e+00 1.000000000000000000e+00 2.157381812379781383e-02 9.784261818762020058e-01
1.000000000000000000e+00 1.000000000000000000e+00 6.081850439535447033e-09 9.999999939181495323e-01
1.000000000000000000e+00 1.000000000000000000e+00 7.842821024518380202e-03 9.921571789754815018e-01
1.000000000000000000e+00 1.000000000000000000e+00 7.035329107380968821e-08 9.999999296467089183e-01
0.000000000000000000e+00 0.000000000000000000e+00 9.385164562095602570e-01 6.148354379043963897e-02
0.000000000000000000e+00 0.000000000000000000e+00 7.802906000243651219e-01 2.197093999756347393e-01
0.000000000000000000e+00 0.000000000000000000e+00 9.380535461914570883e-01 6.194645380854298805e-02
0.000000000000000000e+00 0.000000000000000000e+00 9.938058506132416703e-01 6.194149386758311497e-03
0.000000000000000000e+00 0.000000000000000000e+00 7.473471992295943611e-01 2.526528007704054168e-01
0.000000000000000000e+00 0.000000000000000000e+00 8.989710762474575345e-01 1.010289237525423267e-01
0.000000000000000000e+00 0.000000000000000000e+00 9.218471075171248419e-01 7.815289248287507484e-02
0.000000000000000000e+00 0.000000000000000000e+00 9.976313151251088307e-01 2.368684874891226547e-03
0.000000000000000000e+00 0.000000000000000000e+00 9.669439528638169579e-01 3.305604713618306295e-02
0.000000000000000000e+00 0.000000000000000000e+00 9.286174219461444945e-01 7.138257805385565813e-02
0.000000000000000000e+00 0.000000000000000000e+00 9.962553180601264602e-01 3.744681939873718054e-03
0.000000000000000000e+00 0.000000000000000000e+00 9.716637702432030510e-01 2.833622975679696634e-02
0.000000000000000000e+00 0.000000000000000000e+00 9.678139210397636027e-01 3.218607896023638337e-02
0.000000000000000000e+00 0.000000000000000000e+00 9.241940004484781035e-01 7.580599955152184100e-02
0.000000000000000000e+00 0.000000000000000000e+00 6.500020442899147044e-01 3.499979557100852956e-01
0.000000000000000000e+00 0.000000000000000000e+00 7.961356465304461061e-01 2.038643534695539494e-01
0.000000000000000000e+00 0.000000000000000000e+00 9.552070076942582588e-01 4.479299230574167873e-02
0.000000000000000000e+00 0.000000000000000000e+00 8.148378099182119749e-01 1.851621900817880528e-01
0.000000000000000000e+00 0.000000000000000000e+00 9.842136694969226829e-01 1.578633050307730323e-02
0.000000000000000000e+00 0.000000000000000000e+00 8.682631870707701038e-01 1.317368129292298684e-01
0.000000000000000000e+00 0.000000000000000000e+00 9.411892630353602129e-01 5.881073696463983563e-02
0.000000000000000000e+00 0.000000000000000000e+00 5.289357698957340981e-01 4.710642301042658464e-01
0.000000000000000000e+00 0.000000000000000000e+00 9.563609143997158224e-01 4.363908560028403882e-02
0.000000000000000000e+00 0.000000000000000000e+00 9.636803004460815503e-01 3.631969955391849830e-02
0.000000000000000000e+00 0.000000000000000000e+00 6.776465154487943954e-01 3.223534845512056046e-01
0.000000000000000000e+00 0.000000000000000000e+00 9.036463515921099310e-01 9.635364840789011065e-02
0.000000000000000000e+00 0.000000000000000000e+00 8.477272950513123906e-01 1.522727049486877482e-01
0.000000000000000000e+00 0.000000000000000000e+00 9.318302121536501392e-01 6.816978784634974975e-02
0.000000000000000000e+00 0.000000000000000000e+00 9.172704913965921136e-01 8.272950860340790025e-02
0.000000000000000000e+00 0.000000000000000000e+00 9.265332640314656309e-01 7.346673596853431354e-02
0.000000000000000000e+00 0.000000000000000000e+00 9.432521415129322406e-01 5.674785848706771774e-02
0.000000000000000000e+00 0.000000000000000000e+00 7.896985891701783222e-01 2.103014108298217610e-01
0.000000000000000000e+00 0.000000000000000000e+00 8.694630525869756488e-01 1.305369474130244900e-01
1.000000000000000000e+00 1.000000000000000000e+00 8.428484942590869933e-07 9.999991571515057798e-01
1.000000000000000000e+00 0.000000000000000000e+00 7.260169751870344523e-01 2.739830248129656587e-01
1.000000000000000000e+00 1.000000000000000000e+00 1.274469420562192777e-06 9.999987255305794465e-01
1.000000000000000000e+00 1.000000000000000000e+00 1.491724346177181113e-09 9.999999985082755893e-01
1.000000000000000000e+00 1.000000000000000000e+00 4.535446969360412001e-02 9.546455303063957620e-01
1.000000000000000000e+00 1.000000000000000000e+00 2.033478496874235042e-01 7.966521503125765236e-01
1.000000000000000000e+00 1.000000000000000000e+00 5.327153691273149583e-02 9.467284630872684348e-01
1.000000000000000000e+00 1.000000000000000000e+00 4.183554380618902807e-02 9.581644561938109650e-01
1.000000000000000000e+00 1.000000000000000000e+00 2.047248945493934041e-09 9.999999979527509630e-01
1.000000000000000000e+00 1.000000000000000000e+00 1.407253460486891650e-01 8.592746539513107518e-01
1.000000000000000000e+00 0.000000000000000000e+00 6.293893774969903099e-01 3.706106225030097456e-01
1.000000000000000000e+00 1.000000000000000000e+00 2.702043527635639847e-02 9.729795647236434419e-01
1.000000000000000000e+00 1.000000000000000000e+00 4.364513831861475419e-09 9.999999956354862496e-01
1.000000000000000000e+00 1.000000000000000000e+00 3.163080639196781951e-01 6.836919360803218604e-01
1.000000000000000000e+00 0.000000000000000000e+00 5.171147914490941133e-01 4.828852085509058867e-01
1.000000000000000000e+00 1.000000000000000000e+00 5.047683696932084491e-06 9.999949523163029763e-01
1.000000000000000000e+00 1.000000000000000000e+00 7.936765846294805207e-03 9.920632341537053422e-01
1.000000000000000000e+00 1.000000000000000000e+00 2.518916821933489562e-07 9.999997481083179318e-01
1.000000000000000000e+00 1.000000000000000000e+00 2.307319236294279097e-08 9.999999769268075323e-01
1.000000000000000000e+00 1.000000000000000000e+00 3.542194211014286585e-03 9.964578057889857954e-01
1.000000000000000000e+00 1.000000000000000000e+00 7.795243813818623045e-03 9.922047561861814247e-01
1.000000000000000000e+00 1.000000000000000000e+00 5.598313060944919235e-06 9.999944016869390939e-01
1.000000000000000000e+00 1.000000000000000000e+00 7.309718184774588630e-03 9.926902818152254504e-01
1.000000000000000000e+00 1.000000000000000000e+00 1.362730211047082642e-06 9.999986372697888815e-01
1.000000000000000000e+00 1.000000000000000000e+00 7.439451187901917707e-10 9.999999992560548723e-01
1.000000000000000000e+00 1.000000000000000000e+00 2.493651966889367522e-01 7.506348033110631368e-01
1.000000000000000000e+00 1.000000000000000000e+00 5.607540285276237102e-02 9.439245971472377539e-01
1.000000000000000000e+00 1.000000000000000000e+00 5.903188087921438371e-02 9.409681191207855955e-01
1.000000000000000000e+00 1.000000000000000000e+00 6.805701557840058979e-02 9.319429844215993963e-01
1.000000000000000000e+00 1.000000000000000000e+00 3.324627727742612837e-02 9.667537227225738716e-01
1.000000000000000000e+00 1.000000000000000000e+00 2.492486194657952611e-02 9.750751380534204982e-01
1.000000000000000000e+00 1.000000000000000000e+00 3.497262525414535730e-14 9.999999999999649170e-01
1.000000000000000000e+00 1.000000000000000000e+00 3.882814602613772481e-02 9.611718539738625111e-01
1.000000000000000000e+00 0.000000000000000000e+00 4.726091361924851797e-01 5.273908638075147648e-01
1.000000000000000000e+00 1.000000000000000000e+00 3.651186533728869536e-03 9.963488134662707996e-01
1.000000000000000000e+00 1.000000000000000000e+00 2.097054542095444814e-09 9.999999979029453590e-01
1.000000000000000000e+00 1.000000000000000000e+00 6.938916381317526265e-11 9.999999999306109499e-01
1.000000000000000000e+00 1.000000000000000000e+00 2.011211049458063588e-02 9.798878895054192739e-01
1.000000000000000000e+00 0.000000000000000000e+00 4.322432912263350913e-01 5.677567087736647977e-01
1.000000000000000000e+00 1.000000000000000000e+00 3.202121911650619712e-02 9.679787808834937612e-01
1.000000000000000000e+00 1.000000000000000000e+00 6.664942317247570371e-06 9.999933350576828417e-01
1.000000000000000000e+00 1.000000000000000000e+00 4.789657785939164881e-10 9.999999995210341330e-01
1.000000000000000000e+00 1.000000000000000000e+00 2.129480667516455859e-06 9.999978705193325323e-01
1.000000000000000000e+00 1.000000000000000000e+00 6.710857084874068496e-07 9.999993289142915520e-01
1.000000000000000000e+00 1.000000000000000000e+00 6.563381544929439395e-08 9.999999343661845064e-01
1.000000000000000000e+00 1.000000000000000000e+00 2.612967202735754293e-03 9.973870327972641503e-01
1.000000000000000000e+00 1.000000000000000000e+00 2.487584797063978439e-07 9.999997512415204071e-01
1.000000000000000000e+00 1.000000000000000000e+00 3.394840183037794034e-06 9.999966051598169203e-01
1.000000000000000000e+00 1.000000000000000000e+00 3.541771099171360515e-02 9.645822890082865753e-01
1.000000000000000000e+00 1.000000000000000000e+00 2.382931855843703831e-02 9.761706814415629374e-01
1.000000000000000000e+00 1.000000000000000000e+00 4.011391888422227020e-02 9.598860811157778894e-01
1.000000000000000000e+00 1.000000000000000000e+00 1.614041588359932472e-07 9.999998385958410729e-01
1.000000000000000000e+00 1.000000000000000000e+00 4.001326494332754780e-03 9.959986735056671758e-01
1.000000000000000000e+00 1.000000000000000000e+00 5.574409484438135984e-08 9.999999442559051044e-01
1.000000000000000000e+00 0.000000000000000000e+00 4.541628041178155106e-01 5.458371958821846004e-01
1.000000000000000000e+00 1.000000000000000000e+00 2.472928795965079474e-01 7.527071204034918583e-01
1.000000000000000000e+00 1.000000000000000000e+00 4.137755852135089479e-02 9.586224414786492787e-01
1.000000000000000000e+00 1.000000000000000000e+00 2.362815477813978021e-02 9.763718452218602684e-01
1.000000000000000000e+00 1.000000000000000000e+00 5.596574257946111512e-03 9.944034257420539813e-01
1.000000000000000000e+00 1.000000000000000000e+00 8.554172406577334464e-02 9.144582759342265721e-01
1.000000000000000000e+00 1.000000000000000000e+00 2.764611001663934073e-02 9.723538899833605864e-01
1.000000000000000000e+00 1.000000000000000000e+00 8.997433284263330329e-06 9.999910025667156921e-01
1.000000000000000000e+00 1.000000000000000000e+00 1.109667114552550238e-01 8.890332885447448374e-01
1.000000000000000000e+00 0.000000000000000000e+00 3.784378657140122226e-01 6.215621342859878329e-01
1.000000000000000000e+00 0.000000000000000000e+00 4.096055416627514822e-01 5.903944583372485733e-01
1.000000000000000000e+00 1.000000000000000000e+00 5.422092536512776798e-03 9.945779074634873984e-01
1.000000000000000000e+00 1.000000000000000000e+00 1.050360422661853060e-01 8.949639577338145413e-01
