1.000000000000000000e+00 1.000000000000000000e+00 4.829119339481969808e-01 5.170880660518030192e-01
0.000000000000000000e+00 0.000000000000000000e+00 5.702944756468483201e-01 4.297055243531515689e-01
0.000000000000000000e+00 1.000000000000000000e+00 3.838444982632336910e-01 6.161555017367662535e-01
1.000000000000000000e+00 1.000000000000000000e+00 4.407877736929453616e-01 5.592122263070548049e-01
1.000000000000000000e+00 0.000000000000000000e+00 5.334780759099724268e-01 4.665219240900274067e-01
0.000000000000000000e+00 1.000000000000000000e+00 4.579154094570993538e-01 5.420845905429005906e-01
1.000000000000000000e+00 1.000000000000000000e+00 5.000000000000000000e-01 5.000000000000000000e-01
1.000000000000000000e+00 0.000000000000000000e+00 6.389966286215712499e-01 3.610033713784287501e-01
1.000000000000000000e+00 0.000000000000000000e+00 6.323817721478202092e-01 3.676182278521798463e-01
1.000000000000000000e+00 1.000000000000000000e+00 4.221204656951053624e-01 5.778795343048945821e-01
0.000000000000000000e+00 1.000000000000000000e+00 4.931850421264458162e-01 5.068149578735539063e-01
1.000000000000000000e+00 1.000000000000000000e+00 3.874870376245337367e-01 6.125129623754661523e-01
0.000000000000000000e+00 1.000000000000000000e+00 4.256361171319618109e-01 5.743638828680383002e-01
0.000000000000000000e+00 1.000000000000000000e+00 4.614750793716335675e-01 5.385249206283662105e-01
0.000000000000000000e+00 1.000000000000000000e+00 4.574451370092806335e-01 5.425548629907195330e-01
0.000000000000000000e+00 1.000000000000000000e+00 4.181819903210583500e-01 5.818180096789417055e-01
1.000000000000000000e+00 0.000000000000000000e+00 5.262364411698710054e-01 4.737635588301289391e-01
0.000000000000000000e+00 1.000000000000000000e+00 4.141491451041607319e-01 5.858508548958393236e-01
1.000000000000000000e+00 0.000000000000000000e+00 5.000000000000000000e-01 5.000000000000000000e-01
1.000000000000000000e+00 0.000000000000000000e+00 5.121364414354330208e-01 4.878635585645668682e-01
0.000000000000000000e+00 1.000000000000000000e+00 4.827108900617838594e-01 5.172891099382160851e-01
1.000000000000000000e+00 1.000000000000000000e+00 3.789902116333790927e-01 6.210097883666207963e-01
1.000000000000000000e+00 1.000000000000000000e+00 4.797393084353606119e-01 5.202606915646394992e-01
0.000000000000000000e+00 0.000000000000000000e+00 5.671245220754909111e-01 4.328754779245089779e-01
1.000000000000000000e+00 1.000000000000000000e+00 3.727935709042919932e-01 6.272064290957081178e-01
1.000000000000000000e+00 1.000000000000000000e+00 4.129650247575986644e-01 5.870349752424014467e-01
1.000000000000000000e+00 1.000000000000000000e+00 2.719828951298512987e-01 7.280171048701484793e-01
1.000000000000000000e+00 1.000000000000000000e+00 4.230145472484094782e-01 5.769854527515905218e-01
1.000000000000000000e+00 0.000000000000000000e+00 6.109105261504854667e-01 3.890894738495145333e-01
1.000000000000000000e+00 1.000000000000000000e+00 4.861700222753252421e-01 5.138299777246747579e-01
0.000000000000000000e+00 1.000000000000000000e+00 4.941213929819419093e-01 5.058786070180582017e-01
0.000000000000000000e+00 0.000000000000000000e+00 5.550627217193467855e-01 4.449372782806532145e-01
0.000000000000000000e+00 1.000000000000000000e+00 5.000000000000000000e-01 5.000000000000000000e-01
1.000000000000000000e+00 1.000000000000000000e+00 4.671350716230796007e-01 5.328649283769204548e-01
1.000000000000000000e+00 0.000000000000000000e+00 5.550739340300557823e-01 4.449260659699442177e-01
1.000000000000000000e+00 1.000000000000000000e+00 3.948283664747721522e-01 6.051716335252279588e-01
1.000000000000000000e+00 1.000000000000000000e+00 4.772010990445618717e-01 5.227989009554382394e-01
1.000000000000000000e+00 1.000000000000000000e+00 4.439085066495866427e-01 5.560914933504134128e-01
1.000000000000000000e+00 1.000000000000000000e+00 4.436666522263690293e-01 5.563333477736310817e-01
1.000000000000000000e+00 1.000000000000000000e+00 4.409712285994382142e-01 5.590287714005617303e-01
1.000000000000000000e+00 1.000000000000000000e+00 4.018395141623323230e-01 5.981604858376675660e-01
0.000000000000000000e+00 1.000000000000000000e+00 4.934569455748571976e-01 5.065430544251430245e-01
1.000000000000000000e+00 1.000000000000000000e+00 3.585645553461470070e-01 6.414354446538530485e-01
0.000000000000000000e+00 1.000000000000000000e+00 4.548247811289151676e-01 5.451752188710848879e-01
1.000000000000000000e+00 0.000000000000000000e+00 5.360342069883156091e-01 4.639657930116843354e-01
1.000000000000000000e+00 0.000000000000000000e+00 5.053791833532763622e-01 4.946208166467235823e-01
1.000000000000000000e+00 1.000000000000000000e+00 4.408059091602773982e-01 5.591940908397226018e-01
1.000000000000000000e+00 1.000000000000000000e+00 4.365716316499274052e-01 5.634283683500727058e-01
1.000000000000000000e+00 0.000000000000000000e+00 5.783232386531935720e-01 4.216767613468065945e-01
0.000000000000000000e+00 1.000000000000000000e+00 4.021460141455526216e-01 5.978539858544472674e-01
1.000000000000000000e+00 0.000000000000000000e+00 7.104432357442753698e-01 2.895567642557247967e-01
0.000000000000000000e+00 1.000000000000000000e+00 4.419491384659328670e-01 5.580508615340671330e-01
0.000000000000000000e+00 0.000000000000000000e+00 5.816728521605656343e-01 4.183271478394343101e-01
1.000000000000000000e+00 1.000000000000000000e+00 4.288565601979480446e-01 5.711434398020518444e-01
0.000000000000000000e+00 0.000000000000000000e+00 5.826569394159493154e-01 4.173430605840507956e-01
0.000000000000000000e+00 1.000000000000000000e+00 3.976761450474547988e-01 6.023238549525452568e-01
0.000000000000000000e+00 1.000000000000000000e+00 3.946922200678570358e-01 6.053077799321429087e-01
0.000000000000000000e+00 1.000000000000000000e+00 3.069679729781633615e-01 6.930320270218367495e-01
1.000000000000000000e+00 1.000000000000000000e+00 4.292449831346900058e-01 5.707550168653100497e-01
1.000000000000000000e+00 1.000000000000000000e+00 3.862501796275786270e-01 6.137498203724215395e-01
1.000000000000000000e+00 1.000000000000000000e+00 4.841356902877644308e-01 5.158643097122357357e-01
1.000000000000000000e+00 0.000000000000000000e+00 5.968858583484444313e-01 4.031141416515555131e-01
0.000000000000000000e+00 1.000000000000000000e+00 4.619161606619958116e-01 5.380838393380040774e-01
0.000000000000000000e+00 0.000000000000000000e+00 7.405775216811294470e-01 2.594224783188707750e-01
1.000000000000000000e+00 1.000000000000000000e+00 2.802896761265472048e-01 7.197103238734527952e-01
1.000000000000000000e+00 1.000000000000000000e+00 4.771996680024510051e-01 5.228003319975491614e-01
1.000000000000000000e+00 1.000000000000000000e+00 4.216284532852823674e-01 5.783715467147176881e-01
1.000000000000000000e+00 1.000000000000000000e+00 4.348815454653864321e-01 5.651184545346135124e-01
1.000000000000000000e+00 0.000000000000000000e+00 5.682774768758639405e-01 4.317225231241362815e-01
0.000000000000000000e+00 0.000000000000000000e+00 5.273820744638588742e-01 4.726179255361412368e-01
0.000000000000000000e+00 1.000000000000000000e+00 3.711674600557139936e-01 6.288325399442861174e-01
1.000000000000000000e+00 0.000000000000000000e+00 5.688949032779992976e-01 4.311050967220008134e-01
1.000000000000000000e+00 1.000000000000000000e+00 3.255761343886308112e-01 6.744238656113693553e-01
0.000000000000000000e+00 0.000000000000000000e+00 5.000000000000000000e-01 5.000000000000000000e-01
0.000000000000000000e+00 0.000000000000000000e+00 5.000000000000000000e-01 5.000000000000000000e-01
1.000000000000000000e+00 1.000000000000000000e+00 4.823611733514623356e-01 5.176388266485377754e-01
1.000000000000000000e+00 0.000000000000000000e+00 5.845356107227680509e-01 4.154643892772321156e-01
0.000000000000000000e+00 1.000000000000000000e+00 4.292671702241454001e-01 5.707328297758547109e-01
1.000000000000000000e+00 0.000000000000000000e+00 5.184267137751538135e-01 4.815732862248462975e-01
1.000000000000000000e+00 1.000000000000000000e+00 4.792902797491758182e-01 5.207097202508242928e-01
1.000000000000000000e+00 1.000000000000000000e+00 4.373675128130500855e-01 5.626324871869501365e-01
1.000000000000000000e+00 1.000000000000000000e+00 4.897138731915881005e-01 5.102861268084120105e-01
1.000000000000000000e+00 1.000000000000000000e+00 4.767486793772426901e-01 5.232513206227573654e-01
0.000000000000000000e+00 0.000000000000000000e+00 5.070068635104466592e-01 4.929931364895532298e-01
1.000000000000000000e+00 0.000000000000000000e+00 6.676414728649502361e-01 3.323585271350497083e-01
1.000000000000000000e+00 0.000000000000000000e+00 5.663177181883390920e-01 4.336822818116609080e-01
1.000000000000000000e+00 1.000000000000000000e+00 4.130813316517653599e-01 5.869186683482346956e-01
0.000000000000000000e+00 0.000000000000000000e+00 6.267225646055103461e-01 3.732774353944896539e-01
1.000000000000000000e+00 0.000000000000000000e+00 5.464798926776845978e-01 4.535201073223153467e-01
1.000000000000000000e+00 0.000000000000000000e+00 5.766093181191597195e-01 4.233906818808401695e-01
1.000000000000000000e+00 1.000000000000000000e+00 4.682789670709073260e-01 5.317210329290926740e-01
0.000000000000000000e+00 1.000000000000000000e+00 4.822728559028087725e-01 5.177271440971912275e-01
1.000000000000000000e+00 1.000000000000000000e+00 3.586228684695395574e-01 6.413771315304602760e-01
1.000000000000000000e+00 1.000000000000000000e+00 3.814501049662682441e-01 6.185498950337319224e-01
0.000000000000000000e+00 0.000000000000000000e+00 5.077187938263092448e-01 4.922812061736906997e-01
1.000000000000000000e+00 1.000000000000000000e+00 4.203418005981729988e-01 5.796581994018270567e-01
1.000000000000000000e+00 1.000000000000000000e+00 2.997331871068831255e-01 7.002668128931169855e-01
0.000000000000000000e+00 1.000000000000000000e+00 3.922772142930905370e-01 6.077227857069094075e-01
1.000000000000000000e+00 0.000000000000000000e+00 5.626663478513364014e-01 4.373336521486634321e-01
0.000000000000000000e+00 0.000000000000000000e+00 5.679445007534016376e-01 4.320554992465984734e-01
1.000000000000000000e+00 1.000000000000000000e+00 2.758235114880981387e-01 7.241764885119018613e-01
1.000000000000000000e+00 1.000000000000000000e+00 4.667046072910271404e-01 5.332953927089726376e-01
1.000000000000000000e+00 0.000000000000000000e+00 7.619450054733815092e-01 2.380549945266184630e-01
1.000000000000000000e+00 0.000000000000000000e+00 5.395764302760341913e-01 4.604235697239657532e-01
1.000000000000000000e+00 0.000000000000000000e+00 5.604466217525519989e-01 4.395533782474481121e-01
1.000000000000000000e+00 0.000000000000000000e+00 5.591913105436542297e-01 4.408086894563458813e-01
1.000000000000000000e+00 0.000000000000000000e+00 6.068072213434195783e-01 3.931927786565804217e-01
1.000000000000000000e+00 0.000000000000000000e+00 5.802527041732329360e-01 4.197472958267669529e-01
0.000000000000000000e+00 1.000000000000000000e+00 4.095534636559698960e-01 5.904465363440299930e-01
0.000000000000000000e+00 0.000000000000000000e+00 6.945664996683914572e-01 3.054335003316086539e-01
0.000000000000000000e+00 1.000000000000000000e+00 4.498994905264124267e-01 5.501005094735876844e-01
0.000000000000000000e+00 1.000000000000000000e+00 4.298252065707833247e-01 5.701747934292168418e-01
1.000000000000000000e+00 1.000000000000000000e+00 4.314422467336224698e-01 5.685577532663776967e-01
1.000000000000000000e+00 0.000000000000000000e+00 7.750431383002938102e-01 2.249568616997062453e-01
0.000000000000000000e+00 0.000000000000000000e+00 5.125204888579252271e-01 4.874795111420747173e-01
1.000000000000000000e+00 0.000000000000000000e+00 6.360008122260447649e-01 3.639991877739552906e-01
1.000000000000000000e+00 1.000000000000000000e+00 2.494761214665126292e-01 7.505238785334873430e-01
1.000000000000000000e+00 1.000000000000000000e+00 2.879333141486859482e-01 7.120666858513140518e-01
1.000000000000000000e+00 1.000000000000000000e+00 4.558904024664928722e-01 5.441095975335071833e-01
1.000000000000000000e+00 1.000000000000000000e+00 3.197859268882597972e-01 6.802140731117400918e-01
0.000000000000000000e+00 0.000000000000000000e+00 5.380312514829999060e-01 4.619687485170000385e-01
1.000000000000000000e+00 1.000000000000000000e+00 3.218949915671531770e-01 6.781050084328468230e-01
1.000000000000000000e+00 0.000000000000000000e+00 5.000000000000000000e-01 5.000000000000000000e-01
1.000000000000000000e+00 0.000000000000000000e+00 5.520293335820600777e-01 4.479706664179398667e-01
0.000000000000000000e+00 0.000000000000000000e+00 5.171560437304073554e-01 4.828439562695924780e-01
1.000000000000000000e+00 0.000000000000000000e+00 5.000000000000000000e-01 5.000000000000000000e-01
0.000000000000000000e+00 0.000000000000000000e+00 5.284700483265923898e-01 4.715299516734076102e-01
1.000000000000000000e+00 0.000000000000000000e+00 4.871278936116799074e-01 5.128721063883200371e-01
1.000000000000000000e+00 0.000000000000000000e+00 5.969616129760423329e-01 4.030383870239576116e-01
0.000000000000000000e+00 0.000000000000000000e+00 5.695022376723694046e-01 4.304977623276304288e-01
0.000000000000000000e+00 0.000000000000000000e+00 5.310803359537520363e-01 4.689196640462480747e-01
0.000000000000000000e+00 0.000000000000000000e+00 6.262399820768762559e-01 3.737600179231237996e-01
1.000000000000000000e+00 1.000000000000000000e+00 4.484416294046655871e-01 5.515583705953343019e-01
0.000000000000000000e+00 1.000000000000000000e+00 4.787076521139289054e-01 5.212923478860709281e-01
1.000000000000000000e+00 0.000000000000000000e+00 5.530140254243995912e-01 4.469859745756001868e-01
1.000000000000000000e+00 1.000000000000000000e+00 2.779615779909705431e-01 7.220384220090296790e-01
1.000000000000000000e+00 1.000000000000000000e+00 4.653077325279054155e-01 5.346922674720945290e-01
0.000000000000000000e+00 1.000000000000000000e+00 4.733474577678366546e-01 5.266525422321634009e-01
0.000000000000000000e+00 1.000000000000000000e+00 4.712200444910808472e-01 5.287799555089189862e-01
1.000000000000000000e+00 1.000000000000000000e+00 3.379902383725127968e-01 6.620097616274873698e-01
1.000000000000000000e+00 1.000000000000000000e+00 4.800454945469010970e-01 5.199545054530988475e-01
1.000000000000000000e+00 1.000000000000000000e+00 4.784947776932717556e-01 5.215052223067281334e-01
1.000000000000000000e+00 0.000000000000000000e+00 5.416347393068426941e-01 4.583652606931571949e-01
1.000000000000000000e+00 0.000000000000000000e+00 5.375628374783322228e-01 4.624371625216678328e-01
0.000000000000000000e+00 1.000000000000000000e+00 3.723118156516101451e-01 6.276881843483897994e-01
0.000000000000000000e+00 0.000000000000000000e+00 5.070886170501428536e-01 4.929113829498569799e-01
1.000000000000000000e+00 0.000000000000000000e+00 5.389084809519094632e-01 4.610915190480903703e-01
1.000000000000000000e+00 0.000000000000000000e+00 5.055173810997474204e-01 4.944826189002525796e-01
0.000000000000000000e+00 1.000000000000000000e+00 3.294327433633724156e-01 6.705672566366277509e-01
1.000000000000000000e+00 0.000000000000000000e+00 5.000000000000000000e-01 5.000000000000000000e-01
0.000000000000000000e+00 1.000000000000000000e+00 4.158192701688936399e-01 5.841807298311064711e-01
1.000000000000000000e+00 1.000000000000000000e+00 3.048431901466699956e-01 6.951568098533300599e-01
0.000000000000000000e+00 1.000000000000000000e+00 3.409923687071331200e-01 6.590076312928671021e-01
1.000000000000000000e+00 0.000000000000000000e+00 5.738248429364225522e-01 4.261751570635772257e-01
1.000000000000000000e+00 0.000000000000000000e+00 7.979287436585104087e-01 2.020712563414897855e-01
1.000000000000000000e+00 0.000000000000000000e+00 6.335072802741431586e-01 3.664927197258567859e-01
1.000000000000000000e+00 1.000000000000000000e+00 3.693509179619788307e-01 6.306490820380210582e-01
1.000000000000000000e+00 0.000000000000000000e+00 5.310873420683226431e-01 4.689126579316771348e-01
0.000000000000000000e+00 0.000000000000000000e+00 7.072301731637619104e-01 2.927698268362382006e-01
1.000000000000000000e+00 1.000000000000000000e+00 3.541356527819727318e-01 6.458643472180272127e-01
1.000000000000000000e+00 0.000000000000000000e+00 5.250179971739078466e-01 4.749820028260922089e-01
1.000000000000000000e+00 1.000000000000000000e+00 4.414933465174437077e-01 5.585066534825563478e-01
1.000000000000000000e+00 0.000000000000000000e+00 5.000000000000000000e-01 5.000000000000000000e-01
0.000000000000000000e+00 1.000000000000000000e+00 4.485310073455491819e-01 5.514689926544507070e-01
1.000000000000000000e+00 0.000000000000000000e+00 6.348067729757087552e-01 3.651932270242912448e-01
1.000000000000000000e+00 1.000000000000000000e+00 3.221742946880597480e-01 6.778257053119403075e-01
0.000000000000000000e+00 1.000000000000000000e+00 3.535547288127858789e-01 6.464452711872138435e-01
1.000000000000000000e+00 1.000000000000000000e+00 4.658217860614745631e-01 5.341782139385253814e-01
0.000000000000000000e+00 0.000000000000000000e+00 4.890542033961586266e-01 5.109457966038414289e-01
0.000000000000000000e+00 0.000000000000000000e+00 5.000000000000000000e-01 5.000000000000000000e-01
1.000000000000000000e+00 1.000000000000000000e+00 4.430654305955490369e-01 5.569345694044508521e-01
0.000000000000000000e+00 0.000000000000000000e+00 6.870666511676105648e-01 3.129333488323895462e-01
1.000000000000000000e+00 1.000000000000000000e+00 4.813354348530053395e-01 5.186645651469945495e-01
1.000000000000000000e+00 1.000000000000000000e+00 3.169714212319433289e-01 6.830285787680567822e-01
0.000000000000000000e+00 1.000000000000000000e+00 3.195646855325702806e-01 6.804353144674298859e-01
0.000000000000000000e+00 1.000000000000000000e+00 4.290507151640283734e-01 5.709492848359717376e-01
1.000000000000000000e+00 1.000000000000000000e+00 4.099584258206157572e-01 5.900415741793842983e-01
1.000000000000000000e+00 0.000000000000000000e+00 5.419595644039616467e-01 4.580404355960383533e-01
1.000000000000000000e+00 1.000000000000000000e+00 4.627271615656987080e-01 5.372728384343012920e-01
1.000000000000000000e+00 1.000000000000000000e+00 4.358703014931151198e-01 5.641296985068849912e-01
1.000000000000000000e+00 1.000000000000000000e+00 3.971866394290693991e-01 6.028133605709307119e-01
0.000000000000000000e+00 0.000000000000000000e+00 5.979335406355642535e-01 4.020664593644358575e-01
0.000000000000000000e+00 0.000000000000000000e+00 6.544628709551476575e-01 3.455371290448522870e-01
1.000000000000000000e+00 1.000000000000000000e+00 4.604012384340001596e-01 5.395987615659998404e-01
1.000000000000000000e+00 1.000000000000000000e+00 2.936759557835586509e-01 7.063240442164414601e-01
0.000000000000000000e+00 1.000000000000000000e+00 2.898547359407308566e-01 7.101452640592691434e-01
0.000000000000000000e+00 1.000000000000000000e+00 4.652988836283522001e-01 5.347011163716478555e-01
1.000000000000000000e+00 1.000000000000000000e+00 3.989114444981147756e-01 6.010885555018853355e-01
0.000000000000000000e+00 0.000000000000000000e+00 5.461943286571848688e-01 4.538056713428151312e-01
1.000000000000000000e+00 0.000000000000000000e+00 6.512478201222884344e-01 3.487521798777116211e-01
1.000000000000000000e+00 0.000000000000000000e+00 5.000000000000000000e-01 5.000000000000000000e-01
1.000000000000000000e+00 1.000000000000000000e+00 4.172176890655505677e-01 5.827823109344493213e-01
1.000000000000000000e+00 1.000000000000000000e+00 4.222717141103546901e-01 5.777282858896453099e-01
0.000000000000000000e+00 1.000000000000000000e+00 4.482188973446029068e-01 5.517811026553971487e-01
1.000000000000000000e+00 1.000000000000000000e+00 4.371588119886977708e-01 5.628411880113020072e-01
1.000000000000000000e+00 0.000000000000000000e+00 5.575021226007097486e-01 4.424978773992902514e-01
1.000000000000000000e+00 1.000000000000000000e+00 3.671710398909483475e-01 6.328289601090516525e-01
1.000000000000000000e+00 0.000000000000000000e+00 4.820736348211636657e-01 5.179263651788363898e-01
0.000000000000000000e+00 1.000000000000000000e+00 3.294855202662794746e-01 6.705144797337204698e-01
1.000000000000000000e+00 1.000000000000000000e+00 4.140727651489646277e-01 5.859272348510353723e-01
1.000000000000000000e+00 0.000000000000000000e+00 5.947827593864160045e-01 4.052172406135839400e-01
1.000000000000000000e+00 0.000000000000000000e+00 5.302312979574288487e-01 4.697687020425712068e-01
0.000000000000000000e+00 1.000000000000000000e+00 4.722268685027983803e-01 5.277731314972017307e-01
0.000000000000000000e+00 1.000000000000000000e+00 3.729194131934231438e-01 6.270805868065768562e-01
1.000000000000000000e+00 1.000000000000000000e+00 4.589599219002967745e-01 5.410400780997031145e-01
1.000000000000000000e+00 0.000000000000000000e+00 5.358151013839637100e-01 4.641848986160364565e-01
0.000000000000000000e+00 1.000000000000000000e+00 4.635354741821168245e-01 5.364645258178830645e-01
1.000000000000000000e+00 0.000000000000000000e+00 5.113199232467523503e-01 4.886800767532475387e-01
1.000000000000000000e+00 0.000000000000000000e+00 5.992910947240071007e-01 4.007089052759928993e-01
1.000000000000000000e+00 1.000000000000000000e+00 3.908692441433683218e-01 6.091307558566316782e-01
1.000000000000000000e+00 1.000000000000000000e+00 3.924749863088506929e-01 6.075250136911491960e-01
1.000000000000000000e+00 0.000000000000000000e+00 5.796028029880513355e-01 4.203971970119486645e-01
1.000000000000000000e+00 1.000000000000000000e+00 4.029902527196152495e-01 5.970097472803846950e-01
0.000000000000000000e+00 0.000000000000000000e+00 5.299127912803505147e-01 4.700872087196493743e-01
0.000000000000000000e+00 0.000000000000000000e+00 5.546943823329029133e-01 4.453056176670968647e-01
1.000000000000000000e+00 1.000000000000000000e+00 4.928408647526043018e-01 5.071591352473958647e-01
1.000000000000000000e+00 1.000000000000000000e+00 3.594950683713132866e-01 6.405049316286867134e-01
1.000000000000000000e+00 0.000000000000000000e+00 5.057875517346408500e-01 4.942124482653592055e-01
0.000000000000000000e+00 1.000000000000000000e+00 4.459773364343384561e-01 5.540226635656614329e-01
0.000000000000000000e+00 1.000000000000000000e+00 3.696886816074819726e-01 6.303113183925180829e-01
1.000000000000000000e+00 1.000000000000000000e+00 4.500886178880249000e-01 5.499113821119749890e-01
0.000000000000000000e+00 0.000000000000000000e+00 6.368006707025655189e-01 3.631993292974344811e-01
1.000000000000000000e+00 0.000000000000000000e+00 6.226038457566857032e-01 3.773961542433144079e-01
1.000000000000000000e+00 1.000000000000000000e+00 4.554805383483936931e-01 5.445194616516063624e-01
0.000000000000000000e+00 1.000000000000000000e+00 4.345957720393291424e-01 5.654042279606709132e-01
1.000000000000000000e+00 1.000000000000000000e+00 4.264964022645739705e-01 5.735035977354260295e-01
1.000000000000000000e+00 0.000000000000000000e+00 5.258259247086262134e-01 4.741740752913738421e-01
1.000000000000000000e+00 1.000000000000000000e+00 4.412627731506569284e-01 5.587372268493430161e-01
1.000000000000000000e+00 0.000000000000000000e+00 5.254294872655107529e-01 4.745705127344891916e-01
1.000000000000000000e+00 0.000000000000000000e+00 5.534585246622003574e-01 4.465414753377996426e-01
0.000000000000000000e+00 1.000000000000000000e+00 4.118020824815230574e-01 5.881979175184768316e-01
1.000000000000000000e+00 0.000000000000000000e+00 5.000000000000000000e-01 5.000000000000000000e-01
0.000000000000000000e+00 1.000000000000000000e+00 3.250779221432197885e-01 6.749220778567801560e-01
1.000000000000000000e+00 1.000000000000000000e+00 4.415913779442736664e-01 5.584086220557261671e-01
1.000000000000000000e+00 0.000000000000000000e+00 5.305788829599364931e-01 4.694211170400632849e-01
1.000000000000000000e+00 0.000000000000000000e+00 5.351106185209674182e-01 4.648893814790326373e-01
0.000000000000000000e+00 1.000000000000000000e+00 4.862895419456110813e-01 5.137104580543889742e-01
1.000000000000000000e+00 1.000000000000000000e+00 4.611401689486614441e-01 5.388598310513385004e-01
1.000000000000000000e+00 1.000000000000000000e+00 3.560369295593197592e-01 6.439630704406801298e-01
1.000000000000000000e+00 0.000000000000000000e+00 6.912905498858806785e-01 3.087094501141189884e-01
1.000000000000000000e+00 0.000000000000000000e+00 5.345060723184964502e-01 4.654939276815032723e-01
1.000000000000000000e+00 1.000000000000000000e+00 3.898732745053166138e-01 6.101267254946833862e-01
1.000000000000000000e+00 0.000000000000000000e+00 5.857035593423087771e-01 4.142964406576911673e-01
0.000000000000000000e+00 0.000000000000000000e+00 6.082517067075940975e-01 3.917482932924057915e-01
1.000000000000000000e+00 0.000000000000000000e+00 5.161684363694818423e-01 4.838315636305183798e-01
0.000000000000000000e+00 1.000000000000000000e+00 4.827967391377841477e-01 5.172032608622157968e-01
0.000000000000000000e+00 1.000000000000000000e+00 3.100835852754355026e-01 6.899164147245647749e-01
1.000000000000000000e+00 0.000000000000000000e+00 5.954101637899067434e-01 4.045898362100932011e-01
1.000000000000000000e+00 0.000000000000000000e+00 5.828536437831828287e-01 4.171463562168172268e-01
1.000000000000000000e+00 1.000000000000000000e+00 3.512730588702097090e-01 6.487269411297904576e-01
1.000000000000000000e+00 1.000000000000000000e+00 4.610795238660339024e-01 5.389204761339662086e-01
1.000000000000000000e+00 0.000000000000000000e+00 5.108747525683078328e-01 4.891252474316921672e-01
1.000000000000000000e+00 0.000000000000000000e+00 6.185939916871104893e-01 3.814060083128893996e-01
1.000000000000000000e+00 1.000000000000000000e+00 4.484766873314751101e-01 5.515233126685248344e-01
1.000000000000000000e+00 1.000000000000000000e+00 4.179596780121958566e-01 5.820403219878041989e-01
0.000000000000000000e+00 1.000000000000000000e+00 4.188693815617097749e-01 5.811306184382900586e-01
1.000000000000000000e+00 0.000000000000000000e+00 5.277156987496088858e-01 4.722843012503911142e-01
1.000000000000000000e+00 1.000000000000000000e+00 4.817155782700121014e-01 5.182844217299877876e-01
1.000000000000000000e+00 1.000000000000000000e+00 4.670700875422411080e-01 5.329299124577588920e-01
1.000000000000000000e+00 1.000000000000000000e+00 4.014774065240381828e-01 5.985225934759619282e-01
0.000000000000000000e+00 1.000000000000000000e+00 3.751228514159222760e-01 6.248771485840777240e-01
0.000000000000000000e+00 0.000000000000000000e+00 5.562944981595786542e-01 4.437055018404212348e-01
1.000000000000000000e+00 1.000000000000000000e+00 4.828659341972013075e-01 5.171340658027985260e-01
1.000000000000000000e+00 1.000000000000000000e+00 4.214811755838084317e-01 5.785188244161914017e-01
0.000000000000000000e+00 1.000000000000000000e+00 4.179918203173334512e-01 5.820081796826666043e-01
0.000000000000000000e+00 0.000000000000000000e+00 5.247685302678392061e-01 4.752314697321608494e-01
0.000000000000000000e+00 1.000000000000000000e+00 4.762593352720344009e-01 5.237406647279655436e-01
1.000000000000000000e+00 0.000000000000000000e+00 5.728065127589149208e-01 4.271934872410850237e-01
1.000000000000000000e+00 0.000000000000000000e+00 5.158303451051955424e-01 4.841696548948046797e-01
0.000000000000000000e+00 0.000000000000000000e+00 5.574009134047269720e-01 4.425990865952730835e-01
1.000000000000000000e+00 1.000000000000000000e+00 4.502238013195759558e-01 5.497761986804240442e-01
1.000000000000000000e+00 0.000000000000000000e+00 5.050116233466934723e-01 4.949883766533063612e-01
1.000000000000000000e+00 0.000000000000000000e+00 5.755348895250964603e-01 4.244651104749035397e-01
1.000000000000000000e+00 0.000000000000000000e+00 5.998710046558771714e-01 4.001289953441228286e-01
1.000000000000000000e+00 0.000000000000000000e+00 5.117375831176269596e-01 4.882624168823730959e-01
1.000000000000000000e+00 0.000000000000000000e+00 5.000000000000000000e-01 5.000000000000000000e-01
1.000000000000000000e+00 0.000000000000000000e+00 5.336110593250729117e-01 4.663889406749269773e-01
1.000000000000000000e+00 1.000000000000000000e+00 4.498611945312922522e-01 5.501388054687077478e-01
0.000000000000000000e+00 0.000000000000000000e+00 5.942400513211345547e-01 4.057599486788654453e-01
1.000000000000000000e+00 1.000000000000000000e+00 3.634870481923471175e-01 6.365129518076529935e-01
1.000000000000000000e+00 1.000000000000000000e+00 4.566078567965808910e-01 5.433921432034192200e-01
1.000000000000000000e+00 1.000000000000000000e+00 3.375845046827288809e-01 6.624154953172712856e-01
0.000000000000000000e+00 0.000000000000000000e+00 5.576894641409343434e-01 4.423105358590656011e-01
1.000000000000000000e+00 0.000000000000000000e+00 5.675257688465220607e-01 4.324742311534779948e-01
0.000000000000000000e+00 0.000000000000000000e+00 5.366397163934851777e-01 4.633602836065149333e-01
1.000000000000000000e+00 1.000000000000000000e+00 3.438179836913159981e-01 6.561820163086840019e-01
1.000000000000000000e+00 1.000000000000000000e+00 4.249270554435485292e-01 5.750729445564516373e-01
0.000000000000000000e+00 1.000000000000000000e+00 4.712684363412953936e-01 5.287315636587045509e-01
1.000000000000000000e+00 0.000000000000000000e+00 5.614807055323960405e-01 4.385192944676037374e-01
0.000000000000000000e+00 0.000000000000000000e+00 5.366620636382229970e-01 4.633379363617770030e-01
1.000000000000000000e+00 1.000000000000000000e+00 3.952663120251665996e-01 6.047336879748332894e-01
0.000000000000000000e+00 0.000000000000000000e+00 5.953251615752883641e-01 4.046748384247117469e-01
1.000000000000000000e+00 1.000000000000000000e+00 3.822395999408579881e-01 6.177604000591422340e-01
1.000000000000000000e+00 0.000000000000000000e+00 5.425351412536572049e-01 4.574648587463429616e-01
1.000000000000000000e+00 0.000000000000000000e+00 5.421360147137008756e-01 4.578639852862991244e-01
1.000000000000000000e+00 1.000000000000000000e+00 4.166437899451906346e-01 5.833562100548093099e-01
0.000000000000000000e+00 0.000000000000000000e+00 5.615943424071251355e-01 4.384056575928748645e-01
1.000000000000000000e+00 0.000000000000000000e+00 5.576205041138673213e-01 4.423794958861328452e-01
1.000000000000000000e+00 1.000000000000000000e+00 4.188367043430620829e-01 5.811632956569378061e-01
0.000000000000000000e+00 1.000000000000000000e+00 4.244387999436307068e-01 5.755612000563693487e-01
