0.000000000000000000e+00 0.000000000000000000e+00 5.052273096132212649e-01 4.947726903867790682e-01
0.000000000000000000e+00 0.000000000000000000e+00 7.559102773613579629e-01 2.440897226386420926e-01
1.000000000000000000e+00 0.000000000000000000e+00 7.583193296197053845e-01 2.416806703802946155e-01
1.000000000000000000e+00 1.000000000000000000e+00 3.489288588486256781e-01 6.510711411513744329e-01
1.000000000000000000e+00 1.000000000000000000e+00 4.723454885350767962e-01 5.276545114649231483e-01
1.000000000000000000e+00 1.000000000000000000e+00 2.541491700866449488e-01 7.458508299133549402e-01
0.000000000000000000e+00 1.000000000000000000e+00 1.746703880632680672e-01 8.253296119367318218e-01
1.000000000000000000e+00 0.000000000000000000e+00 5.214784799372894630e-01 4.785215200627104259e-01
1.000000000000000000e+00 1.000000000000000000e+00 4.031439620201700547e-01 5.968560379798300009e-01
0.000000000000000000e+00 1.000000000000000000e+00 3.505214444403978447e-01 6.494785555596019888e-01
1.000000000000000000e+00 1.000000000000000000e+00 4.575533106528710259e-01 5.424466893471288076e-01
0.000000000000000000e+00 1.000000000000000000e+00 2.856587287130503139e-01 7.143412712869497971e-01
1.000000000000000000e+00 1.000000000000000000e+00 3.174076585848046306e-01 6.825923414151954249e-01
1.000000000000000000e+00 0.000000000000000000e+00 5.599660753607986763e-01 4.400339246392014347e-01
1.000000000000000000e+00 1.000000000000000000e+00 1.668427416493217241e-01 8.331572583506781093e-01
0.000000000000000000e+00 0.000000000000000000e+00 7.390965518130577783e-01 2.609034481869424993e-01
1.000000000000000000e+00 1.000000000000000000e+00 4.671945798311174514e-01 5.328054201688823266e-01
0.000000000000000000e+00 1.000000000000000000e+00 3.112631351838737737e-01 6.887368648161261708e-01
1.000000000000000000e+00 1.000000000000000000e+00 4.416381368609327840e-01 5.583618631390672160e-01
0.000000000000000000e+00 0.000000000000000000e+00 6.429396973167135210e-01 3.570603026832864235e-01
0.000000000000000000e+00 1.000000000000000000e+00 4.257786801320758707e-01 5.742213198679240183e-01
1.000000000000000000e+00 1.000000000000000000e+00 1.896726440109246514e-01 8.103273559890753486e-01
0.000000000000000000e+00 0.000000000000000000e+00 5.159466070694594952e-01 4.840533929305403937e-01
1.000000000000000000e+00 1.000000000000000000e+00 4.137944110894793415e-01 5.862055889105206585e-01
1.000000000000000000e+00 1.000000000000000000e+00 1.685606895865662813e-01 8.314393104134337742e-01
1.000000000000000000e+00 1.000000000000000000e+00 4.352039813168362414e-01 5.647960186831638696e-01
1.000000000000000000e+00 0.000000000000000000e+00 5.081497505914739365e-01 4.918502494085261190e-01
1.000000000000000000e+00 1.000000000000000000e+00 2.173922870285843467e-01 7.826077129714157365e-01
1.000000000000000000e+00 1.000000000000000000e+00 4.385932813596851720e-01 5.614067186403149945e-01
1.000000000000000000e+00 0.000000000000000000e+00 4.918443299174748429e-01 5.081556700825250461e-01
1.000000000000000000e+00 0.000000000000000000e+00 7.334402230356809049e-01 2.665597769643189840e-01
0.000000000000000000e+00 1.000000000000000000e+00 4.082139009072231484e-01 5.917860990927769071e-01
0.000000000000000000e+00 1.000000000000000000e+00 1.096713710037262174e-01 8.903286289962737410e-01
1.000000000000000000e+00 1.000000000000000000e+00 3.904922039726303473e-01 6.095077960273698192e-01
0.000000000000000000e+00 1.000000000000000000e+00 2.739949779590327150e-01 7.260050220409672850e-01
1.000000000000000000e+00 1.000000000000000000e+00 4.277369456666592074e-01 5.722630543333406816e-01
1.000000000000000000e+00 1.000000000000000000e+00 3.252124864361219392e-01 6.747875135638781163e-01
1.000000000000000000e+00 0.000000000000000000e+00 5.901451498039156363e-01 4.098548501960843082e-01
0.000000000000000000e+00 0.000000000000000000e+00 5.887077607618148578e-01 4.112922392381851422e-01
1.000000000000000000e+00 0.000000000000000000e+00 5.709831123088822125e-01 4.290168876911178431e-01
0.000000000000000000e+00 0.000000000000000000e+00 7.070635360314106999e-01 2.929364639685893557e-01
0.000000000000000000e+00 0.000000000000000000e+00 8.403056405463551481e-01 1.596943594536448241e-01
1.000000000000000000e+00 0.000000000000000000e+00 5.801756837628487817e-01 4.198243162371511628e-01
1.000000000000000000e+00 0.000000000000000000e+00 7.523496642127800449e-01 2.476503357872199274e-01
1.000000000000000000e+00 0.000000000000000000e+00 5.000000000000000000e-01 5.000000000000000000e-01
0.000000000000000000e+00 1.000000000000000000e+00 3.478929530083449961e-01 6.521070469916547818e-01
0.000000000000000000e+00 1.000000000000000000e+00 8.125604188925916738e-02 9.187439581107407216e-01
1.000000000000000000e+00 1.000000000000000000e+00 4.702860197509001194e-01 5.297139802490999916e-01
1.000000000000000000e+00 0.000000000000000000e+00 5.050667796518270025e-01 4.949332203481730530e-01
1.000000000000000000e+00 0.000000000000000000e+00 4.949920281941853628e-01 5.050079718058145817e-01
0.000000000000000000e+00 1.000000000000000000e+00 4.749059953796209155e-01 5.250940046203791400e-01
1.000000000000000000e+00 1.000000000000000000e+00 3.961466849577320870e-01 6.038533150422676909e-01
1.000000000000000000e+00 1.000000000000000000e+00 3.873531619892891520e-01 6.126468380107108480e-01
1.000000000000000000e+00 1.000000000000000000e+00 2.074700656730944781e-01 7.925299343269055496e-01
0.000000000000000000e+00 0.000000000000000000e+00 6.705750453832666214e-01 3.294249546167332676e-01
0.000000000000000000e+00 1.000000000000000000e+00 4.817074743850716656e-01 5.182925256149283344e-01
0.000000000000000000e+00 0.000000000000000000e+00 5.323305721871012253e-01 4.676694278128988858e-01
1.000000000000000000e+00 1.000000000000000000e+00 2.892999670954615743e-01 7.107000329045386477e-01
1.000000000000000000e+00 0.000000000000000000e+00 5.940332170563547010e-01 4.059667829436454101e-01
1.000000000000000000e+00 1.000000000000000000e+00 1.322737506524579443e-01 8.677262493475421667e-01
1.000000000000000000e+00 0.000000000000000000e+00 7.120994235179214371e-01 2.879005764820785629e-01
1.000000000000000000e+00 1.000000000000000000e+00 3.084955516365553985e-01 6.915044483634446015e-01
1.000000000000000000e+00 1.000000000000000000e+00 4.390898093260207080e-01 5.609101906739791810e-01
1.000000000000000000e+00 0.000000000000000000e+00 8.096930669782379519e-01 1.903069330217621868e-01
1.000000000000000000e+00 1.000000000000000000e+00 3.839037384400981190e-01 6.160962615599018255e-01
1.000000000000000000e+00 0.000000000000000000e+00 5.614793144636803790e-01 4.385206855363195655e-01
1.000000000000000000e+00 0.000000000000000000e+00 5.350616415647769797e-01 4.649383584352229648e-01
0.000000000000000000e+00 1.000000000000000000e+00 4.296242074533926925e-01 5.703757925466074186e-01
1.000000000000000000e+00 0.000000000000000000e+00 4.946804863212279080e-01 5.053195136787720365e-01
1.000000000000000000e+00 1.000000000000000000e+00 3.847127017079410294e-01 6.152872982920588596e-01
0.000000000000000000e+00 1.000000000000000000e+00 3.234273006753842772e-01 6.765726993246157228e-01
0.000000000000000000e+00 1.000000000000000000e+00 3.289772746630992284e-01 6.710227253369008826e-01
1.000000000000000000e+00 1.000000000000000000e+00 3.805959492657505772e-01 6.194040507342494228e-01
1.000000000000000000e+00 1.000000000000000000e+00 3.534366822204902947e-01 6.465633177795098163e-01
1.000000000000000000e+00 1.000000000000000000e+00 3.330997420000408882e-01 6.669002579999591118e-01
1.000000000000000000e+00 1.000000000000000000e+00 3.924227513408010681e-01 6.075772486591989319e-01
1.000000000000000000e+00 1.000000000000000000e+00 8.352222428687515465e-02 9.164777757131249425e-01
1.000000000000000000e+00 0.000000000000000000e+00 7.401801945886649081e-01 2.598198054113352584e-01
1.000000000000000000e+00 0.000000000000000000e+00 6.146955184652717064e-01 3.853044815347283492e-01
1.000000000000000000e+00 0.000000000000000000e+00 6.392700460601792312e-01 3.607299539398206578e-01
0.000000000000000000e+00 1.000000000000000000e+00 4.069338993113995606e-01 5.930661006886005504e-01
1.000000000000000000e+00 0.000000000000000000e+00 7.264715562515706715e-01 2.735284437484290510e-01
1.000000000000000000e+00 0.000000000000000000e+00 5.876116717948339785e-01 4.123883282051660215e-01
0.000000000000000000e+00 1.000000000000000000e+00 2.608844715200896447e-01 7.391155284799101333e-01
1.000000000000000000e+00 0.000000000000000000e+00 5.473270075392534517e-01 4.526729924607465483e-01
1.000000000000000000e+00 0.000000000000000000e+00 5.967084251844458898e-01 4.032915748155539992e-01
0.000000000000000000e+00 1.000000000000000000e+00 3.714962213131408619e-01 6.285037786868590270e-01
0.000000000000000000e+00 1.000000000000000000e+00 4.163109526364214830e-01 5.836890473635784060e-01
1.000000000000000000e+00 0.000000000000000000e+00 6.941991067473884947e-01 3.058008932526112833e-01
1.000000000000000000e+00 1.000000000000000000e+00 3.133254366461644125e-01 6.866745633538354765e-01
1.000000000000000000e+00 1.000000000000000000e+00 2.991082013246359472e-01 7.008917986753638862e-01
0.000000000000000000e+00 1.000000000000000000e+00 2.642661479350580933e-01 7.357338520649417957e-01
1.000000000000000000e+00 0.000000000000000000e+00 6.287410668402123592e-01 3.712589331597876963e-01
1.000000000000000000e+00 0.000000000000000000e+00 5.283634807598575067e-01 4.716365192401426043e-01
1.000000000000000000e+00 0.000000000000000000e+00 7.201362628536900345e-01 2.798637371463099655e-01
0.000000000000000000e+00 1.000000000000000000e+00 3.775297956330779803e-01 6.224702043669219087e-01
1.000000000000000000e+00 1.000000000000000000e+00 4.381664894810369804e-01 5.618335105189631307e-01
1.000000000000000000e+00 1.000000000000000000e+00 4.206049704748427431e-01 5.793950295251573124e-01
1.000000000000000000e+00 0.000000000000000000e+00 5.903631369360982095e-01 4.096368630639019015e-01
1.000000000000000000e+00 0.000000000000000000e+00 5.391294390648710966e-01 4.608705609351287924e-01
1.000000000000000000e+00 0.000000000000000000e+00 5.000000000000000000e-01 5.000000000000000000e-01
1.000000000000000000e+00 0.000000000000000000e+00 5.686936726684611587e-01 4.313063273315390633e-01
1.000000000000000000e+00 1.000000000000000000e+00 4.698507467240958801e-01 5.301492532759041199e-01
0.000000000000000000e+00 1.000000000000000000e+00 3.969938150002995103e-01 6.030061849997006007e-01
1.000000000000000000e+00 0.000000000000000000e+00 5.388780646780094719e-01 4.611219353219905837e-01
1.000000000000000000e+00 1.000000000000000000e+00 3.750852011737443314e-01 6.249147988262556686e-01
1.000000000000000000e+00 1.000000000000000000e+00 4.877312008064419446e-01 5.122687991935579443e-01
0.000000000000000000e+00 1.000000000000000000e+00 4.682742209934303013e-01 5.317257790065696987e-01
1.000000000000000000e+00 0.000000000000000000e+00 5.185935274504598347e-01 4.814064725495402208e-01
1.000000000000000000e+00 0.000000000000000000e+00 5.197389455471357333e-01 4.802610544528642667e-01
0.000000000000000000e+00 1.000000000000000000e+00 3.707447812282914090e-01 6.292552187717085355e-01
1.000000000000000000e+00 1.000000000000000000e+00 4.207224314987213498e-01 5.792775685012787612e-01
0.000000000000000000e+00 0.000000000000000000e+00 5.000000000000000000e-01 5.000000000000000000e-01
1.000000000000000000e+00 1.000000000000000000e+00 4.716207988906452875e-01 5.283792011093546570e-01
1.000000000000000000e+00 0.000000000000000000e+00 5.906837971737892712e-01 4.093162028262106178e-01
1.000000000000000000e+00 0.000000000000000000e+00 5.000000000000000000e-01 5.000000000000000000e-01
1.000000000000000000e+00 1.000000000000000000e+00 4.042928204268801951e-01 5.957071795731198049e-01
1.000000000000000000e+00 1.000000000000000000e+00 3.924957390139536817e-01 6.075042609860463738e-01
0.000000000000000000e+00 1.000000000000000000e+00 4.811770172263334922e-01 5.188229827736665634e-01
1.000000000000000000e+00 1.000000000000000000e+00 4.269472585186332436e-01 5.730527414813669784e-01
1.000000000000000000e+00 1.000000000000000000e+00 4.299672867408612098e-01 5.700327132591387347e-01
0.000000000000000000e+00 0.000000000000000000e+00 5.000000000000000000e-01 5.000000000000000000e-01
0.000000000000000000e+00 1.000000000000000000e+00 4.013642063894556355e-01 5.986357936105443089e-01
0.000000000000000000e+00 0.000000000000000000e+00 5.000000000000000000e-01 5.000000000000000000e-01
0.000000000000000000e+00 0.000000000000000000e+00 5.520163785641253318e-01 4.479836214358746682e-01
1.000000000000000000e+00 0.000000000000000000e+00 5.000000000000000000e-01 5.000000000000000000e-01
1.000000000000000000e+00 0.000000000000000000e+00 5.423423756714352839e-01 4.576576243285648271e-01
1.000000000000000000e+00 1.000000000000000000e+00 4.741394067121698086e-01 5.258605932878303024e-01
1.000000000000000000e+00 0.000000000000000000e+00 5.179613087083241307e-01 4.820386912916759248e-01
1.000000000000000000e+00 0.000000000000000000e+00 5.000000000000000000e-01 5.000000000000000000e-01
1.000000000000000000e+00 1.000000000000000000e+00 4.486732399456471176e-01 5.513267600543528824e-01
1.000000000000000000e+00 1.000000000000000000e+00 4.341598215699165042e-01 5.658401784300834958e-01
1.000000000000000000e+00 0.000000000000000000e+00 5.169380061260724357e-01 4.830619938739275643e-01
0.000000000000000000e+00 1.000000000000000000e+00 4.577659312889519883e-01 5.422340687110480673e-01
1.000000000000000000e+00 0.000000000000000000e+00 4.902760640673732295e-01 5.097239359326267705e-01
1.000000000000000000e+00 0.000000000000000000e+00 6.024442203170466970e-01 3.975557796829533030e-01
0.000000000000000000e+00 1.000000000000000000e+00 4.375434247310710512e-01 5.624565752689290044e-01
0.000000000000000000e+00 1.000000000000000000e+00 4.404402511463130221e-01 5.595597488536869779e-01
1.000000000000000000e+00 0.000000000000000000e+00 5.472716821712733104e-01 4.527283178287266341e-01
0.000000000000000000e+00 0.000000000000000000e+00 5.875848217139836294e-01 4.124151782860164817e-01
0.000000000000000000e+00 0.000000000000000000e+00 4.945686099694528992e-01 5.054313900305470453e-01
0.000000000000000000e+00 1.000000000000000000e+00 4.575624083217610938e-01 5.424375916782390172e-01
1.000000000000000000e+00 0.000000000000000000e+00 4.924326457601860829e-01 5.075673542398136950e-01
0.000000000000000000e+00 1.000000000000000000e+00 4.771974715900015873e-01 5.228025284099985237e-01
1.000000000000000000e+00 1.000000000000000000e+00 4.710803333446810792e-01 5.289196666553188653e-01
1.000000000000000000e+00 0.000000000000000000e+00 5.604010360123408141e-01 4.395989639876592969e-01
1.000000000000000000e+00 0.000000000000000000e+00 5.065820846311942516e-01 4.934179153688056374e-01
1.000000000000000000e+00 0.000000000000000000e+00 5.880726154971344100e-01 4.119273845028654790e-01
1.000000000000000000e+00 1.000000000000000000e+00 4.346646898373117129e-01 5.653353101626883426e-01
1.000000000000000000e+00 1.000000000000000000e+00 4.695449665369686443e-01 5.304550334630314667e-01
1.000000000000000000e+00 0.000000000000000000e+00 4.929996457424917766e-01 5.070003542575083344e-01
1.000000000000000000e+00 0.000000000000000000e+00 5.000000000000000000e-01 5.000000000000000000e-01
1.000000000000000000e+00 0.000000000000000000e+00 5.356082273512740022e-01 4.643917726487260533e-01
1.000000000000000000e+00 0.000000000000000000e+00 5.110600581965734079e-01 4.889399418034266476e-01
1.000000000000000000e+00 0.000000000000000000e+00 5.000000000000000000e-01 5.000000000000000000e-01
1.000000000000000000e+00 1.000000000000000000e+00 4.551429578276951493e-01 5.448570421723047952e-01
1.000000000000000000e+00 0.000000000000000000e+00 5.750224920863126199e-01 4.249775079136873246e-01
0.000000000000000000e+00 0.000000000000000000e+00 5.318538510344749115e-01 4.681461489655250885e-01
0.000000000000000000e+00 0.000000000000000000e+00 5.000000000000000000e-01 5.000000000000000000e-01
1.000000000000000000e+00 0.000000000000000000e+00 5.086570995457658784e-01 4.913429004542340106e-01
0.000000000000000000e+00 0.000000000000000000e+00 5.247286787056900659e-01 4.752713212943098231e-01
1.000000000000000000e+00 0.000000000000000000e+00 5.331746681509250685e-01 4.668253318490749870e-01
1.000000000000000000e+00 1.000000000000000000e+00 4.818933813253813980e-01 5.181066186746186020e-01
1.000000000000000000e+00 1.000000000000000000e+00 4.821995340731684565e-01 5.178004659268314880e-01
0.000000000000000000e+00 0.000000000000000000e+00 5.146509339794187454e-01 4.853490660205811991e-01
0.000000000000000000e+00 1.000000000000000000e+00 4.671575960046117637e-01 5.328424039953882918e-01
1.000000000000000000e+00 0.000000000000000000e+00 5.112991903825291340e-01 4.887008096174708105e-01
1.000000000000000000e+00 0.000000000000000000e+00 5.548978943705663580e-01 4.451021056294336420e-01
1.000000000000000000e+00 0.000000000000000000e+00 5.313157548566416200e-01 4.686842451433583800e-01
1.000000000000000000e+00 0.000000000000000000e+00 5.070050382749294871e-01 4.929949617250707350e-01
1.000000000000000000e+00 0.000000000000000000e+00 5.162678352899591205e-01 4.837321647100409905e-01
0.000000000000000000e+00 1.000000000000000000e+00 4.781775271740137390e-01 5.218224728259863721e-01
0.000000000000000000e+00 1.000000000000000000e+00 4.028627869320789978e-01 5.971372130679210022e-01
0.000000000000000000e+00 1.000000000000000000e+00 4.868646662163220729e-01 5.131353337836779271e-01
0.000000000000000000e+00 0.000000000000000000e+00 5.545920457487462096e-01 4.454079542512539014e-01
1.000000000000000000e+00 0.000000000000000000e+00 5.985472084687342154e-01 4.014527915312657291e-01
0.000000000000000000e+00 0.000000000000000000e+00 5.000000000000000000e-01 5.000000000000000000e-01
1.000000000000000000e+00 1.000000000000000000e+00 4.709156003252125688e-01 5.290843996747873756e-01
1.000000000000000000e+00 0.000000000000000000e+00 5.788736695238729801e-01 4.211263304761269088e-01
1.000000000000000000e+00 0.000000000000000000e+00 4.934080292012499314e-01 5.065919707987500686e-01
1.000000000000000000e+00 1.000000000000000000e+00 4.880201719265522819e-01 5.119798280734478846e-01
0.000000000000000000e+00 1.000000000000000000e+00 4.205068983505756419e-01 5.794931016494243581e-01
1.000000000000000000e+00 0.000000000000000000e+00 5.329972316663741383e-01 4.670027683336261393e-01
1.000000000000000000e+00 0.000000000000000000e+00 5.161554200515954260e-01 4.838445799484044074e-01
0.000000000000000000e+00 0.000000000000000000e+00 5.074505312422967762e-01 4.925494687577033348e-01
1.000000000000000000e+00 1.000000000000000000e+00 4.566755532617279845e-01 5.433244467382720710e-01
0.000000000000000000e+00 0.000000000000000000e+00 4.921997820530827350e-01 5.078002179469170985e-01
1.000000000000000000e+00 1.000000000000000000e+00 4.398213783820311140e-01 5.601786216179689415e-01
1.000000000000000000e+00 0.000000000000000000e+00 5.391541710749656602e-01 4.608458289250343953e-01
1.000000000000000000e+00 1.000000000000000000e+00 4.871232897435195386e-01 5.128767102564804059e-01
1.000000000000000000e+00 0.000000000000000000e+00 4.887729754752760392e-01 5.112270245247240164e-01
1.000000000000000000e+00 0.000000000000000000e+00 5.354070311291588835e-01 4.645929688708411165e-01
0.000000000000000000e+00 0.000000000000000000e+00 5.313315252563886038e-01 4.686684747436113962e-01
0.000000000000000000e+00 0.000000000000000000e+00 5.000000000000000000e-01 5.000000000000000000e-01
1.000000000000000000e+00 0.000000000000000000e+00 5.140656407455179711e-01 4.859343592544821955e-01
1.000000000000000000e+00 0.000000000000000000e+00 5.000000000000000000e-01 5.000000000000000000e-01
1.000000000000000000e+00 0.000000000000000000e+00 5.960154346732662312e-01 4.039845653267337133e-01
0.000000000000000000e+00 1.000000000000000000e+00 4.881355884462080796e-01 5.118644115537919204e-01
0.000000000000000000e+00 0.000000000000000000e+00 5.953859138691167674e-01 4.046140861308832881e-01
1.000000000000000000e+00 1.000000000000000000e+00 4.589225210166074098e-01 5.410774789833927567e-01
1.000000000000000000e+00 0.000000000000000000e+00 5.228220631348284853e-01 4.771779368651714592e-01
1.000000000000000000e+00 0.000000000000000000e+00 5.353615323753563304e-01 4.646384676246436696e-01
0.000000000000000000e+00 0.000000000000000000e+00 5.456369688590853029e-01 4.543630311409146971e-01
1.000000000000000000e+00 1.000000000000000000e+00 4.425778127400495920e-01 5.574221872599504080e-01
1.000000000000000000e+00 0.000000000000000000e+00 5.496936993595520349e-01 4.503063006404479651e-01
1.000000000000000000e+00 1.000000000000000000e+00 4.772297325440261750e-01 5.227702674559737694e-01
0.000000000000000000e+00 1.000000000000000000e+00 3.913202403915184702e-01 6.086797596084814188e-01
1.000000000000000000e+00 0.000000000000000000e+00 6.033784682567204793e-01 3.966215317432794096e-01
0.000000000000000000e+00 0.000000000000000000e+00 5.689478620542632870e-01 4.310521379457366575e-01
1.000000000000000000e+00 1.000000000000000000e+00 4.603711638691169727e-01 5.396288361308830828e-01
0.000000000000000000e+00 1.000000000000000000e+00 4.525055973875600768e-01 5.474944026124398677e-01
1.000000000000000000e+00 1.000000000000000000e+00 3.654394952987289336e-01 6.345605047012710109e-01
1.000000000000000000e+00 0.000000000000000000e+00 5.614827140252334203e-01 4.385172859747664131e-01
1.000000000000000000e+00 0.000000000000000000e+00 6.993715213611360060e-01 3.006284786388639940e-01
0.000000000000000000e+00 0.000000000000000000e+00 6.902644111450162434e-01 3.097355888549837566e-01
1.000000000000000000e+00 1.000000000000000000e+00 4.242515612063194608e-01 5.757484387936805392e-01
0.000000000000000000e+00 0.000000000000000000e+00 5.060297127380891657e-01 4.939702872619106677e-01
0.000000000000000000e+00 1.000000000000000000e+00 4.674878307680579437e-01 5.325121692319418898e-01
0.000000000000000000e+00 1.000000000000000000e+00 4.645677666632652136e-01 5.354322333367347309e-01
1.000000000000000000e+00 0.000000000000000000e+00 5.397493115347835602e-01 4.602506884652164398e-01
1.000000000000000000e+00 0.000000000000000000e+00 5.727192296470418054e-01 4.272807703529581946e-01
0.000000000000000000e+00 1.000000000000000000e+00 4.252846815978827411e-01 5.747153184021173145e-01
1.000000000000000000e+00 0.000000000000000000e+00 6.043089306548761197e-01 3.956910693451238248e-01
0.000000000000000000e+00 1.000000000000000000e+00 4.822076461484800514e-01 5.177923538515197821e-01
0.000000000000000000e+00 0.000000000000000000e+00 6.987124817715751890e-01 3.012875182284249775e-01
0.000000000000000000e+00 0.000000000000000000e+00 5.587552940846423066e-01 4.412447059153576934e-01
1.000000000000000000e+00 0.000000000000000000e+00 6.360154827838161440e-01 3.639845172161839115e-01
1.000000000000000000e+00 0.000000000000000000e+00 5.417972331760472215e-01 4.582027668239528895e-01
0.000000000000000000e+00 0.000000000000000000e+00 5.851048174932568235e-01 4.148951825067429544e-01
1.000000000000000000e+00 1.000000000000000000e+00 4.183651795002692464e-01 5.816348204997308091e-01
1.000000000000000000e+00 0.000000000000000000e+00 6.297429630793511812e-01 3.702570369206487633e-01
1.000000000000000000e+00 0.000000000000000000e+00 5.968960817924957585e-01 4.031039182075042970e-01
1.000000000000000000e+00 1.000000000000000000e+00 4.329108245400577482e-01 5.670891754599423074e-01
1.000000000000000000e+00 1.000000000000000000e+00 3.444554361822695920e-01 6.555445638177304080e-01
1.000000000000000000e+00 1.000000000000000000e+00 3.963069374164895353e-01 6.036930625835104092e-01
1.000000000000000000e+00 0.000000000000000000e+00 5.621715367714605893e-01 4.378284632285395217e-01
1.000000000000000000e+00 0.000000000000000000e+00 6.446843498510733683e-01 3.553156501489265762e-01
1.000000000000000000e+00 0.000000000000000000e+00 5.226800935982479634e-01 4.773199064017522031e-01
1.000000000000000000e+00 1.000000000000000000e+00 4.490669011237483077e-01 5.509330988762517478e-01
0.000000000000000000e+00 1.000000000000000000e+00 4.263178892325864000e-01 5.736821107674137110e-01
0.000000000000000000e+00 0.000000000000000000e+00 5.099182964371848925e-01 4.900817035628153295e-01
1.000000000000000000e+00 1.000000000000000000e+00 4.935451833443856295e-01 5.064548166556143149e-01
0.000000000000000000e+00 0.000000000000000000e+00 5.896965213018819929e-01 4.103034786981181181e-01
1.000000000000000000e+00 1.000000000000000000e+00 4.655276562970090404e-01 5.344723437029910151e-01
1.000000000000000000e+00 1.000000000000000000e+00 4.419551622002810820e-01 5.580448377997189180e-01
0.000000000000000000e+00 0.000000000000000000e+00 5.538149734988370154e-01 4.461850265011629846e-01
0.000000000000000000e+00 0.000000000000000000e+00 5.408932501085900180e-01 4.591067498914101486e-01
0.000000000000000000e+00 0.000000000000000000e+00 6.444132006879940144e-01 3.555867993120059856e-01
0.000000000000000000e+00 1.000000000000000000e+00 3.157976735943920366e-01 6.842023264056078524e-01
1.000000000000000000e+00 1.000000000000000000e+00 4.459893365109624530e-01 5.540106634890374915e-01
1.000000000000000000e+00 0.000000000000000000e+00 5.076027553295228145e-01 4.923972446704771855e-01
0.000000000000000000e+00 0.000000000000000000e+00 7.285079207242965982e-01 2.714920792757032353e-01
0.000000000000000000e+00 0.000000000000000000e+00 5.273288846241701577e-01 4.726711153758298423e-01
1.000000000000000000e+00 1.000000000000000000e+00 4.816309001752421826e-01 5.183690998247577619e-01
0.000000000000000000e+00 0.000000000000000000e+00 6.037576781397476777e-01 3.962423218602521557e-01
1.000000000000000000e+00 0.000000000000000000e+00 5.157402135911490770e-01 4.842597864088508119e-01
0.000000000000000000e+00 1.000000000000000000e+00 4.501900356298886297e-01 5.498099643701114259e-01
1.000000000000000000e+00 1.000000000000000000e+00 4.362738867961946654e-01 5.637261132038052791e-01
1.000000000000000000e+00 0.000000000000000000e+00 5.129250952897602689e-01 4.870749047102398421e-01
1.000000000000000000e+00 1.000000000000000000e+00 4.930103172092372699e-01 5.069896827907626191e-01
0.000000000000000000e+00 0.000000000000000000e+00 5.196560749542686874e-01 4.803439250457312570e-01
0.000000000000000000e+00 0.000000000000000000e+00 5.531053998114807690e-01 4.468946001885192865e-01
0.000000000000000000e+00 1.000000000000000000e+00 4.554652183065971971e-01 5.445347816934027474e-01
1.000000000000000000e+00 1.000000000000000000e+00 3.584516043072369929e-01 6.415483956927630071e-01
1.000000000000000000e+00 0.000000000000000000e+00 6.468447760317574957e-01 3.531552239682425043e-01
1.000000000000000000e+00 0.000000000000000000e+00 5.714229386005333922e-01 4.285770613994666078e-01
1.000000000000000000e+00 1.000000000000000000e+00 4.200624032157250221e-01 5.799375967842750335e-01
1.000000000000000000e+00 0.000000000000000000e+00 5.000000000000000000e-01 5.000000000000000000e-01
0.000000000000000000e+00 0.000000000000000000e+00 5.238062224311278436e-01 4.761937775688722119e-01
1.000000000000000000e+00 0.000000000000000000e+00 5.476523834026136850e-01 4.523476165973864260e-01
1.000000000000000000e+00 1.000000000000000000e+00 4.646475203007642274e-01 5.353524796992358281e-01
1.000000000000000000e+00 0.000000000000000000e+00 5.479336498387665788e-01 4.520663501612335322e-01
1.000000000000000000e+00 0.000000000000000000e+00 6.316721722882261414e-01 3.683278277117737476e-01
1.000000000000000000e+00 1.000000000000000000e+00 4.337266162603051756e-01 5.662733837396948244e-01
1.000000000000000000e+00 1.000000000000000000e+00 3.740308324167030962e-01 6.259691675832967928e-01
1.000000000000000000e+00 1.000000000000000000e+00 4.252683625812526125e-01 5.747316374187475541e-01
1.000000000000000000e+00 0.000000000000000000e+00 5.000000000000000000e-01 5.000000000000000000e-01
1.000000000000000000e+00 0.000000000000000000e+00 5.723469499106295100e-01 4.276530500893704900e-01
1.000000000000000000e+00 0.000000000000000000e+00 5.663468420408150905e-01 4.336531579591848540e-01
1.000000000000000000e+00 0.000000000000000000e+00 6.363060727343701206e-01 3.636939272656297684e-01
1.000000000000000000e+00 0.000000000000000000e+00 6.665525508463948645e-01 3.334474491536052465e-01
1.000000000000000000e+00 0.000000000000000000e+00 5.000000000000000000e-01 5.000000000000000000e-01
0.000000000000000000e+00 0.000000000000000000e+00 5.810618968005224483e-01 4.189381031994776072e-01
0.000000000000000000e+00 0.000000000000000000e+00 5.562205065664762582e-01 4.437794934335236863e-01
1.000000000000000000e+00 0.000000000000000000e+00 5.523264140477798234e-01 4.476735859522202321e-01
1.000000000000000000e+00 0.000000000000000000e+00 5.165397032730982829e-01 4.834602967269017726e-01
0.000000000000000000e+00 0.000000000000000000e+00 6.218137735366452423e-01 3.781862264633546467e-01
1.000000000000000000e+00 0.000000000000000000e+00 5.799808216700274022e-01 4.200191783299724868e-01
0.000000000000000000e+00 1.000000000000000000e+00 4.425570183417840697e-01 5.574429816582160413e-01
1.000000000000000000e+00 0.000000000000000000e+00 5.299651241364303766e-01 4.700348758635695678e-01
1.000000000000000000e+00 0.000000000000000000e+00 4.936759497783185791e-01 5.063240502216813654e-01
0.000000000000000000e+00 0.000000000000000000e+00 6.195385093327931969e-01 3.804614906672068586e-01
1.000000000000000000e+00 1.000000000000000000e+00 4.730235454770835846e-01 5.269764545229164154e-01
1.000000000000000000e+00 0.000000000000000000e+00 6.207405535043893918e-01 3.792594464956106637e-01
1.000000000000000000e+00 0.000000000000000000e+00 5.467112931966381373e-01 4.532887068033618627e-01
0.000000000000000000e+00 0.000000000000000000e+00 5.230890323246121243e-01 4.769109676753878202e-01
1.000000000000000000e+00 1.000000000000000000e+00 4.907497328270117865e-01 5.092502671729882691e-01
0.000000000000000000e+00 0.000000000000000000e+00 5.000000000000000000e-01 5.000000000000000000e-01
1.000000000000000000e+00 0.000000000000000000e+00 4.949006722185731455e-01 5.050993277814267435e-01
0.000000000000000000e+00 0.000000000000000000e+00 5.935318643220208745e-01 4.064681356779791255e-01
