1.000000000000000000e+00 0.000000000000000000e+00 5.416389110208086333e-01 4.583610889791914222e-01
0.000000000000000000e+00 1.000000000000000000e+00 4.820192135628383889e-01 5.179807864371616111e-01
1.000000000000000000e+00 0.000000000000000000e+00 6.785587096480055758e-01 3.214412903519944242e-01
0.000000000000000000e+00 1.000000000000000000e+00 3.846902788532555739e-01 6.153097211467444261e-01
0.000000000000000000e+00 1.000000000000000000e+00 4.431607039689499095e-01 5.568392960310500905e-01
1.000000000000000000e+00 0.000000000000000000e+00 5.658187911351312271e-01 4.341812088648687729e-01
0.000000000000000000e+00 1.000000000000000000e+00 4.985982108079474173e-01 5.014017891920525827e-01
1.000000000000000000e+00 0.000000000000000000e+00 5.450308823180742834e-01 4.549691176819257721e-01
1.000000000000000000e+00 0.000000000000000000e+00 5.066749275786601725e-01 4.933250724213398275e-01
1.000000000000000000e+00 1.000000000000000000e+00 4.677823883822137541e-01 5.322176116177862459e-01
1.000000000000000000e+00 1.000000000000000000e+00 4.594494375359632343e-01 5.405505624640367657e-01
1.000000000000000000e+00 0.000000000000000000e+00 5.316782663192978209e-01 4.683217336807021236e-01
1.000000000000000000e+00 1.000000000000000000e+00 3.820770664219722557e-01 6.179229335780277443e-01
1.000000000000000000e+00 0.000000000000000000e+00 6.340074230765384566e-01 3.659925769234614878e-01
1.000000000000000000e+00 0.000000000000000000e+00 5.592252018386177914e-01 4.407747981613822086e-01
1.000000000000000000e+00 1.000000000000000000e+00 4.933937129915805242e-01 5.066062870084194758e-01
1.000000000000000000e+00 1.000000000000000000e+00 4.444152718018301584e-01 5.555847281981698416e-01
1.000000000000000000e+00 0.000000000000000000e+00 5.919321064804303756e-01 4.080678935195696799e-01
0.000000000000000000e+00 1.000000000000000000e+00 4.377687078039543822e-01 5.622312921960456178e-01
1.000000000000000000e+00 1.000000000000000000e+00 4.140241052864839233e-01 5.859758947135160767e-01
1.000000000000000000e+00 0.000000000000000000e+00 6.434641560706495511e-01 3.565358439293504489e-01
0.000000000000000000e+00 1.000000000000000000e+00 4.019744254943936612e-01 5.980255745056063388e-01
1.000000000000000000e+00 0.000000000000000000e+00 5.811152211984564886e-01 4.188847788015435114e-01
1.000000000000000000e+00 0.000000000000000000e+00 5.139401240068187660e-01 4.860598759931812340e-01
1.000000000000000000e+00 1.000000000000000000e+00 4.731489369016378399e-01 5.268510630983621601e-01
0.000000000000000000e+00 1.000000000000000000e+00 2.461559890955083985e-01 7.538440109044916015e-01
0.000000000000000000e+00 0.000000000000000000e+00 5.836470006583944770e-01 4.163529993416055786e-01
1.000000000000000000e+00 1.000000000000000000e+00 1.844242291096021003e-01 8.155757708903978997e-01
1.000000000000000000e+00 1.000000000000000000e+00 4.621314401671394734e-01 5.378685598328605266e-01
0.000000000000000000e+00 1.000000000000000000e+00 4.486050952654874191e-01 5.513949047345125809e-01
0.000000000000000000e+00 0.000000000000000000e+00 5.581626008388929083e-01 4.418373991611071472e-01
1.000000000000000000e+00 1.000000000000000000e+00 2.739712935605626010e-01 7.260287064394373990e-01
1.000000000000000000e+00 1.000000000000000000e+00 4.737188204551103787e-01 5.262811795448896213e-01
1.000000000000000000e+00 0.000000000000000000e+00 6.728421472033261352e-01 3.271578527966738092e-01
0.000000000000000000e+00 1.000000000000000000e+00 3.186086616626668810e-01 6.813913383373331190e-01
1.000000000000000000e+00 1.000000000000000000e+00 3.869798039194412009e-01 6.130201960805587991e-01
1.000000000000000000e+00 1.000000000000000000e+00 4.792213641697407045e-01 5.207786358302592955e-01
0.000000000000000000e+00 1.000000000000000000e+00 2.555526108497189197e-01 7.444473891502810803e-01
1.000000000000000000e+00 0.000000000000000000e+00 5.759008929324733739e-01 4.240991070675265706e-01
0.000000000000000000e+00 1.000000000000000000e+00 4.465808456955236982e-01 5.534191543044763018e-01
1.000000000000000000e+00 0.000000000000000000e+00 6.209827270160366286e-01 3.790172729839634269e-01
1.000000000000000000e+00 0.000000000000000000e+00 5.145813340226896848e-01 4.854186659773103152e-01
1.000000000000000000e+00 1.000000000000000000e+00 4.341442944383969715e-01 5.658557055616030285e-01
1.000000000000000000e+00 1.000000000000000000e+00 4.752885413239702483e-01 5.247114586760297517e-01
1.000000000000000000e+00 1.000000000000000000e+00 2.823514075790778399e-01 7.176485924209221601e-01
1.000000000000000000e+00 1.000000000000000000e+00 4.567719467803091904e-01 5.432280532196908096e-01
1.000000000000000000e+00 1.000000000000000000e+00 3.712647291252643145e-01 6.287352708747356855e-01
1.000000000000000000e+00 0.000000000000000000e+00 6.087735876074916730e-01 3.912264123925083270e-01
0.000000000000000000e+00 1.000000000000000000e+00 4.954188991498241768e-01 5.045811008501758232e-01
0.000000000000000000e+00 1.000000000000000000e+00 3.549579634224403479e-01 6.450420365775596521e-01
0.000000000000000000e+00 1.000000000000000000e+00 4.904536753416937067e-01 5.095463246583062933e-01
1.000000000000000000e+00 1.000000000000000000e+00 4.363521688673641652e-01 5.636478311326358348e-01
0.000000000000000000e+00 1.000000000000000000e+00 4.557896415479320007e-01 5.442103584520679993e-01
1.000000000000000000e+00 0.000000000000000000e+00 6.992622993923174324e-01 3.007377006076825121e-01
1.000000000000000000e+00 0.000000000000000000e+00 5.000393903743989288e-01 4.999606096256011267e-01
1.000000000000000000e+00 1.000000000000000000e+00 2.717988014715443379e-01 7.282011985284556621e-01
0.000000000000000000e+00 1.000000000000000000e+00 3.382273686252859068e-01 6.617726313747140932e-01
0.000000000000000000e+00 0.000000000000000000e+00 5.304855703207745909e-01 4.695144296792254091e-01
0.000000000000000000e+00 1.000000000000000000e+00 4.491037446936485544e-01 5.508962553063514456e-01
0.000000000000000000e+00 0.000000000000000000e+00 5.387689404162350204e-01 4.612310595837649241e-01
1.000000000000000000e+00 0.000000000000000000e+00 5.486321688066975177e-01 4.513678311933025378e-01
0.000000000000000000e+00 1.000000000000000000e+00 4.346980693926797423e-01 5.653019306073202577e-01
0.000000000000000000e+00 1.000000000000000000e+00 2.794865096758674117e-01 7.205134903241325883e-01
1.000000000000000000e+00 1.000000000000000000e+00 2.429033707167970180e-01 7.570966292832029820e-01
1.000000000000000000e+00 0.000000000000000000e+00 6.095400112977322760e-01 3.904599887022677240e-01
1.000000000000000000e+00 0.000000000000000000e+00 6.078195911532386919e-01 3.921804088467612526e-01
1.000000000000000000e+00 1.000000000000000000e+00 4.483203339209679283e-01 5.516796660790320717e-01
0.000000000000000000e+00 1.000000000000000000e+00 4.541289462214769257e-01 5.458710537785230743e-01
1.000000000000000000e+00 1.000000000000000000e+00 4.060984159134143345e-01 5.939015840865856655e-01
0.000000000000000000e+00 0.000000000000000000e+00 5.826234542148540640e-01 4.173765457851459915e-01
0.000000000000000000e+00 1.000000000000000000e+00 3.661882148064367071e-01 6.338117851935632929e-01
0.000000000000000000e+00 0.000000000000000000e+00 5.944868782980738953e-01 4.055131217019261602e-01
1.000000000000000000e+00 1.000000000000000000e+00 4.857935974371757615e-01 5.142064025628242385e-01
1.000000000000000000e+00 1.000000000000000000e+00 3.592930236221475448e-01 6.407069763778524552e-01
1.000000000000000000e+00 1.000000000000000000e+00 4.276919383712630696e-01 5.723080616287369304e-01
0.000000000000000000e+00 1.000000000000000000e+00 2.931920397766833997e-01 7.068079602233166003e-01
0.000000000000000000e+00 1.000000000000000000e+00 3.090780350437395407e-01 6.909219649562604593e-01
1.000000000000000000e+00 1.000000000000000000e+00 4.130383082400299610e-01 5.869616917599700390e-01
0.000000000000000000e+00 1.000000000000000000e+00 2.457207317848656425e-01 7.542792682151343575e-01
0.000000000000000000e+00 0.000000000000000000e+00 5.742389421361320245e-01 4.257610578638680310e-01
1.000000000000000000e+00 0.000000000000000000e+00 6.427138975033110935e-01 3.572861024966889620e-01
0.000000000000000000e+00 0.000000000000000000e+00 5.388807905658201669e-01 4.611192094341798886e-01
1.000000000000000000e+00 1.000000000000000000e+00 4.482539267425498242e-01 5.517460732574501758e-01
0.000000000000000000e+00 0.000000000000000000e+00 6.203106355952424655e-01 3.796893644047575345e-01
1.000000000000000000e+00 0.000000000000000000e+00 5.529548264035293315e-01 4.470451735964706685e-01
1.000000000000000000e+00 1.000000000000000000e+00 3.704401049247952882e-01 6.295598950752047118e-01
1.000000000000000000e+00 0.000000000000000000e+00 6.735267069348469526e-01 3.264732930651529919e-01
0.000000000000000000e+00 0.000000000000000000e+00 6.176056116295106646e-01 3.823943883704893354e-01
1.000000000000000000e+00 1.000000000000000000e+00 3.737399071016102026e-01 6.262600928983897974e-01
1.000000000000000000e+00 0.000000000000000000e+00 5.976670985904228850e-01 4.023329014095771705e-01
1.000000000000000000e+00 0.000000000000000000e+00 5.612640450055137453e-01 4.387359549944863102e-01
1.000000000000000000e+00 1.000000000000000000e+00 3.785583160206383857e-01 6.214416839793616143e-01
1.000000000000000000e+00 1.000000000000000000e+00 4.333149063623692454e-01 5.666850936376307546e-01
1.000000000000000000e+00 0.000000000000000000e+00 6.302290318390033619e-01 3.697709681609966381e-01
1.000000000000000000e+00 0.000000000000000000e+00 5.293870654130090614e-01 4.706129345869909941e-01
1.000000000000000000e+00 1.000000000000000000e+00 3.185269384704986217e-01 6.814730615295013783e-01
0.000000000000000000e+00 0.000000000000000000e+00 6.294117247501996859e-01 3.705882752498003141e-01
0.000000000000000000e+00 1.000000000000000000e+00 3.254961445338744319e-01 6.745038554661255681e-01
1.000000000000000000e+00 1.000000000000000000e+00 4.422363119987984259e-01 5.577636880012015741e-01
0.000000000000000000e+00 1.000000000000000000e+00 2.647921623293072457e-01 7.352078376706927543e-01
1.000000000000000000e+00 0.000000000000000000e+00 5.731128454023026730e-01 4.268871545976973825e-01
0.000000000000000000e+00 0.000000000000000000e+00 6.514132216355618121e-01 3.485867783644381879e-01
1.000000000000000000e+00 1.000000000000000000e+00 4.785974987813979009e-01 5.214025012186020991e-01
1.000000000000000000e+00 1.000000000000000000e+00 3.988377413699387697e-01 6.011622586300612303e-01
1.000000000000000000e+00 1.000000000000000000e+00 3.424759436254242173e-01 6.575240563745757827e-01
1.000000000000000000e+00 0.000000000000000000e+00 6.587752423567225790e-01 3.412247576432773655e-01
1.000000000000000000e+00 0.000000000000000000e+00 5.331447509783344696e-01 4.668552490216654749e-01
1.000000000000000000e+00 1.000000000000000000e+00 4.939250065592869499e-01 5.060749934407130501e-01
1.000000000000000000e+00 1.000000000000000000e+00 3.906436352550890501e-01 6.093563647449109499e-01
1.000000000000000000e+00 0.000000000000000000e+00 5.794869315457182868e-01 4.205130684542817132e-01
1.000000000000000000e+00 0.000000000000000000e+00 6.422676324751113164e-01 3.577323675248887391e-01
0.000000000000000000e+00 1.000000000000000000e+00 3.929324782326778509e-01 6.070675217673221491e-01
1.000000000000000000e+00 0.000000000000000000e+00 5.882345859651769704e-01 4.117654140348230851e-01
1.000000000000000000e+00 0.000000000000000000e+00 5.017673946644656269e-01 4.982326053355343731e-01
1.000000000000000000e+00 0.000000000000000000e+00 5.490331401769085184e-01 4.509668598230914816e-01
1.000000000000000000e+00 0.000000000000000000e+00 7.137726789166337626e-01 2.862273210833662374e-01
1.000000000000000000e+00 0.000000000000000000e+00 5.313963509362374937e-01 4.686036490637625063e-01
1.000000000000000000e+00 0.000000000000000000e+00 6.631140983473096107e-01 3.368859016526904449e-01
1.000000000000000000e+00 1.000000000000000000e+00 4.151355654459413236e-01 5.848644345540586764e-01
1.000000000000000000e+00 1.000000000000000000e+00 3.931577700930587449e-01 6.068422299069412551e-01
0.000000000000000000e+00 0.000000000000000000e+00 5.127295086847210026e-01 4.872704913152790529e-01
1.000000000000000000e+00 1.000000000000000000e+00 4.569199817378849504e-01 5.430800182621150496e-01
0.000000000000000000e+00 0.000000000000000000e+00 6.779241805377687058e-01 3.220758194622312387e-01
0.000000000000000000e+00 0.000000000000000000e+00 7.537555314243014060e-01 2.462444685756986495e-01
0.000000000000000000e+00 1.000000000000000000e+00 4.488915763181825502e-01 5.511084236818174498e-01
1.000000000000000000e+00 0.000000000000000000e+00 6.016600058577050714e-01 3.983399941422949841e-01
1.000000000000000000e+00 0.000000000000000000e+00 6.031313029838545337e-01 3.968686970161454663e-01
1.000000000000000000e+00 0.000000000000000000e+00 5.611731174486844775e-01 4.388268825513155225e-01
0.000000000000000000e+00 1.000000000000000000e+00 3.128718511162736915e-01 6.871281488837263085e-01
0.000000000000000000e+00 0.000000000000000000e+00 5.593065513129050759e-01 4.406934486870949241e-01
0.000000000000000000e+00 1.000000000000000000e+00 4.228462225371719674e-01 5.771537774628280326e-01
0.000000000000000000e+00 1.000000000000000000e+00 4.775362737639389232e-01 5.224637262360610768e-01
1.000000000000000000e+00 1.000000000000000000e+00 3.879443167546787752e-01 6.120556832453212248e-01
0.000000000000000000e+00 1.000000000000000000e+00 2.870809246960728256e-01 7.129190753039271744e-01
1.000000000000000000e+00 0.000000000000000000e+00 5.316356652682123762e-01 4.683643347317876793e-01
0.000000000000000000e+00 0.000000000000000000e+00 6.386506645471470289e-01 3.613493354528530266e-01
0.000000000000000000e+00 0.000000000000000000e+00 5.464184848296640418e-01 4.535815151703359027e-01
0.000000000000000000e+00 0.000000000000000000e+00 5.789096429111281195e-01 4.210903570888718805e-01
1.000000000000000000e+00 0.000000000000000000e+00 5.134451510785835726e-01 4.865548489214164274e-01
0.000000000000000000e+00 0.000000000000000000e+00 6.551609601893014778e-01 3.448390398106985222e-01
1.000000000000000000e+00 0.000000000000000000e+00 7.796377591431198351e-01 2.203622408568801649e-01
1.000000000000000000e+00 0.000000000000000000e+00 5.379953602359106579e-01 4.620046397640893421e-01
0.000000000000000000e+00 1.000000000000000000e+00 3.485875437869504490e-01 6.514124562130495510e-01
0.000000000000000000e+00 0.000000000000000000e+00 6.787595151114091951e-01 3.212404848885907493e-01
1.000000000000000000e+00 0.000000000000000000e+00 5.835996534645597755e-01 4.164003465354401690e-01
0.000000000000000000e+00 1.000000000000000000e+00 4.246061934222402634e-01 5.753938065777597366e-01
1.000000000000000000e+00 1.000000000000000000e+00 2.966075332599248382e-01 7.033924667400751618e-01
1.000000000000000000e+00 1.000000000000000000e+00 4.044835201526219004e-01 5.955164798473780996e-01
0.000000000000000000e+00 0.000000000000000000e+00 6.053655082998858905e-01 3.946344917001140540e-01
1.000000000000000000e+00 0.000000000000000000e+00 6.588614674127329929e-01 3.411385325872670071e-01
0.000000000000000000e+00 1.000000000000000000e+00 4.102909142778038420e-01 5.897090857221961580e-01
0.000000000000000000e+00 1.000000000000000000e+00 3.324796191792495081e-01 6.675203808207504919e-01
0.000000000000000000e+00 0.000000000000000000e+00 5.271616251289965582e-01 4.728383748710033863e-01
1.000000000000000000e+00 1.000000000000000000e+00 3.987461296220417006e-01 6.012538703779582994e-01
0.000000000000000000e+00 0.000000000000000000e+00 6.139694608384924646e-01 3.860305391615074799e-01
0.000000000000000000e+00 1.000000000000000000e+00 4.358194851482722898e-01 5.641805148517277102e-01
1.000000000000000000e+00 0.000000000000000000e+00 7.342723501968890787e-01 2.657276498031109213e-01
1.000000000000000000e+00 1.000000000000000000e+00 4.893840803416923402e-01 5.106159196583076598e-01
1.000000000000000000e+00 1.000000000000000000e+00 4.732195513944358334e-01 5.267804486055641666e-01
0.000000000000000000e+00 0.000000000000000000e+00 5.156087491476681883e-01 4.843912508523318117e-01
1.000000000000000000e+00 0.000000000000000000e+00 5.792973991271745948e-01 4.207026008728254052e-01
0.000000000000000000e+00 0.000000000000000000e+00 6.766954628894422674e-01 3.233045371105577326e-01
1.000000000000000000e+00 1.000000000000000000e+00 2.689970110428945294e-01 7.310029889571054706e-01
1.000000000000000000e+00 0.000000000000000000e+00 5.283197069242715482e-01 4.716802930757284518e-01
1.000000000000000000e+00 0.000000000000000000e+00 5.871315615917279684e-01 4.128684384082720316e-01
0.000000000000000000e+00 1.000000000000000000e+00 4.803248542821124678e-01 5.196751457178875322e-01
1.000000000000000000e+00 1.000000000000000000e+00 4.427800103960956024e-01 5.572199896039043976e-01
1.000000000000000000e+00 1.000000000000000000e+00 4.796442572572786611e-01 5.203557427427213389e-01
0.000000000000000000e+00 1.000000000000000000e+00 4.519617500444882419e-01 5.480382499555117581e-01
0.000000000000000000e+00 1.000000000000000000e+00 2.778658013776155178e-01 7.221341986223844822e-01
1.000000000000000000e+00 1.000000000000000000e+00 3.770691302918298682e-01 6.229308697081701318e-01
1.000000000000000000e+00 0.000000000000000000e+00 5.108383994410010676e-01 4.891616005589989880e-01
1.000000000000000000e+00 1.000000000000000000e+00 4.842854779862832970e-01 5.157145220137167030e-01
1.000000000000000000e+00 0.000000000000000000e+00 5.473483412108994806e-01 4.526516587891005750e-01
1.000000000000000000e+00 0.000000000000000000e+00 6.695853413053315384e-01 3.304146586946684616e-01
1.000000000000000000e+00 1.000000000000000000e+00 3.076068036866093092e-01 6.923931963133906908e-01
1.000000000000000000e+00 1.000000000000000000e+00 3.570128901946503230e-01 6.429871098053496770e-01
1.000000000000000000e+00 1.000000000000000000e+00 3.371567792602601088e-01 6.628432207397398912e-01
1.000000000000000000e+00 0.000000000000000000e+00 5.034477707316262762e-01 4.965522292683737238e-01
1.000000000000000000e+00 1.000000000000000000e+00 2.615142126440244130e-01 7.384857873559755870e-01
1.000000000000000000e+00 0.000000000000000000e+00 5.053716043990807982e-01 4.946283956009192573e-01
1.000000000000000000e+00 1.000000000000000000e+00 4.740102081710395598e-01 5.259897918289604402e-01
1.000000000000000000e+00 0.000000000000000000e+00 5.433860641329368857e-01 4.566139358670630588e-01
1.000000000000000000e+00 0.000000000000000000e+00 5.906654645458842001e-01 4.093345354541157999e-01
0.000000000000000000e+00 0.000000000000000000e+00 6.682009312632323228e-01 3.317990687367676772e-01
1.000000000000000000e+00 1.000000000000000000e+00 3.972145356393279592e-01 6.027854643606720408e-01
1.000000000000000000e+00 1.000000000000000000e+00 3.910063370653282799e-01 6.089936629346717201e-01
1.000000000000000000e+00 1.000000000000000000e+00 4.462689273636979426e-01 5.537310726363020574e-01
1.000000000000000000e+00 1.000000000000000000e+00 3.865899709596813949e-01 6.134100290403186051e-01
0.000000000000000000e+00 1.000000000000000000e+00 3.257249450338907115e-01 6.742750549661092885e-01
1.000000000000000000e+00 1.000000000000000000e+00 4.154428625031745259e-01 5.845571374968254741e-01
1.000000000000000000e+00 0.000000000000000000e+00 6.656678198207652830e-01 3.343321801792347725e-01
1.000000000000000000e+00 1.000000000000000000e+00 3.498556872853940680e-01 6.501443127146059320e-01
0.000000000000000000e+00 1.000000000000000000e+00 4.608592820527931400e-01 5.391407179472068600e-01
1.000000000000000000e+00 1.000000000000000000e+00 3.829892625343594981e-01 6.170107374656405019e-01
0.000000000000000000e+00 1.000000000000000000e+00 3.907792712139590563e-01 6.092207287860409437e-01
1.000000000000000000e+00 0.000000000000000000e+00 5.814400123745069315e-01 4.185599876254931240e-01
1.000000000000000000e+00 1.000000000000000000e+00 4.662785565189969672e-01 5.337214434810030328e-01
1.000000000000000000e+00 1.000000000000000000e+00 4.787875359826703203e-01 5.212124640173296797e-01
0.000000000000000000e+00 0.000000000000000000e+00 7.255526188222796158e-01 2.744473811777204397e-01
1.000000000000000000e+00 1.000000000000000000e+00 4.763904138131256349e-01 5.236095861868743651e-01
0.000000000000000000e+00 0.000000000000000000e+00 6.245087830054949496e-01 3.754912169945051059e-01
1.000000000000000000e+00 0.000000000000000000e+00 5.880279033628437180e-01 4.119720966371562820e-01
0.000000000000000000e+00 0.000000000000000000e+00 5.287430601293370280e-01 4.712569398706630275e-01
0.000000000000000000e+00 0.000000000000000000e+00 5.511004946908810709e-01 4.488995053091189846e-01
1.000000000000000000e+00 1.000000000000000000e+00 3.908138144803698921e-01 6.091861855196301079e-01
0.000000000000000000e+00 1.000000000000000000e+00 4.428333743713609438e-01 5.571666256286390562e-01
1.000000000000000000e+00 1.000000000000000000e+00 3.946023504453139985e-01 6.053976495546860015e-01
0.000000000000000000e+00 1.000000000000000000e+00 3.708056525303502493e-01 6.291943474696497507e-01
1.000000000000000000e+00 0.000000000000000000e+00 5.414613451846154168e-01 4.585386548153845832e-01
0.000000000000000000e+00 1.000000000000000000e+00 4.360271824432371268e-01 5.639728175567628732e-01
0.000000000000000000e+00 1.000000000000000000e+00 4.446383659891506301e-01 5.553616340108493699e-01
1.000000000000000000e+00 0.000000000000000000e+00 5.740286895392820998e-01 4.259713104607179002e-01
1.000000000000000000e+00 0.000000000000000000e+00 5.038906955662392217e-01 4.961093044337607227e-01
0.000000000000000000e+00 1.000000000000000000e+00 4.187322866808234068e-01 5.812677133191765932e-01
1.000000000000000000e+00 0.000000000000000000e+00 6.853506802869908654e-01 3.146493197130091346e-01
1.000000000000000000e+00 1.000000000000000000e+00 4.940060490216893196e-01 5.059939509783106804e-01
1.000000000000000000e+00 0.000000000000000000e+00 5.219237628695294617e-01 4.780762371304705383e-01
1.000000000000000000e+00 0.000000000000000000e+00 5.235423418255660266e-01 4.764576581744339734e-01
1.000000000000000000e+00 1.000000000000000000e+00 4.142722135898706526e-01 5.857277864101293474e-01
1.000000000000000000e+00 1.000000000000000000e+00 4.297082711058258786e-01 5.702917288941741214e-01
1.000000000000000000e+00 1.000000000000000000e+00 4.613679030816678628e-01 5.386320969183321372e-01
1.000000000000000000e+00 1.000000000000000000e+00 4.519619734033917258e-01 5.480380265966082742e-01
1.000000000000000000e+00 0.000000000000000000e+00 5.752185409380679015e-01 4.247814590619320430e-01
1.000000000000000000e+00 0.000000000000000000e+00 6.609915967036510409e-01 3.390084032963489591e-01
1.000000000000000000e+00 1.000000000000000000e+00 4.782703653080729866e-01 5.217296346919270134e-01
1.000000000000000000e+00 1.000000000000000000e+00 4.015076141354544381e-01 5.984923858645455619e-01
1.000000000000000000e+00 0.000000000000000000e+00 5.029336514739680686e-01 4.970663485260319314e-01
1.000000000000000000e+00 0.000000000000000000e+00 6.323331108298442249e-01 3.676668891701558306e-01
1.000000000000000000e+00 1.000000000000000000e+00 4.067908054033667620e-01 5.932091945966332380e-01
1.000000000000000000e+00 0.000000000000000000e+00 6.210954928708860567e-01 3.789045071291139988e-01
1.000000000000000000e+00 1.000000000000000000e+00 4.461981841020848938e-01 5.538018158979151062e-01
1.000000000000000000e+00 0.000000000000000000e+00 5.713939079628067574e-01 4.286060920371931870e-01
1.000000000000000000e+00 1.000000000000000000e+00 3.776135191489822240e-01 6.223864808510177760e-01
1.000000000000000000e+00 1.000000000000000000e+00 4.679505577685901807e-01 5.320494422314098193e-01
0.000000000000000000e+00 0.000000000000000000e+00 5.222504368270963759e-01 4.777495631729035686e-01
1.000000000000000000e+00 0.000000000000000000e+00 5.728918162847738138e-01 4.271081837152261307e-01
0.000000000000000000e+00 0.000000000000000000e+00 5.752567737148277516e-01 4.247432262851722484e-01
1.000000000000000000e+00 1.000000000000000000e+00 3.278244255752400527e-01 6.721755744247599473e-01
1.000000000000000000e+00 1.000000000000000000e+00 3.680419900410479839e-01 6.319580099589520161e-01
1.000000000000000000e+00 1.000000000000000000e+00 2.864254310142515525e-01 7.135745689857484475e-01
1.000000000000000000e+00 0.000000000000000000e+00 6.086716876159312672e-01 3.913283123840687328e-01
0.000000000000000000e+00 0.000000000000000000e+00 5.573788067733900231e-01 4.426211932266099214e-01
1.000000000000000000e+00 0.000000000000000000e+00 5.250924447973928100e-01 4.749075552026072455e-01
1.000000000000000000e+00 1.000000000000000000e+00 4.432873378804828013e-01 5.567126621195171987e-01
1.000000000000000000e+00 0.000000000000000000e+00 5.184464197307527833e-01 4.815535802692472167e-01
1.000000000000000000e+00 0.000000000000000000e+00 5.145115990451976096e-01 4.854884009548023904e-01
1.000000000000000000e+00 0.000000000000000000e+00 6.913679912747927592e-01 3.086320087252072408e-01
1.000000000000000000e+00 0.000000000000000000e+00 5.505286009337705400e-01 4.494713990662294600e-01
1.000000000000000000e+00 0.000000000000000000e+00 5.028205444553713876e-01 4.971794555446286124e-01
1.000000000000000000e+00 1.000000000000000000e+00 3.272702948741407214e-01 6.727297051258592786e-01
1.000000000000000000e+00 1.000000000000000000e+00 3.543274336075958875e-01 6.456725663924041125e-01
0.000000000000000000e+00 1.000000000000000000e+00 3.928324166412409113e-01 6.071675833587590887e-01
0.000000000000000000e+00 0.000000000000000000e+00 6.229075708834748148e-01 3.770924291165252407e-01
0.000000000000000000e+00 1.000000000000000000e+00 2.720143742646198293e-01 7.279856257353801707e-01
0.000000000000000000e+00 0.000000000000000000e+00 5.209450644459309165e-01 4.790549355540690835e-01
1.000000000000000000e+00 1.000000000000000000e+00 2.981880275143400372e-01 7.018119724856599628e-01
1.000000000000000000e+00 1.000000000000000000e+00 3.509893709269986672e-01 6.490106290730013328e-01
0.000000000000000000e+00 1.000000000000000000e+00 2.881389980120578898e-01 7.118610019879421102e-01
1.000000000000000000e+00 1.000000000000000000e+00 4.576881856319355846e-01 5.423118143680644154e-01
1.000000000000000000e+00 1.000000000000000000e+00 4.794785514835054885e-01 5.205214485164945115e-01
1.000000000000000000e+00 1.000000000000000000e+00 4.377800647026550696e-01 5.622199352973449304e-01
0.000000000000000000e+00 1.000000000000000000e+00 4.904685589020248981e-01 5.095314410979751019e-01
0.000000000000000000e+00 0.000000000000000000e+00 6.524782884914877013e-01 3.475217115085122432e-01
1.000000000000000000e+00 1.000000000000000000e+00 2.753341219678941965e-01 7.246658780321058035e-01
0.000000000000000000e+00 1.000000000000000000e+00 4.603132290606080090e-01 5.396867709393919910e-01
1.000000000000000000e+00 1.000000000000000000e+00 3.248353290198691123e-01 6.751646709801308877e-01
1.000000000000000000e+00 1.000000000000000000e+00 4.323795158198285860e-01 5.676204841801714140e-01
1.000000000000000000e+00 0.000000000000000000e+00 5.848934399543130880e-01 4.151065600456869675e-01
0.000000000000000000e+00 1.000000000000000000e+00 4.866036124608176250e-01 5.133963875391823750e-01
1.000000000000000000e+00 0.000000000000000000e+00 6.501239246994536813e-01 3.498760753005463187e-01
1.000000000000000000e+00 1.000000000000000000e+00 3.122994812448267599e-01 6.877005187551732401e-01
1.000000000000000000e+00 1.000000000000000000e+00 3.899788550564653455e-01 6.100211449435346545e-01
1.000000000000000000e+00 1.000000000000000000e+00 4.094187885130837756e-01 5.905812114869162244e-01
1.000000000000000000e+00 1.000000000000000000e+00 3.997374349482423206e-01 6.002625650517576794e-01
1.000000000000000000e+00 1.000000000000000000e+00 4.529696104882983132e-01 5.470303895117016868e-01
1.000000000000000000e+00 0.000000000000000000e+00 5.652170920404469001e-01 4.347829079595530444e-01
0.000000000000000000e+00 1.000000000000000000e+00 4.694322954476486398e-01 5.305677045523513602e-01
0.000000000000000000e+00 1.000000000000000000e+00 4.344806954677361555e-01 5.655193045322638445e-01
1.000000000000000000e+00 1.000000000000000000e+00 4.687814008236362850e-01 5.312185991763637150e-01
1.000000000000000000e+00 1.000000000000000000e+00 4.396609972764756735e-01 5.603390027235243265e-01
1.000000000000000000e+00 0.000000000000000000e+00 5.288934395853224224e-01 4.711065604146775776e-01
1.000000000000000000e+00 1.000000000000000000e+00 3.166608760185555260e-01 6.833391239814444740e-01
1.000000000000000000e+00 0.000000000000000000e+00 5.586567200096674846e-01 4.413432799903325154e-01
1.000000000000000000e+00 1.000000000000000000e+00 3.976354091188503137e-01 6.023645908811496863e-01
0.000000000000000000e+00 0.000000000000000000e+00 6.262832313852055854e-01 3.737167686147943590e-01
1.000000000000000000e+00 1.000000000000000000e+00 3.516358923993122554e-01 6.483641076006877446e-01
0.000000000000000000e+00 1.000000000000000000e+00 3.526512746415932931e-01 6.473487253584067069e-01
1.000000000000000000e+00 0.000000000000000000e+00 5.336466072253751580e-01 4.663533927746247865e-01
0.000000000000000000e+00 0.000000000000000000e+00 6.526848546186618805e-01 3.473151453813381195e-01
0.000000000000000000e+00 0.000000000000000000e+00 5.625941666451232948e-01 4.374058333548767608e-01
0.000000000000000000e+00 0.000000000000000000e+00 6.115878639415128770e-01 3.884121360584871230e-01
1.000000000000000000e+00 0.000000000000000000e+00 5.464826823190785943e-01 4.535173176809214057e-01
1.000000000000000000e+00 1.000000000000000000e+00 4.395331651830128861e-01 5.604668348169871139e-01
1.000000000000000000e+00 1.000000000000000000e+00 4.672890370358524503e-01 5.327109629641475497e-01
1.000000000000000000e+00 0.000000000000000000e+00 5.576044051281403569e-01 4.423955948718595876e-01
0.000000000000000000e+00 0.000000000000000000e+00 5.087095923891711280e-01 4.912904076108288165e-01
0.000000000000000000e+00 1.000000000000000000e+00 1.753029002422498150e-01 8.246970997577501850e-01
1.000000000000000000e+00 0.000000000000000000e+00 5.388836877224734145e-01 4.611163122775266410e-01
1.000000000000000000e+00 0.000000000000000000e+00 5.466720094158019627e-01 4.533279905841979818e-01
