1.000000000000000000e+00 0.000000000000000000e+00 8.326148226399072705e-01 1.673851773600926740e-01
1.000000000000000000e+00 0.000000000000000000e+00 6.734784888353650967e-01 3.265215111646349588e-01
1.000000000000000000e+00 0.000000000000000000e+00 5.577624726710925795e-01 4.422375273289074760e-01
0.000000000000000000e+00 0.000000000000000000e+00 5.528729464100377022e-01 4.471270535899622978e-01
1.000000000000000000e+00 1.000000000000000000e+00 4.342423664365994140e-01 5.657576335634005860e-01
1.000000000000000000e+00 0.000000000000000000e+00 7.139751083709692248e-01 2.860248916290307752e-01
1.000000000000000000e+00 0.000000000000000000e+00 6.017092242152914938e-01 3.982907757847084507e-01
1.000000000000000000e+00 0.000000000000000000e+00 5.632980993237920453e-01 4.367019006762079547e-01
0.000000000000000000e+00 0.000000000000000000e+00 7.760199154353636386e-01 2.239800845646363892e-01
1.000000000000000000e+00 1.000000000000000000e+00 4.799242738050851775e-01 5.200757261949148225e-01
0.000000000000000000e+00 1.000000000000000000e+00 2.589567314739881221e-01 7.410432685260118779e-01
1.000000000000000000e+00 0.000000000000000000e+00 7.794901054843169641e-01 2.205098945156830081e-01
0.000000000000000000e+00 0.000000000000000000e+00 6.856209397572270436e-01 3.143790602427729008e-01
1.000000000000000000e+00 0.000000000000000000e+00 7.822781793779912674e-01 2.177218206220087049e-01
0.000000000000000000e+00 0.000000000000000000e+00 6.454008603271133016e-01 3.545991396728866429e-01
1.000000000000000000e+00 0.000000000000000000e+00 5.638750282514499723e-01 4.361249717485500832e-01
1.000000000000000000e+00 1.000000000000000000e+00 4.495280935960602742e-01 5.504719064039397258e-01
1.000000000000000000e+00 0.000000000000000000e+00 6.992780570857710654e-01 3.007219429142289902e-01
1.000000000000000000e+00 1.000000000000000000e+00 2.741786517257133182e-01 7.258213482742866818e-01
1.000000000000000000e+00 1.000000000000000000e+00 4.924112850746018566e-01 5.075887149253981434e-01
1.000000000000000000e+00 0.000000000000000000e+00 6.538387459504024779e-01 3.461612540495974666e-01
0.000000000000000000e+00 1.000000000000000000e+00 4.182764167591970228e-01 5.817235832408029772e-01
0.000000000000000000e+00 0.000000000000000000e+00 6.101626170440641594e-01 3.898373829559358961e-01
0.000000000000000000e+00 0.000000000000000000e+00 7.155274696169858784e-01 2.844725303830141216e-01
0.000000000000000000e+00 1.000000000000000000e+00 3.616873541404709291e-01 6.383126458595290709e-01
1.000000000000000000e+00 0.000000000000000000e+00 9.101098147989690190e-01 8.989018520103102261e-02
1.000000000000000000e+00 1.000000000000000000e+00 4.390558350405924237e-01 5.609441649594075763e-01
0.000000000000000000e+00 0.000000000000000000e+00 6.137561973118270675e-01 3.862438026881728770e-01
0.000000000000000000e+00 1.000000000000000000e+00 4.258577640281620003e-01 5.741422359718379997e-01
0.000000000000000000e+00 1.000000000000000000e+00 4.467775465742120922e-01 5.532224534257879078e-01
1.000000000000000000e+00 0.000000000000000000e+00 6.842483943318762307e-01 3.157516056681237138e-01
1.000000000000000000e+00 0.000000000000000000e+00 6.991975115297393017e-01 3.008024884702606983e-01
1.000000000000000000e+00 1.000000000000000000e+00 2.113493494779338233e-01 7.886506505220661767e-01
1.000000000000000000e+00 0.000000000000000000e+00 5.736153365487196565e-01 4.263846634512803435e-01
1.000000000000000000e+00 0.000000000000000000e+00 5.330686702365305951e-01 4.669313297634694604e-01
1.000000000000000000e+00 1.000000000000000000e+00 3.936285214337577054e-01 6.063714785662422946e-01
1.000000000000000000e+00 0.000000000000000000e+00 5.905424812304844728e-01 4.094575187695155827e-01
0.000000000000000000e+00 1.000000000000000000e+00 3.156445860295271633e-01 6.843554139704728367e-01
1.000000000000000000e+00 1.000000000000000000e+00 4.752556920889150494e-01 5.247443079110849506e-01
1.000000000000000000e+00 0.000000000000000000e+00 5.794120795425596882e-01 4.205879204574403674e-01
1.000000000000000000e+00 1.000000000000000000e+00 4.960961001858634756e-01 5.039038998141365244e-01
1.000000000000000000e+00 1.000000000000000000e+00 4.638373550336678530e-01 5.361626449663321470e-01
1.000000000000000000e+00 1.000000000000000000e+00 3.002157320826756015e-01 6.997842679173243985e-01
0.000000000000000000e+00 1.000000000000000000e+00 4.163045605500280688e-01 5.836954394499719312e-01
1.000000000000000000e+00 1.000000000000000000e+00 3.969625655941363407e-01 6.030374344058636593e-01
0.000000000000000000e+00 0.000000000000000000e+00 5.833505192927334049e-01 4.166494807072665951e-01
1.000000000000000000e+00 0.000000000000000000e+00 5.542295642786868592e-01 4.457704357213131408e-01
1.000000000000000000e+00 1.000000000000000000e+00 2.874289329125658821e-01 7.125710670874341179e-01
1.000000000000000000e+00 0.000000000000000000e+00 5.433608443000457200e-01 4.566391556999542245e-01
1.000000000000000000e+00 0.000000000000000000e+00 6.228056611398646858e-01 3.771943388601352587e-01
1.000000000000000000e+00 1.000000000000000000e+00 1.616219560088338891e-01 8.383780439911661109e-01
0.000000000000000000e+00 1.000000000000000000e+00 4.933528884558531225e-01 5.066471115441468775e-01
0.000000000000000000e+00 0.000000000000000000e+00 6.679323180956490136e-01 3.320676819043509864e-01
0.000000000000000000e+00 1.000000000000000000e+00 3.259249466082776436e-01 6.740750533917223564e-01
1.000000000000000000e+00 1.000000000000000000e+00 4.508386576886377339e-01 5.491613423113622661e-01
1.000000000000000000e+00 1.000000000000000000e+00 4.747642053426862629e-01 5.252357946573137371e-01
1.000000000000000000e+00 1.000000000000000000e+00 3.074396725289559873e-01 6.925603274710440127e-01
0.000000000000000000e+00 1.000000000000000000e+00 4.443295136375411403e-01 5.556704863624588597e-01
1.000000000000000000e+00 1.000000000000000000e+00 4.752352364126233297e-01 5.247647635873766703e-01
1.000000000000000000e+00 1.000000000000000000e+00 3.994516949343023260e-01 6.005483050656976740e-01
1.000000000000000000e+00 1.000000000000000000e+00 4.355352944442973939e-01 5.644647055557026061e-01
1.000000000000000000e+00 1.000000000000000000e+00 3.314815864822816538e-01 6.685184135177183462e-01
0.000000000000000000e+00 1.000000000000000000e+00 2.133149390786696076e-01 7.866850609213303924e-01
1.000000000000000000e+00 1.000000000000000000e+00 2.031369332498867974e-01 7.968630667501132026e-01
1.000000000000000000e+00 0.000000000000000000e+00 5.522707417476984126e-01 4.477292582523015319e-01
1.000000000000000000e+00 0.000000000000000000e+00 5.492736654916430261e-01 4.507263345083569184e-01
0.000000000000000000e+00 1.000000000000000000e+00 4.140544279412968764e-01 5.859455720587031236e-01
0.000000000000000000e+00 0.000000000000000000e+00 5.111284125403252609e-01 4.888715874596747946e-01
1.000000000000000000e+00 1.000000000000000000e+00 4.297776756380171648e-01 5.702223243619828352e-01
0.000000000000000000e+00 0.000000000000000000e+00 5.320216421257915052e-01 4.679783578742084948e-01
1.000000000000000000e+00 1.000000000000000000e+00 3.726008127893136734e-01 6.273991872106863266e-01
1.000000000000000000e+00 0.000000000000000000e+00 5.569846448579440779e-01 4.430153551420558666e-01
1.000000000000000000e+00 0.000000000000000000e+00 6.565081226986040353e-01 3.434918773013959092e-01
1.000000000000000000e+00 0.000000000000000000e+00 5.186780742201515526e-01 4.813219257798483919e-01
1.000000000000000000e+00 1.000000000000000000e+00 2.364219815027099880e-01 7.635780184972900120e-01
0.000000000000000000e+00 1.000000000000000000e+00 3.413199119699309447e-01 6.586800880300690553e-01
0.000000000000000000e+00 1.000000000000000000e+00 4.918159087514417660e-01 5.081840912485582340e-01
1.000000000000000000e+00 1.000000000000000000e+00 4.151053618808530077e-01 5.848946381191469923e-01
1.000000000000000000e+00 1.000000000000000000e+00 2.473955045438661626e-01 7.526044954561338374e-01
1.000000000000000000e+00 0.000000000000000000e+00 6.210738618240825293e-01 3.789261381759174152e-01
0.000000000000000000e+00 1.000000000000000000e+00 4.874944664874906186e-01 5.125055335125093814e-01
0.000000000000000000e+00 1.000000000000000000e+00 4.857327243070531653e-01 5.142672756929468347e-01
1.000000000000000000e+00 1.000000000000000000e+00 3.237295381405186356e-01 6.762704618594813644e-01
1.000000000000000000e+00 1.000000000000000000e+00 4.342384143559309129e-01 5.657615856440690871e-01
0.000000000000000000e+00 1.000000000000000000e+00 4.146702159353815587e-01 5.853297840646184413e-01
1.000000000000000000e+00 1.000000000000000000e+00 4.356767250227809862e-01 5.643232749772190138e-01
0.000000000000000000e+00 1.000000000000000000e+00 4.106120904403274263e-01 5.893879095596725737e-01
0.000000000000000000e+00 0.000000000000000000e+00 5.208819997496900722e-01 4.791180002503099278e-01
1.000000000000000000e+00 1.000000000000000000e+00 4.523486736409477738e-01 5.476513263590522262e-01
0.000000000000000000e+00 1.000000000000000000e+00 4.992231871110723862e-01 5.007768128889276138e-01
1.000000000000000000e+00 1.000000000000000000e+00 4.963893829175388683e-01 5.036106170824611317e-01
1.000000000000000000e+00 1.000000000000000000e+00 3.117727943141720415e-01 6.882272056858279585e-01
1.000000000000000000e+00 0.000000000000000000e+00 5.830798004890640485e-01 4.169201995109358960e-01
0.000000000000000000e+00 1.000000000000000000e+00 2.979567550135040488e-01 7.020432449864959512e-01
1.000000000000000000e+00 1.000000000000000000e+00 4.273515712929730759e-01 5.726484287070269241e-01
1.000000000000000000e+00 0.000000000000000000e+00 6.722196711873681396e-01 3.277803288126318604e-01
1.000000000000000000e+00 1.000000000000000000e+00 3.819729492066329390e-01 6.180270507933670610e-01
0.000000000000000000e+00 1.000000000000000000e+00 2.272204028958073607e-01 7.727795971041926393e-01
1.000000000000000000e+00 1.000000000000000000e+00 1.466957690551259352e-01 8.533042309448740648e-01
1.000000000000000000e+00 1.000000000000000000e+00 3.826359874785162374e-01 6.173640125214837626e-01
1.000000000000000000e+00 1.000000000000000000e+00 2.580265958602315779e-01 7.419734041397684221e-01
0.000000000000000000e+00 1.000000000000000000e+00 4.936183931525868207e-01 5.063816068474131793e-01
0.000000000000000000e+00 1.000000000000000000e+00 4.407601354795060988e-01 5.592398645204939012e-01
1.000000000000000000e+00 1.000000000000000000e+00 2.389712463823187028e-01 7.610287536176812972e-01
1.000000000000000000e+00 1.000000000000000000e+00 1.622699445505595417e-01 8.377300554494404583e-01
0.000000000000000000e+00 1.000000000000000000e+00 3.120884023474218560e-01 6.879115976525781440e-01
1.000000000000000000e+00 1.000000000000000000e+00 3.647704759910388450e-01 6.352295240089611550e-01
0.000000000000000000e+00 1.000000000000000000e+00 4.874790447910685165e-01 5.125209552089314835e-01
1.000000000000000000e+00 0.000000000000000000e+00 7.031277415231005357e-01 2.968722584768995199e-01
0.000000000000000000e+00 1.000000000000000000e+00 4.749929470719526092e-01 5.250070529280473908e-01
1.000000000000000000e+00 1.000000000000000000e+00 4.554532480920134851e-01 5.445467519079865149e-01
1.000000000000000000e+00 1.000000000000000000e+00 4.607887577237456123e-01 5.392112422762543877e-01
1.000000000000000000e+00 1.000000000000000000e+00 3.495425859449839967e-01 6.504574140550160033e-01
1.000000000000000000e+00 0.000000000000000000e+00 5.890166511302378227e-01 4.109833488697621773e-01
1.000000000000000000e+00 0.000000000000000000e+00 6.177682566354185667e-01 3.822317433645813778e-01
1.000000000000000000e+00 0.000000000000000000e+00 5.290024463679856570e-01 4.709975536320143985e-01
0.000000000000000000e+00 1.000000000000000000e+00 9.790376927771426985e-02 9.020962307222857302e-01
1.000000000000000000e+00 1.000000000000000000e+00 4.612787064426530081e-01 5.387212935573469919e-01
1.000000000000000000e+00 1.000000000000000000e+00 3.419042877104426781e-01 6.580957122895573219e-01
1.000000000000000000e+00 0.000000000000000000e+00 7.141352366467663693e-01 2.858647633532336862e-01
0.000000000000000000e+00 1.000000000000000000e+00 1.700829512896275819e-01 8.299170487103724181e-01
1.000000000000000000e+00 0.000000000000000000e+00 6.249675588208227772e-01 3.750324411791772228e-01
0.000000000000000000e+00 1.000000000000000000e+00 4.069523085872432944e-01 5.930476914127567056e-01
0.000000000000000000e+00 0.000000000000000000e+00 5.775212522385960723e-01 4.224787477614039277e-01
0.000000000000000000e+00 1.000000000000000000e+00 2.323201903266044477e-01 7.676798096733955523e-01
0.000000000000000000e+00 1.000000000000000000e+00 4.626346317073569692e-01 5.373653682926430308e-01
1.000000000000000000e+00 1.000000000000000000e+00 1.044310989803272083e-01 8.955689010196727917e-01
1.000000000000000000e+00 1.000000000000000000e+00 2.958759082049708944e-01 7.041240917950291056e-01
1.000000000000000000e+00 0.000000000000000000e+00 5.919694557430250637e-01 4.080305442569749919e-01
1.000000000000000000e+00 1.000000000000000000e+00 3.174298621795881292e-01 6.825701378204118708e-01
0.000000000000000000e+00 0.000000000000000000e+00 6.828325850185436030e-01 3.171674149814563970e-01
1.000000000000000000e+00 1.000000000000000000e+00 4.021534146366394502e-01 5.978465853633605498e-01
1.000000000000000000e+00 0.000000000000000000e+00 5.822709133938646087e-01 4.177290866061353913e-01
0.000000000000000000e+00 1.000000000000000000e+00 1.684758567963363651e-01 8.315241432036636349e-01
1.000000000000000000e+00 0.000000000000000000e+00 6.877762465955821192e-01 3.122237534044179363e-01
1.000000000000000000e+00 1.000000000000000000e+00 3.929365946418982292e-01 6.070634053581017708e-01
1.000000000000000000e+00 1.000000000000000000e+00 3.418222270564386100e-01 6.581777729435613900e-01
0.000000000000000000e+00 0.000000000000000000e+00 6.636005518833252292e-01 3.363994481166748263e-01
0.000000000000000000e+00 1.000000000000000000e+00 3.022022477402216412e-01 6.977977522597783588e-01
0.000000000000000000e+00 0.000000000000000000e+00 5.263443438726576051e-01 4.736556561273424504e-01
0.000000000000000000e+00 1.000000000000000000e+00 1.039634787303214125e-01 8.960365212696785875e-01
1.000000000000000000e+00 0.000000000000000000e+00 8.083474639640386705e-01 1.916525360359613572e-01
1.000000000000000000e+00 1.000000000000000000e+00 2.542304793511667160e-01 7.457695206488332840e-01
0.000000000000000000e+00 1.000000000000000000e+00 3.501127713873909419e-01 6.498872286126090581e-01
0.000000000000000000e+00 1.000000000000000000e+00 2.124510210917375241e-01 7.875489789082624759e-01
1.000000000000000000e+00 0.000000000000000000e+00 5.420641529401725167e-01 4.579358470598274833e-01
1.000000000000000000e+00 1.000000000000000000e+00 4.853758310661345776e-01 5.146241689338654224e-01
1.000000000000000000e+00 1.000000000000000000e+00 2.200610857729949910e-01 7.799389142270050090e-01
0.000000000000000000e+00 1.000000000000000000e+00 4.586624127943843554e-01 5.413375872056156446e-01
0.000000000000000000e+00 1.000000000000000000e+00 3.648938063072670879e-01 6.351061936927329121e-01
0.000000000000000000e+00 0.000000000000000000e+00 6.038739744119647757e-01 3.961260255880351688e-01
1.000000000000000000e+00 1.000000000000000000e+00 3.315477015951662221e-01 6.684522984048337779e-01
1.000000000000000000e+00 1.000000000000000000e+00 4.570667246858619581e-01 5.429332753141380419e-01
0.000000000000000000e+00 0.000000000000000000e+00 8.405351276062733579e-01 1.594648723937266421e-01
0.000000000000000000e+00 0.000000000000000000e+00 7.008181842087723989e-01 2.991818157912276011e-01
1.000000000000000000e+00 1.000000000000000000e+00 2.778006963146700814e-01 7.221993036853299186e-01
1.000000000000000000e+00 1.000000000000000000e+00 3.338842709712493972e-01 6.661157290287506028e-01
0.000000000000000000e+00 1.000000000000000000e+00 4.008888688299977465e-01 5.991111311700022535e-01
1.000000000000000000e+00 1.000000000000000000e+00 2.216875022139828122e-01 7.783124977860171878e-01
1.000000000000000000e+00 1.000000000000000000e+00 4.939778401086591941e-01 5.060221598913408059e-01
0.000000000000000000e+00 1.000000000000000000e+00 4.770378181170336074e-01 5.229621818829663926e-01
1.000000000000000000e+00 1.000000000000000000e+00 4.708479162739128698e-01 5.291520837260871302e-01
1.000000000000000000e+00 1.000000000000000000e+00 3.901621746493941778e-01 6.098378253506058222e-01
1.000000000000000000e+00 0.000000000000000000e+00 5.624361200443592779e-01 4.375638799556407776e-01
1.000000000000000000e+00 0.000000000000000000e+00 6.866256803703354450e-01 3.133743196296644995e-01
1.000000000000000000e+00 1.000000000000000000e+00 3.010495123657611627e-01 6.989504876342388373e-01
1.000000000000000000e+00 0.000000000000000000e+00 5.706700090651009027e-01 4.293299909348990973e-01
1.000000000000000000e+00 1.000000000000000000e+00 3.628931619299848865e-01 6.371068380700151135e-01
1.000000000000000000e+00 0.000000000000000000e+00 5.318977288051927044e-01 4.681022711948072956e-01
1.000000000000000000e+00 1.000000000000000000e+00 3.829494149170009631e-01 6.170505850829990369e-01
0.000000000000000000e+00 1.000000000000000000e+00 2.249019121298176938e-01 7.750980878701823062e-01
1.000000000000000000e+00 0.000000000000000000e+00 5.206962227145532918e-01 4.793037772854467637e-01
0.000000000000000000e+00 0.000000000000000000e+00 5.891566907180125767e-01 4.108433092819873678e-01
0.000000000000000000e+00 1.000000000000000000e+00 4.823210910473348934e-01 5.176789089526651066e-01
1.000000000000000000e+00 1.000000000000000000e+00 3.927066745874312481e-01 6.072933254125687519e-01
1.000000000000000000e+00 1.000000000000000000e+00 3.146549730948454693e-01 6.853450269051545307e-01
0.000000000000000000e+00 0.000000000000000000e+00 6.248096224773944662e-01 3.751903775226055338e-01
0.000000000000000000e+00 0.000000000000000000e+00 5.755948568635578244e-01 4.244051431364421201e-01
0.000000000000000000e+00 1.000000000000000000e+00 2.450373032112981297e-01 7.549626967887018703e-01
1.000000000000000000e+00 1.000000000000000000e+00 4.090736409528147322e-01 5.909263590471852678e-01
1.000000000000000000e+00 1.000000000000000000e+00 2.951386213290940752e-01 7.048613786709059248e-01
1.000000000000000000e+00 1.000000000000000000e+00 4.523122346454444553e-01 5.476877653545555447e-01
1.000000000000000000e+00 1.000000000000000000e+00 4.423083576513267001e-01 5.576916423486732999e-01
1.000000000000000000e+00 1.000000000000000000e+00 1.776543469384866958e-01 8.223456530615133042e-01
0.000000000000000000e+00 1.000000000000000000e+00 3.882164321521341943e-01 6.117835678478658057e-01
1.000000000000000000e+00 0.000000000000000000e+00 6.872854537402941499e-01 3.127145462597059056e-01
1.000000000000000000e+00 1.000000000000000000e+00 3.796050552283251056e-01 6.203949447716748944e-01
1.000000000000000000e+00 1.000000000000000000e+00 3.673181987939319049e-01 6.326818012060680951e-01
1.000000000000000000e+00 0.000000000000000000e+00 7.437505331452062274e-01 2.562494668547937726e-01
0.000000000000000000e+00 0.000000000000000000e+00 5.614377935023144861e-01 4.385622064976855694e-01
1.000000000000000000e+00 1.000000000000000000e+00 4.299657396947267340e-01 5.700342603052732660e-01
1.000000000000000000e+00 1.000000000000000000e+00 3.870684884007474791e-01 6.129315115992525209e-01
1.000000000000000000e+00 0.000000000000000000e+00 6.289052647097520543e-01 3.710947352902479457e-01
1.000000000000000000e+00 1.000000000000000000e+00 3.135224901816157095e-01 6.864775098183842905e-01
1.000000000000000000e+00 0.000000000000000000e+00 5.205843127346170274e-01 4.794156872653829726e-01
1.000000000000000000e+00 0.000000000000000000e+00 5.495284636061725791e-01 4.504715363938274209e-01
1.000000000000000000e+00 1.000000000000000000e+00 4.294923684933282804e-01 5.705076315066717196e-01
1.000000000000000000e+00 1.000000000000000000e+00 4.411741731611732442e-01 5.588258268388267558e-01
0.000000000000000000e+00 0.000000000000000000e+00 5.226699877553167006e-01 4.773300122446833549e-01
1.000000000000000000e+00 0.000000000000000000e+00 6.738687635810158838e-01 3.261312364189841717e-01
1.000000000000000000e+00 0.000000000000000000e+00 5.683895407546564194e-01 4.316104592453436362e-01
0.000000000000000000e+00 0.000000000000000000e+00 7.550306216156531525e-01 2.449693783843468475e-01
1.000000000000000000e+00 1.000000000000000000e+00 4.773256753079141435e-01 5.226743246920858565e-01
1.000000000000000000e+00 0.000000000000000000e+00 5.910086083703746107e-01 4.089913916296253893e-01
1.000000000000000000e+00 1.000000000000000000e+00 2.692252544648413570e-01 7.307747455351586430e-01
0.000000000000000000e+00 1.000000000000000000e+00 2.936526308516149708e-01 7.063473691483850292e-01
0.000000000000000000e+00 0.000000000000000000e+00 6.620327843256955669e-01 3.379672156743044331e-01
0.000000000000000000e+00 1.000000000000000000e+00 4.672250109886799674e-01 5.327749890113200326e-01
1.000000000000000000e+00 1.000000000000000000e+00 4.563319149188017620e-01 5.436680850811982380e-01
1.000000000000000000e+00 0.000000000000000000e+00 6.581733424615956451e-01 3.418266575384042993e-01
0.000000000000000000e+00 0.000000000000000000e+00 8.644638793899133145e-01 1.355361206100866855e-01
0.000000000000000000e+00 0.000000000000000000e+00 6.180765487965971250e-01 3.819234512034029305e-01
0.000000000000000000e+00 1.000000000000000000e+00 4.047175271244114469e-01 5.952824728755885531e-01
1.000000000000000000e+00 1.000000000000000000e+00 4.673801050883975572e-01 5.326198949116024428e-01
1.000000000000000000e+00 0.000000000000000000e+00 5.384913206768493499e-01 4.615086793231507056e-01
1.000000000000000000e+00 0.000000000000000000e+00 6.228780737361391262e-01 3.771219262638608738e-01
1.000000000000000000e+00 0.000000000000000000e+00 5.075994925372360189e-01 4.924005074627639256e-01
0.000000000000000000e+00 0.000000000000000000e+00 7.406744545936789770e-01 2.593255454063210785e-01
1.000000000000000000e+00 0.000000000000000000e+00 5.053969485350078283e-01 4.946030514649922272e-01
0.000000000000000000e+00 0.000000000000000000e+00 5.815153649915308920e-01 4.184846350084691080e-01
1.000000000000000000e+00 0.000000000000000000e+00 5.933095641395544906e-01 4.066904358604454539e-01
1.000000000000000000e+00 1.000000000000000000e+00 2.460689999349860990e-01 7.539310000650139010e-01
1.000000000000000000e+00 0.000000000000000000e+00 7.808210591495965414e-01 2.191789408504034031e-01
1.000000000000000000e+00 0.000000000000000000e+00 7.704658812746332242e-01 2.295341187253667203e-01
1.000000000000000000e+00 0.000000000000000000e+00 7.360522670678293355e-01 2.639477329321706645e-01
1.000000000000000000e+00 0.000000000000000000e+00 6.398736423183024602e-01 3.601263576816975953e-01
1.000000000000000000e+00 0.000000000000000000e+00 6.048664264089094189e-01 3.951335735910905256e-01
1.000000000000000000e+00 0.000000000000000000e+00 7.172694576960911839e-01 2.827305423039088161e-01
1.000000000000000000e+00 1.000000000000000000e+00 3.668234846996142329e-01 6.331765153003857671e-01
0.000000000000000000e+00 0.000000000000000000e+00 7.690249479741594341e-01 2.309750520258405659e-01
0.000000000000000000e+00 1.000000000000000000e+00 4.306144327335595934e-01 5.693855672664404066e-01
1.000000000000000000e+00 0.000000000000000000e+00 5.643106412356018176e-01 4.356893587643981824e-01
1.000000000000000000e+00 0.000000000000000000e+00 5.666562510276331732e-01 4.333437489723667713e-01
1.000000000000000000e+00 1.000000000000000000e+00 3.465776710661110371e-01 6.534223289338889629e-01
0.000000000000000000e+00 1.000000000000000000e+00 3.897004534815043941e-01 6.102995465184956059e-01
1.000000000000000000e+00 1.000000000000000000e+00 4.854489850626553249e-01 5.145510149373446751e-01
1.000000000000000000e+00 0.000000000000000000e+00 6.042688615122039364e-01 3.957311384877960636e-01
1.000000000000000000e+00 1.000000000000000000e+00 4.200790667391238742e-01 5.799209332608761258e-01
0.000000000000000000e+00 0.000000000000000000e+00 5.068796309204963713e-01 4.931203690795036843e-01
1.000000000000000000e+00 1.000000000000000000e+00 2.592353812043148853e-01 7.407646187956851147e-01
0.000000000000000000e+00 1.000000000000000000e+00 4.584832231259579061e-01 5.415167768740420939e-01
1.000000000000000000e+00 1.000000000000000000e+00 3.675423359209523122e-01 6.324576640790476878e-01
0.000000000000000000e+00 0.000000000000000000e+00 5.546025421996965132e-01 4.453974578003034313e-01
0.000000000000000000e+00 1.000000000000000000e+00 4.641548507919570632e-01 5.358451492080429368e-01
1.000000000000000000e+00 1.000000000000000000e+00 4.623318267225674516e-01 5.376681732774325484e-01
0.000000000000000000e+00 0.000000000000000000e+00 5.911345866313832964e-01 4.088654133686167591e-01
1.000000000000000000e+00 0.000000000000000000e+00 5.298818617754734728e-01 4.701181382245265827e-01
1.000000000000000000e+00 0.000000000000000000e+00 5.234729611927364523e-01 4.765270388072634922e-01
1.000000000000000000e+00 1.000000000000000000e+00 4.365394432985726381e-01 5.634605567014273619e-01
1.000000000000000000e+00 1.000000000000000000e+00 4.930597912204318645e-01 5.069402087795681355e-01
1.000000000000000000e+00 0.000000000000000000e+00 6.337257736101000738e-01 3.662742263898999817e-01
0.000000000000000000e+00 0.000000000000000000e+00 5.223848900323362354e-01 4.776151099676638201e-01
1.000000000000000000e+00 0.000000000000000000e+00 5.650842377033362673e-01 4.349157622966636771e-01
1.000000000000000000e+00 1.000000000000000000e+00 4.540450185685267481e-01 5.459549814314732519e-01
1.000000000000000000e+00 1.000000000000000000e+00 3.716376162444425812e-01 6.283623837555574188e-01
1.000000000000000000e+00 1.000000000000000000e+00 3.230343713024529384e-01 6.769656286975470616e-01
1.000000000000000000e+00 1.000000000000000000e+00 3.656212232737249268e-01 6.343787767262750732e-01
1.000000000000000000e+00 1.000000000000000000e+00 2.644166805837248058e-01 7.355833194162751942e-01
1.000000000000000000e+00 0.000000000000000000e+00 5.214263133940576500e-01 4.785736866059423500e-01
1.000000000000000000e+00 1.000000000000000000e+00 4.493364305592272290e-01 5.506635694407727710e-01
1.000000000000000000e+00 0.000000000000000000e+00 5.016414491370732032e-01 4.983585508629267968e-01
1.000000000000000000e+00 1.000000000000000000e+00 4.434502577295217352e-01 5.565497422704782648e-01
1.000000000000000000e+00 0.000000000000000000e+00 5.000730323195857752e-01 4.999269676804142248e-01
1.000000000000000000e+00 1.000000000000000000e+00 2.911341250204704245e-01 7.088658749795295755e-01
1.000000000000000000e+00 0.000000000000000000e+00 5.134919606060248665e-01 4.865080393939751890e-01
1.000000000000000000e+00 1.000000000000000000e+00 4.410257219948776619e-01 5.589742780051223381e-01
0.000000000000000000e+00 0.000000000000000000e+00 5.413590979977893625e-01 4.586409020022106930e-01
1.000000000000000000e+00 0.000000000000000000e+00 7.848304270606853983e-01 2.151695729393146572e-01
0.000000000000000000e+00 1.000000000000000000e+00 2.612942294425558698e-01 7.387057705574441302e-01
0.000000000000000000e+00 1.000000000000000000e+00 3.432187320520125873e-01 6.567812679479874127e-01
1.000000000000000000e+00 0.000000000000000000e+00 5.246413975484176540e-01 4.753586024515823460e-01
1.000000000000000000e+00 0.000000000000000000e+00 6.143568853143974717e-01 3.856431146856025283e-01
0.000000000000000000e+00 1.000000000000000000e+00 4.568771476468427295e-01 5.431228523531572705e-01
0.000000000000000000e+00 0.000000000000000000e+00 5.181146230951561016e-01 4.818853769048438429e-01
0.000000000000000000e+00 0.000000000000000000e+00 5.039953370977894309e-01 4.960046629022105136e-01
0.000000000000000000e+00 1.000000000000000000e+00 4.757922090323964959e-01 5.242077909676035041e-01
1.000000000000000000e+00 0.000000000000000000e+00 5.455791702219858763e-01 4.544208297780141792e-01
1.000000000000000000e+00 0.000000000000000000e+00 6.858367610873057352e-01 3.141632389126943203e-01
0.000000000000000000e+00 0.000000000000000000e+00 6.142365677733655493e-01 3.857634322266344507e-01
1.000000000000000000e+00 1.000000000000000000e+00 3.370982452404784890e-01 6.629017547595215110e-01
1.000000000000000000e+00 1.000000000000000000e+00 4.941830942391862713e-01 5.058169057608137287e-01
1.000000000000000000e+00 0.000000000000000000e+00 7.140784902773175125e-01 2.859215097226824875e-01
1.000000000000000000e+00 0.000000000000000000e+00 5.992763450378169043e-01 4.007236549621831512e-01
1.000000000000000000e+00 1.000000000000000000e+00 4.379776236980044146e-01 5.620223763019955854e-01
1.000000000000000000e+00 1.000000000000000000e+00 2.452412066875044871e-01 7.547587933124955129e-01
1.000000000000000000e+00 1.000000000000000000e+00 2.442665010844495832e-01 7.557334989155504168e-01
0.000000000000000000e+00 1.000000000000000000e+00 4.048529308468521437e-01 5.951470691531478563e-01
1.000000000000000000e+00 1.000000000000000000e+00 3.526341741319285461e-01 6.473658258680714539e-01
0.000000000000000000e+00 1.000000000000000000e+00 4.244842418210207358e-01 5.755157581789792642e-01
1.000000000000000000e+00 1.000000000000000000e+00 3.986408945767142553e-01 6.013591054232857447e-01
1.000000000000000000e+00 0.000000000000000000e+00 5.343513377199611281e-01 4.656486622800388164e-01
0.000000000000000000e+00 0.000000000000000000e+00 5.016320124973832062e-01 4.983679875026168493e-01
0.000000000000000000e+00 0.000000000000000000e+00 6.774530620701453287e-01 3.225469379298547268e-01
1.000000000000000000e+00 0.000000000000000000e+00 5.789106098921346089e-01 4.210893901078653356e-01
0.000000000000000000e+00 0.000000000000000000e+00 5.990044794807108941e-01 4.009955205192891059e-01
0.000000000000000000e+00 1.000000000000000000e+00 4.619425335179219161e-01 5.380574664820780839e-01
1.000000000000000000e+00 1.000000000000000000e+00 4.945037079834468940e-01 5.054962920165531060e-01
1.000000000000000000e+00 0.000000000000000000e+00 6.151309553570305511e-01 3.848690446429695045e-01
1.000000000000000000e+00 1.000000000000000000e+00 4.506920845694927236e-01 5.493079154305072764e-01
1.000000000000000000e+00 1.000000000000000000e+00 4.831575167498154411e-01 5.168424832501845589e-01
