0.000000000000000000e+00 0.000000000000000000e+00 9.757003479311104899e-01 2.429965206888948237e-02
0.000000000000000000e+00 0.000000000000000000e+00 5.963735689126479222e-01 4.036264310873520222e-01
0.000000000000000000e+00 0.000000000000000000e+00 8.813090027340445554e-01 1.186909972659554446e-01
0.000000000000000000e+00 0.000000000000000000e+00 5.180111246694474314e-01 4.819888753305525131e-01
0.000000000000000000e+00 0.000000000000000000e+00 9.155671130786815493e-01 8.443288692131846462e-02
0.000000000000000000e+00 0.000000000000000000e+00 6.753489193339341501e-01 3.246510806660658499e-01
0.000000000000000000e+00 0.000000000000000000e+00 8.636110099448464084e-01 1.363889900551535639e-01
0.000000000000000000e+00 1.000000000000000000e+00 1.993775833605575531e-01 8.006224166394424469e-01
0.000000000000000000e+00 0.000000000000000000e+00 9.774928217339309278e-01 2.250717826606911040e-02
0.000000000000000000e+00 0.000000000000000000e+00 6.735339102126260968e-01 3.264660897873738477e-01
0.000000000000000000e+00 0.000000000000000000e+00 9.272324314294726477e-01 7.276756857052739391e-02
0.000000000000000000e+00 0.000000000000000000e+00 9.876407486767941890e-01 1.235925132320576068e-02
0.000000000000000000e+00 0.000000000000000000e+00 9.563552654132900788e-01 4.364473458670996286e-02
0.000000000000000000e+00 0.000000000000000000e+00 9.989622384238214803e-01 1.037761576178469628e-03
0.000000000000000000e+00 0.000000000000000000e+00 9.403908216929339758e-01 5.960917830706603804e-02
0.000000000000000000e+00 0.000000000000000000e+00 9.848263014516785985e-01 1.517369854832138938e-02
0.000000000000000000e+00 0.000000000000000000e+00 7.879441550054959720e-01 2.120558449945040835e-01
0.000000000000000000e+00 0.000000000000000000e+00 9.076008432146285276e-01 9.239915678537150012e-02
0.000000000000000000e+00 1.000000000000000000e+00 3.111069398901589178e-02 9.688893060109841082e-01
0.000000000000000000e+00 0.000000000000000000e+00 8.500438260309586269e-01 1.499561739690413453e-01
0.000000000000000000e+00 0.000000000000000000e+00 8.636379823260835753e-01 1.363620176739164525e-01
0.000000000000000000e+00 0.000000000000000000e+00 7.367134005486707382e-01 2.632865994513292618e-01
0.000000000000000000e+00 0.000000000000000000e+00 8.517716217593930272e-01 1.482283782406069728e-01
0.000000000000000000e+00 0.000000000000000000e+00 8.088931662879383921e-01 1.911068337120615523e-01
0.000000000000000000e+00 0.000000000000000000e+00 9.499288143191336742e-01 5.007118568086629112e-02
0.000000000000000000e+00 0.000000000000000000e+00 7.481797037541118023e-01 2.518202962458881977e-01
0.000000000000000000e+00 0.000000000000000000e+00 9.674647622525557322e-01 3.253523774744424002e-02
0.000000000000000000e+00 1.000000000000000000e+00 1.576875383660305552e-01 8.423124616339694448e-01
0.000000000000000000e+00 0.000000000000000000e+00 8.997613967198662133e-01 1.002386032801338284e-01
0.000000000000000000e+00 0.000000000000000000e+00 9.340543075170377740e-01 6.594569248296222597e-02
0.000000000000000000e+00 0.000000000000000000e+00 7.918136572747372925e-01 2.081863427252627075e-01
0.000000000000000000e+00 0.000000000000000000e+00 6.996681983988128906e-01 3.003318016011871650e-01
0.000000000000000000e+00 0.000000000000000000e+00 8.704450115104573893e-01 1.295549884895426385e-01
0.000000000000000000e+00 0.000000000000000000e+00 7.925040860118368613e-01 2.074959139881631109e-01
1.000000000000000000e+00 0.000000000000000000e+00 5.052623682942440908e-01 4.947376317057558537e-01
1.000000000000000000e+00 1.000000000000000000e+00 1.806506383148093198e-01 8.193493616851906802e-01
1.000000000000000000e+00 1.000000000000000000e+00 1.383276180604964267e-03 9.986167238193950357e-01
1.000000000000000000e+00 1.000000000000000000e+00 1.039225032908319690e-04 9.998960774967091680e-01
1.000000000000000000e+00 1.000000000000000000e+00 1.293453656275311836e-03 9.987065463437246882e-01
1.000000000000000000e+00 1.000000000000000000e+00 1.150244352541296422e-04 9.998849755647458704e-01
1.000000000000000000e+00 1.000000000000000000e+00 7.003608395019778055e-02 9.299639160498022195e-01
1.000000000000000000e+00 1.000000000000000000e+00 1.065778866439326400e-03 9.989342211335606736e-01
1.000000000000000000e+00 1.000000000000000000e+00 1.960334521850060074e-01 8.039665478149939926e-01
1.000000000000000000e+00 1.000000000000000000e+00 3.938880575695091757e-02 9.606111942430490824e-01
1.000000000000000000e+00 0.000000000000000000e+00 7.092062153358765775e-01 2.907937846641234225e-01
1.000000000000000000e+00 1.000000000000000000e+00 1.021201131706607201e-01 8.978798868293392799e-01
1.000000000000000000e+00 1.000000000000000000e+00 7.169401523370311224e-04 9.992830598476629689e-01
1.000000000000000000e+00 1.000000000000000000e+00 9.505715001936199116e-04 9.990494284998063801e-01
1.000000000000000000e+00 1.000000000000000000e+00 1.108655921688223023e-01 8.891344078311776977e-01
1.000000000000000000e+00 1.000000000000000000e+00 8.749145536866442807e-02 9.125085446313355719e-01
1.000000000000000000e+00 1.000000000000000000e+00 2.582850271272141285e-03 9.974171497287278587e-01
1.000000000000000000e+00 1.000000000000000000e+00 1.326267159429619369e-01 8.673732840570380631e-01
1.000000000000000000e+00 1.000000000000000000e+00 5.581555492457646039e-04 9.994418444507542354e-01
1.000000000000000000e+00 1.000000000000000000e+00 1.761737884464764647e-07 9.999998238262115535e-01
1.000000000000000000e+00 1.000000000000000000e+00 4.319127018180823896e-04 9.995680872981819176e-01
1.000000000000000000e+00 1.000000000000000000e+00 1.544674869511597493e-03 9.984553251304884025e-01
1.000000000000000000e+00 1.000000000000000000e+00 4.955581623647953293e-04 9.995044418376352047e-01
1.000000000000000000e+00 1.000000000000000000e+00 1.268339656909533986e-02 9.873166034309046601e-01
1.000000000000000000e+00 1.000000000000000000e+00 1.757899687858348603e-01 8.242100312141651397e-01
1.000000000000000000e+00 1.000000000000000000e+00 1.106280383450042315e-02 9.889371961654995768e-01
1.000000000000000000e+00 0.000000000000000000e+00 9.095858816208481912e-01 9.041411837915182270e-02
1.000000000000000000e+00 1.000000000000000000e+00 2.678584584445031780e-03 9.973214154155549682e-01
1.000000000000000000e+00 1.000000000000000000e+00 2.184220792715851900e-04 9.997815779207284148e-01
1.000000000000000000e+00 1.000000000000000000e+00 1.051312241338031583e-04 9.998948687758661968e-01
1.000000000000000000e+00 1.000000000000000000e+00 1.859533035068118290e-01 8.140466964931881710e-01
1.000000000000000000e+00 1.000000000000000000e+00 7.187907723138486915e-06 9.999928120922768615e-01
1.000000000000000000e+00 1.000000000000000000e+00 1.654438290110183951e-01 8.345561709889816049e-01
1.000000000000000000e+00 1.000000000000000000e+00 4.938556799155477961e-01 5.061443200844522039e-01
1.000000000000000000e+00 1.000000000000000000e+00 3.620807760410293952e-03 9.963791922395897060e-01
1.000000000000000000e+00 1.000000000000000000e+00 2.907009553156858495e-02 9.709299044684314151e-01
1.000000000000000000e+00 0.000000000000000000e+00 5.419711805713265385e-01 4.580288194286734615e-01
1.000000000000000000e+00 1.000000000000000000e+00 2.698882500556942787e-04 9.997301117499443057e-01
1.000000000000000000e+00 1.000000000000000000e+00 8.836563288141907613e-02 9.116343671185809239e-01
1.000000000000000000e+00 1.000000000000000000e+00 1.297182159391008227e-04 9.998702817840608992e-01
1.000000000000000000e+00 1.000000000000000000e+00 2.859838170382045242e-03 9.971401618296179548e-01
1.000000000000000000e+00 1.000000000000000000e+00 8.869536856670467984e-05 9.999113046314332953e-01
1.000000000000000000e+00 1.000000000000000000e+00 4.013232929325538656e-03 9.959867670706744613e-01
1.000000000000000000e+00 1.000000000000000000e+00 1.844141372918989275e-01 8.155858627081010725e-01
1.000000000000000000e+00 1.000000000000000000e+00 3.027754727991438521e-03 9.969722452720085615e-01
1.000000000000000000e+00 1.000000000000000000e+00 2.480242109233621317e-02 9.751975789076637868e-01
1.000000000000000000e+00 1.000000000000000000e+00 1.280253134039943674e-02 9.871974686596005633e-01
1.000000000000000000e+00 1.000000000000000000e+00 1.303533455853889134e-02 9.869646654414611087e-01
1.000000000000000000e+00 1.000000000000000000e+00 3.276131932247405842e-03 9.967238680677525942e-01
1.000000000000000000e+00 1.000000000000000000e+00 2.679619640622021848e-07 9.999997320380359378e-01
1.000000000000000000e+00 1.000000000000000000e+00 3.529531743591562964e-02 9.647046825640843704e-01
1.000000000000000000e+00 0.000000000000000000e+00 7.110538625167119875e-01 2.889461374832880680e-01
1.000000000000000000e+00 1.000000000000000000e+00 3.363599987523446799e-03 9.966364000124765532e-01
1.000000000000000000e+00 1.000000000000000000e+00 3.205109421086427268e-03 9.967948905789135727e-01
1.000000000000000000e+00 0.000000000000000000e+00 7.433594629769180173e-01 2.566405370230819827e-01
1.000000000000000000e+00 1.000000000000000000e+00 8.603157984598652774e-03 9.913968420154013472e-01
1.000000000000000000e+00 1.000000000000000000e+00 6.036049267646359517e-02 9.396395073235364048e-01
1.000000000000000000e+00 1.000000000000000000e+00 5.224162949341026874e-04 9.994775837050658973e-01
1.000000000000000000e+00 1.000000000000000000e+00 2.599309148383244228e-02 9.740069085161675577e-01
1.000000000000000000e+00 1.000000000000000000e+00 1.128215521721931403e-03 9.988717844782780686e-01
1.000000000000000000e+00 1.000000000000000000e+00 6.882752493672095184e-04 9.993117247506327905e-01
1.000000000000000000e+00 1.000000000000000000e+00 1.599465688515211426e-03 9.984005343114847886e-01
1.000000000000000000e+00 1.000000000000000000e+00 1.973921001375380513e-01 8.026078998624619487e-01
1.000000000000000000e+00 0.000000000000000000e+00 8.796212670099329278e-01 1.203787329900670722e-01
1.000000000000000000e+00 1.000000000000000000e+00 4.635938053350052712e-04 9.995364061946649947e-01
1.000000000000000000e+00 1.000000000000000000e+00 9.411318057993334207e-03 9.905886819420066658e-01
0.000000000000000000e+00 0.000000000000000000e+00 9.615174932794222640e-01 3.848250672057775684e-02
0.000000000000000000e+00 0.000000000000000000e+00 9.987173745690253179e-01 1.282625430974727388e-03
0.000000000000000000e+00 0.000000000000000000e+00 9.909760391909727684e-01 9.023960809027224694e-03
0.000000000000000000e+00 0.000000000000000000e+00 9.984275585833587430e-01 1.572441416641300830e-03
0.000000000000000000e+00 0.000000000000000000e+00 9.737279887128447164e-01 2.627201128715529396e-02
0.000000000000000000e+00 0.000000000000000000e+00 9.787429766356058325e-01 2.125702336439412241e-02
0.000000000000000000e+00 0.000000000000000000e+00 9.980820843737220338e-01 1.917915626277961420e-03
0.000000000000000000e+00 1.000000000000000000e+00 3.115968103361201891e-01 6.884031896638798109e-01
0.000000000000000000e+00 0.000000000000000000e+00 9.590336355420865377e-01 4.096636445791351777e-02
0.000000000000000000e+00 0.000000000000000000e+00 9.196344150174554644e-01 8.036558498254456340e-02
0.000000000000000000e+00 1.000000000000000000e+00 1.097101911691918952e-01 8.902898088308081048e-01
0.000000000000000000e+00 0.000000000000000000e+00 9.944703039724011040e-01 5.529696027598883859e-03
0.000000000000000000e+00 0.000000000000000000e+00 9.987369015450324738e-01 1.263098454967576025e-03
0.000000000000000000e+00 0.000000000000000000e+00 9.922716185368225528e-01 7.728381463177484527e-03
0.000000000000000000e+00 0.000000000000000000e+00 8.335999078161863141e-01 1.664000921838137137e-01
0.000000000000000000e+00 0.000000000000000000e+00 7.024287643742278542e-01 2.975712356257721458e-01
0.000000000000000000e+00 0.000000000000000000e+00 9.806655505163903719e-01 1.933444948360966281e-02
0.000000000000000000e+00 0.000000000000000000e+00 9.248784900513498108e-01 7.512150994865020304e-02
0.000000000000000000e+00 0.000000000000000000e+00 7.904332605679645907e-01 2.095667394320354093e-01
0.000000000000000000e+00 0.000000000000000000e+00 9.603200882085528578e-01 3.967991179144713526e-02
0.000000000000000000e+00 0.000000000000000000e+00 9.286419942258270499e-01 7.135800577417289459e-02
0.000000000000000000e+00 1.000000000000000000e+00 2.457736777987097332e-01 7.542263222012902668e-01
0.000000000000000000e+00 0.000000000000000000e+00 6.839649483564086418e-01 3.160350516435913582e-01
0.000000000000000000e+00 0.000000000000000000e+00 8.189361232547303082e-01 1.810638767452697195e-01
0.000000000000000000e+00 0.000000000000000000e+00 9.982089720943053690e-01 1.791027905694605191e-03
0.000000000000000000e+00 0.000000000000000000e+00 8.135154817284500073e-01 1.864845182715499650e-01
0.000000000000000000e+00 0.000000000000000000e+00 5.948079380185564702e-01 4.051920619814435298e-01
0.000000000000000000e+00 0.000000000000000000e+00 8.302478033131659441e-01 1.697521966868340837e-01
0.000000000000000000e+00 0.000000000000000000e+00 6.655001779555126395e-01 3.344998220444873605e-01
0.000000000000000000e+00 0.000000000000000000e+00 7.426419902208469814e-01 2.573580097791530741e-01
0.000000000000000000e+00 0.000000000000000000e+00 9.826529165223617523e-01 1.734708347763823030e-02
0.000000000000000000e+00 0.000000000000000000e+00 9.970586197871056378e-01 2.941380212894354439e-03
0.000000000000000000e+00 0.000000000000000000e+00 9.902964511624237076e-01 9.703548837576318406e-03
1.000000000000000000e+00 1.000000000000000000e+00 1.079380299658927456e-04 9.998920619700341073e-01
1.000000000000000000e+00 1.000000000000000000e+00 2.660293024524529315e-04 9.997339706975475471e-01
1.000000000000000000e+00 1.000000000000000000e+00 2.391123666845018647e-07 9.999997608876333155e-01
1.000000000000000000e+00 1.000000000000000000e+00 3.046929322341851432e-02 9.695307067765814857e-01
1.000000000000000000e+00 1.000000000000000000e+00 2.315830350385927883e-02 9.768416964961407212e-01
1.000000000000000000e+00 1.000000000000000000e+00 8.852305013994921090e-03 9.911476949860050789e-01
1.000000000000000000e+00 1.000000000000000000e+00 6.036999315801594435e-04 9.993963000684198406e-01
1.000000000000000000e+00 0.000000000000000000e+00 9.379740097933895182e-01 6.202599020661046098e-02
1.000000000000000000e+00 1.000000000000000000e+00 6.692132803486217085e-02 9.330786719651378291e-01
1.000000000000000000e+00 1.000000000000000000e+00 2.481125944755468993e-03 9.975188740552445310e-01
1.000000000000000000e+00 1.000000000000000000e+00 1.821118869241906690e-01 8.178881130758093310e-01
1.000000000000000000e+00 0.000000000000000000e+00 8.621584271895107454e-01 1.378415728104892268e-01
1.000000000000000000e+00 1.000000000000000000e+00 2.930990733173155505e-04 9.997069009266826844e-01
1.000000000000000000e+00 1.000000000000000000e+00 2.633654995387590958e-05 9.999736634500461241e-01
1.000000000000000000e+00 1.000000000000000000e+00 2.529181695526960816e-03 9.974708183044730392e-01
1.000000000000000000e+00 1.000000000000000000e+00 4.451943126196917788e-01 5.548056873803082212e-01
1.000000000000000000e+00 0.000000000000000000e+00 8.384384149897072813e-01 1.615615850102927742e-01
1.000000000000000000e+00 1.000000000000000000e+00 2.749423406070983233e-04 9.997250576593929017e-01
1.000000000000000000e+00 1.000000000000000000e+00 2.929894862285786772e-04 9.997070105137714213e-01
1.000000000000000000e+00 1.000000000000000000e+00 5.372819101567838374e-04 9.994627180898432162e-01
1.000000000000000000e+00 1.000000000000000000e+00 9.614601559812196996e-03 9.903853984401878030e-01
1.000000000000000000e+00 1.000000000000000000e+00 2.379966214573370209e-03 9.976200337854266298e-01
1.000000000000000000e+00 1.000000000000000000e+00 4.108191645854342156e-02 9.589180835414565784e-01
1.000000000000000000e+00 1.000000000000000000e+00 1.430315860180275678e-04 9.998569684139819724e-01
1.000000000000000000e+00 1.000000000000000000e+00 3.234694317072148717e-01 6.765305682927851283e-01
1.000000000000000000e+00 0.000000000000000000e+00 6.357346820052098835e-01 3.642653179947900610e-01
1.000000000000000000e+00 1.000000000000000000e+00 1.830976357856983761e-02 9.816902364214301624e-01
1.000000000000000000e+00 1.000000000000000000e+00 8.155407672999881452e-02 9.184459232700011855e-01
1.000000000000000000e+00 1.000000000000000000e+00 1.079974295195018641e-04 9.998920025704804981e-01
1.000000000000000000e+00 1.000000000000000000e+00 5.150534927800820562e-03 9.948494650721991794e-01
1.000000000000000000e+00 1.000000000000000000e+00 1.929607829968711386e-01 8.070392170031288614e-01
1.000000000000000000e+00 1.000000000000000000e+00 9.947320143751658961e-04 9.990052679856248341e-01
1.000000000000000000e+00 1.000000000000000000e+00 3.232352031514262869e-02 9.676764796848573713e-01
1.000000000000000000e+00 1.000000000000000000e+00 1.706624145046187202e-03 9.982933758549538128e-01
1.000000000000000000e+00 1.000000000000000000e+00 1.874831441095459184e-05 9.999812516855890454e-01
1.000000000000000000e+00 1.000000000000000000e+00 4.156879755988884817e-03 9.958431202440111152e-01
1.000000000000000000e+00 1.000000000000000000e+00 7.667298696715829642e-02 9.233270130328417036e-01
1.000000000000000000e+00 1.000000000000000000e+00 2.351166584610209220e-03 9.976488334153897908e-01
1.000000000000000000e+00 1.000000000000000000e+00 4.481831376005884771e-03 9.955181686239941152e-01
1.000000000000000000e+00 1.000000000000000000e+00 4.064479274675569798e-03 9.959355207253244302e-01
1.000000000000000000e+00 1.000000000000000000e+00 9.788045520051724679e-02 9.021195447994827532e-01
1.000000000000000000e+00 0.000000000000000000e+00 9.997638773458853434e-01 2.361226541146082224e-04
1.000000000000000000e+00 0.000000000000000000e+00 5.638602438090978275e-01 4.361397561909021725e-01
1.000000000000000000e+00 1.000000000000000000e+00 2.035791612021188302e-01 7.964208387978811698e-01
1.000000000000000000e+00 1.000000000000000000e+00 4.981775260548548800e-05 9.999501822473945145e-01
1.000000000000000000e+00 1.000000000000000000e+00 1.790016926674464770e-01 8.209983073325535230e-01
1.000000000000000000e+00 1.000000000000000000e+00 2.349066609370509262e-03 9.976509333906294907e-01
1.000000000000000000e+00 1.000000000000000000e+00 7.523930507503584497e-02 9.247606949249641550e-01
1.000000000000000000e+00 1.000000000000000000e+00 3.698399314711053876e-04 9.996301600685288946e-01
1.000000000000000000e+00 1.000000000000000000e+00 1.714001749394823415e-01 8.285998250605176585e-01
1.000000000000000000e+00 1.000000000000000000e+00 6.367219320324579712e-05 9.999363278067967542e-01
1.000000000000000000e+00 1.000000000000000000e+00 5.889440462611794658e-02 9.411055953738820534e-01
1.000000000000000000e+00 1.000000000000000000e+00 5.769131986891440356e-03 9.942308680131085596e-01
1.000000000000000000e+00 1.000000000000000000e+00 2.437187275681207410e-04 9.997562812724318793e-01
1.000000000000000000e+00 1.000000000000000000e+00 1.803080540112578234e-04 9.998196919459887422e-01
1.000000000000000000e+00 1.000000000000000000e+00 1.818620615214427971e-02 9.818137938478557203e-01
1.000000000000000000e+00 1.000000000000000000e+00 7.545696233436371969e-04 9.992454303766563628e-01
1.000000000000000000e+00 1.000000000000000000e+00 2.754187860742884908e-05 9.999724581213925712e-01
1.000000000000000000e+00 0.000000000000000000e+00 8.184474024730037378e-01 1.815525975269962622e-01
1.000000000000000000e+00 0.000000000000000000e+00 9.391530779784850180e-01 6.084692202151496115e-02
1.000000000000000000e+00 1.000000000000000000e+00 1.214097828970972515e-04 9.998785902171029027e-01
1.000000000000000000e+00 1.000000000000000000e+00 1.038470542097935656e-03 9.989615294579020643e-01
1.000000000000000000e+00 1.000000000000000000e+00 5.329216869653929933e-05 9.999467078313034607e-01
1.000000000000000000e+00 1.000000000000000000e+00 3.247032690739770633e-02 9.675296730926022937e-01
1.000000000000000000e+00 1.000000000000000000e+00 9.531056740685883710e-05 9.999046894325931412e-01
1.000000000000000000e+00 1.000000000000000000e+00 9.428421995785862819e-03 9.905715780042141372e-01
1.000000000000000000e+00 1.000000000000000000e+00 3.386968085323793787e-04 9.996613031914676206e-01
0.000000000000000000e+00 0.000000000000000000e+00 8.637263072655536611e-01 1.362736927344463111e-01
0.000000000000000000e+00 0.000000000000000000e+00 6.176204385525867480e-01 3.823795614474131965e-01
0.000000000000000000e+00 0.000000000000000000e+00 8.384182364552790201e-01 1.615817635447209244e-01
0.000000000000000000e+00 0.000000000000000000e+00 9.536706658895570676e-01 4.632933411044293237e-02
0.000000000000000000e+00 0.000000000000000000e+00 6.416928593724715579e-01 3.583071406275284421e-01
0.000000000000000000e+00 0.000000000000000000e+00 8.456632240693855440e-01 1.543367759306144282e-01
0.000000000000000000e+00 0.000000000000000000e+00 7.936317558728354093e-01 2.063682441271646184e-01
0.000000000000000000e+00 0.000000000000000000e+00 9.880622143157749004e-01 1.193778568422511170e-02
0.000000000000000000e+00 0.000000000000000000e+00 9.448792034610034030e-01 5.512079653899665255e-02
0.000000000000000000e+00 0.000000000000000000e+00 8.988076497952861565e-01 1.011923502047138296e-01
0.000000000000000000e+00 0.000000000000000000e+00 9.830924018413179644e-01 1.690759815868198360e-02
0.000000000000000000e+00 0.000000000000000000e+00 9.236202204197169197e-01 7.637977958028306646e-02
0.000000000000000000e+00 0.000000000000000000e+00 9.319080220030239170e-01 6.809197799697608300e-02
0.000000000000000000e+00 0.000000000000000000e+00 8.518637377094271379e-01 1.481362622905728899e-01
0.000000000000000000e+00 0.000000000000000000e+00 5.891144132812075052e-01 4.108855867187924948e-01
0.000000000000000000e+00 0.000000000000000000e+00 7.348595430471722700e-01 2.651404569528277855e-01
0.000000000000000000e+00 0.000000000000000000e+00 9.113958076176861267e-01 8.860419238231390104e-02
0.000000000000000000e+00 0.000000000000000000e+00 6.802629958140129496e-01 3.197370041859869949e-01
0.000000000000000000e+00 0.000000000000000000e+00 9.250935262002603077e-01 7.490647379973969233e-02
0.000000000000000000e+00 0.000000000000000000e+00 8.326135512896837287e-01 1.673864487103163268e-01
0.000000000000000000e+00 0.000000000000000000e+00 8.822546181989515679e-01 1.177453818010484460e-01
0.000000000000000000e+00 0.000000000000000000e+00 5.224176336001147281e-01 4.775823663998853275e-01
0.000000000000000000e+00 0.000000000000000000e+00 9.275999145726935291e-01 7.240008542730647090e-02
0.000000000000000000e+00 0.000000000000000000e+00 8.680188115596104703e-01 1.319811884403895574e-01
0.000000000000000000e+00 0.000000000000000000e+00 6.154914752749928164e-01 3.845085247250071836e-01
0.000000000000000000e+00 0.000000000000000000e+00 8.538386210303646751e-01 1.461613789696353249e-01
0.000000000000000000e+00 0.000000000000000000e+00 7.781396747034674544e-01 2.218603252965325456e-01
0.000000000000000000e+00 0.000000000000000000e+00 8.607107015554934515e-01 1.392892984445065208e-01
0.000000000000000000e+00 0.000000000000000000e+00 8.075951763173161435e-01 1.924048236826838287e-01
0.000000000000000000e+00 0.000000000000000000e+00 8.940095362408397861e-01 1.059904637591602000e-01
0.000000000000000000e+00 0.000000000000000000e+00 8.410131370898873415e-01 1.589868629101126862e-01
0.000000000000000000e+00 0.000000000000000000e+00 6.709186429181259737e-01 3.290813570818740819e-01
0.000000000000000000e+00 0.000000000000000000e+00 6.889569691246490990e-01 3.110430308753508455e-01
1.000000000000000000e+00 1.000000000000000000e+00 5.581415333769368381e-02 9.441858466623063162e-01
1.000000000000000000e+00 0.000000000000000000e+00 5.046661513427492807e-01 4.953338486572506638e-01
1.000000000000000000e+00 1.000000000000000000e+00 6.149125416151024481e-02 9.385087458384897552e-01
1.000000000000000000e+00 1.000000000000000000e+00 1.125338141086096311e-02 9.887466185891390369e-01
1.000000000000000000e+00 1.000000000000000000e+00 3.068344448468460772e-01 6.931655551531539228e-01
1.000000000000000000e+00 1.000000000000000000e+00 4.467274846360986817e-01 5.532725153639013183e-01
1.000000000000000000e+00 1.000000000000000000e+00 2.800245306695603453e-01 7.199754693304396547e-01
1.000000000000000000e+00 1.000000000000000000e+00 2.100733626367516926e-01 7.899266373632483074e-01
1.000000000000000000e+00 1.000000000000000000e+00 1.293640691145048205e-02 9.870635930885495180e-01
1.000000000000000000e+00 1.000000000000000000e+00 4.675446948803794189e-01 5.324553051196205811e-01
1.000000000000000000e+00 0.000000000000000000e+00 6.746655315788516738e-01 3.253344684211483262e-01
1.000000000000000000e+00 1.000000000000000000e+00 2.066484217948801883e-01 7.933515782051198117e-01
1.000000000000000000e+00 1.000000000000000000e+00 2.427405619229872080e-02 9.757259438077012792e-01
1.000000000000000000e+00 1.000000000000000000e+00 4.065634279838445941e-01 5.934365720161554059e-01
1.000000000000000000e+00 0.000000000000000000e+00 5.321246803721111363e-01 4.678753196278888082e-01
1.000000000000000000e+00 1.000000000000000000e+00 6.835735895773997761e-02 9.316426410422600224e-01
1.000000000000000000e+00 1.000000000000000000e+00 1.397715844265446927e-01 8.602284155734553073e-01
1.000000000000000000e+00 1.000000000000000000e+00 6.026968938255217179e-02 9.397303106174478282e-01
1.000000000000000000e+00 1.000000000000000000e+00 2.933169769824972573e-02 9.706683023017502743e-01
1.000000000000000000e+00 1.000000000000000000e+00 9.708124894236824787e-02 9.029187510576317521e-01
1.000000000000000000e+00 1.000000000000000000e+00 9.007175228772490438e-02 9.099282477122750956e-01
1.000000000000000000e+00 1.000000000000000000e+00 8.066418202846981078e-02 9.193358179715301892e-01
1.000000000000000000e+00 1.000000000000000000e+00 1.571913241596807342e-01 8.428086758403192658e-01
1.000000000000000000e+00 1.000000000000000000e+00 5.791850863620207068e-02 9.420814913637979293e-01
1.000000000000000000e+00 1.000000000000000000e+00 1.548947767167330181e-02 9.845105223283266982e-01
1.000000000000000000e+00 1.000000000000000000e+00 4.737735551066222239e-01 5.262264448933777761e-01
1.000000000000000000e+00 1.000000000000000000e+00 2.413748235390121843e-01 7.586251764609878157e-01
1.000000000000000000e+00 1.000000000000000000e+00 2.827151288393249251e-01 7.172848711606750749e-01
1.000000000000000000e+00 1.000000000000000000e+00 2.775829720080498220e-01 7.224170279919501780e-01
1.000000000000000000e+00 1.000000000000000000e+00 2.802536003607372095e-01 7.197463996392627905e-01
1.000000000000000000e+00 1.000000000000000000e+00 2.161092826386551424e-01 7.838907173613448576e-01
1.000000000000000000e+00 1.000000000000000000e+00 2.008497286278609906e-03 9.979915027137213901e-01
1.000000000000000000e+00 1.000000000000000000e+00 2.520275929979780560e-01 7.479724070020219440e-01
1.000000000000000000e+00 0.000000000000000000e+00 5.177611561955397512e-01 4.822388438044603043e-01
1.000000000000000000e+00 1.000000000000000000e+00 1.082734877711368782e-01 8.917265122288631218e-01
1.000000000000000000e+00 1.000000000000000000e+00 1.690344389449416340e-02 9.830965561055058366e-01
1.000000000000000000e+00 1.000000000000000000e+00 8.079706318458557135e-03 9.919202936815414429e-01
1.000000000000000000e+00 1.000000000000000000e+00 1.807774538283655197e-01 8.192225461716344803e-01
1.000000000000000000e+00 1.000000000000000000e+00 4.745280752331997309e-01 5.254719247668002691e-01
1.000000000000000000e+00 1.000000000000000000e+00 2.341743735286307970e-01 7.658256264713692030e-01
1.000000000000000000e+00 1.000000000000000000e+00 8.037577508920346059e-02 9.196242249107965394e-01
1.000000000000000000e+00 1.000000000000000000e+00 9.748421716873512111e-03 9.902515782831264879e-01
1.000000000000000000e+00 1.000000000000000000e+00 5.732860239068993113e-02 9.426713976093100689e-01
1.000000000000000000e+00 1.000000000000000000e+00 5.355609412680994996e-02 9.464439058731900500e-01
1.000000000000000000e+00 1.000000000000000000e+00 3.010904296659988599e-02 9.698909570334001140e-01
1.000000000000000000e+00 1.000000000000000000e+00 7.861352080183503510e-02 9.213864791981649649e-01
1.000000000000000000e+00 1.000000000000000000e+00 2.833182116024801633e-02 9.716681788397519837e-01
1.000000000000000000e+00 1.000000000000000000e+00 6.635657268592043412e-02 9.336434273140795659e-01
1.000000000000000000e+00 1.000000000000000000e+00 2.751523196162994900e-01 7.248476803837005100e-01
1.000000000000000000e+00 1.000000000000000000e+00 2.014907828721211880e-01 7.985092171278788120e-01
1.000000000000000000e+00 1.000000000000000000e+00 2.520472302808397513e-01 7.479527697191602487e-01
1.000000000000000000e+00 1.000000000000000000e+00 3.592391534850225554e-02 9.640760846514977445e-01
1.000000000000000000e+00 1.000000000000000000e+00 8.108749436812723310e-02 9.189125056318727669e-01
1.000000000000000000e+00 1.000000000000000000e+00 3.797565096914978788e-02 9.620243490308502121e-01
1.000000000000000000e+00 1.000000000000000000e+00 4.656052970317927642e-01 5.343947029682072358e-01
1.000000000000000000e+00 1.000000000000000000e+00 4.147536403759525259e-01 5.852463596240474741e-01
1.000000000000000000e+00 1.000000000000000000e+00 2.540411554046186904e-01 7.459588445953813096e-01
1.000000000000000000e+00 1.000000000000000000e+00 2.084986543177507201e-01 7.915013456822492799e-01
1.000000000000000000e+00 1.000000000000000000e+00 1.070810409039890665e-01 8.929189590960109335e-01
1.000000000000000000e+00 1.000000000000000000e+00 3.393611007153083392e-01 6.606388992846916608e-01
1.000000000000000000e+00 1.000000000000000000e+00 2.912764303101861296e-01 7.087235696898138704e-01
1.000000000000000000e+00 1.000000000000000000e+00 5.825381112884919776e-02 9.417461888711508022e-01
1.000000000000000000e+00 1.000000000000000000e+00 3.336515804752735459e-01 6.663484195247264541e-01
1.000000000000000000e+00 1.000000000000000000e+00 4.539313034541542224e-01 5.460686965458457776e-01
1.000000000000000000e+00 1.000000000000000000e+00 4.227602828439585014e-01 5.772397171560414986e-01
1.000000000000000000e+00 1.000000000000000000e+00 1.003846338769098789e-01 8.996153661230901211e-01
1.000000000000000000e+00 1.000000000000000000e+00 2.806447448265233513e-01 7.193552551734766487e-01
