0.000000000000000000e+00 0.000000000000000000e+00 9.142857142857142572e-01 8.571428571428571508e-02
0.000000000000000000e+00 0.000000000000000000e+00 5.714285714285713969e-01 4.285714285714285476e-01
0.000000000000000000e+00 0.000000000000000000e+00 9.428571428571428381e-01 5.714285714285714107e-02
0.000000000000000000e+00 0.000000000000000000e+00 8.000000000000000444e-01 2.000000000000000111e-01
0.000000000000000000e+00 0.000000000000000000e+00 6.857142857142857206e-01 3.142857142857142794e-01
0.000000000000000000e+00 0.000000000000000000e+00 7.142857142857143016e-01 2.857142857142856984e-01
0.000000000000000000e+00 0.000000000000000000e+00 9.000000000000000222e-01 1.000000000000000056e-01
0.000000000000000000e+00 1.000000000000000000e+00 3.857142857142857317e-01 6.142857142857143238e-01
0.000000000000000000e+00 0.000000000000000000e+00 9.428571428571428381e-01 5.714285714285714107e-02
0.000000000000000000e+00 0.000000000000000000e+00 9.285714285714286031e-01 7.142857142857142461e-02
0.000000000000000000e+00 0.000000000000000000e+00 9.571428571428571841e-01 4.285714285714285754e-02
0.000000000000000000e+00 0.000000000000000000e+00 8.714285714285714413e-01 1.285714285714285587e-01
0.000000000000000000e+00 0.000000000000000000e+00 9.000000000000000222e-01 1.000000000000000056e-01
0.000000000000000000e+00 0.000000000000000000e+00 1.000000000000000000e+00 0.000000000000000000e+00
0.000000000000000000e+00 0.000000000000000000e+00 9.857142857142857650e-01 1.428571428571428527e-02
0.000000000000000000e+00 0.000000000000000000e+00 1.000000000000000000e+00 0.000000000000000000e+00
0.000000000000000000e+00 0.000000000000000000e+00 5.428571428571428159e-01 4.571428571428571286e-01
0.000000000000000000e+00 0.000000000000000000e+00 9.285714285714286031e-01 7.142857142857142461e-02
0.000000000000000000e+00 1.000000000000000000e+00 5.714285714285714107e-02 9.428571428571428381e-01
0.000000000000000000e+00 0.000000000000000000e+00 5.999999999999999778e-01 4.000000000000000222e-01
0.000000000000000000e+00 0.000000000000000000e+00 9.142857142857142572e-01 8.571428571428571508e-02
0.000000000000000000e+00 0.000000000000000000e+00 8.714285714285714413e-01 1.285714285714285587e-01
0.000000000000000000e+00 0.000000000000000000e+00 8.571428571428570953e-01 1.428571428571428492e-01
0.000000000000000000e+00 0.000000000000000000e+00 9.285714285714286031e-01 7.142857142857142461e-02
0.000000000000000000e+00 0.000000000000000000e+00 9.142857142857142572e-01 8.571428571428571508e-02
0.000000000000000000e+00 0.000000000000000000e+00 6.857142857142857206e-01 3.142857142857142794e-01
0.000000000000000000e+00 0.000000000000000000e+00 5.428571428571428159e-01 4.571428571428571286e-01
0.000000000000000000e+00 1.000000000000000000e+00 4.428571428571428381e-01 5.571428571428571619e-01
0.000000000000000000e+00 0.000000000000000000e+00 9.285714285714286031e-01 7.142857142857142461e-02
0.000000000000000000e+00 0.000000000000000000e+00 6.285714285714285587e-01 3.714285714285714413e-01
0.000000000000000000e+00 0.000000000000000000e+00 9.857142857142857650e-01 1.428571428571428527e-02
0.000000000000000000e+00 0.000000000000000000e+00 8.571428571428570953e-01 1.428571428571428492e-01
0.000000000000000000e+00 0.000000000000000000e+00 8.428571428571428603e-01 1.571428571428571397e-01
0.000000000000000000e+00 0.000000000000000000e+00 9.714285714285714191e-01 2.857142857142857054e-02
1.000000000000000000e+00 0.000000000000000000e+00 7.285714285714285365e-01 2.714285714285714080e-01
1.000000000000000000e+00 1.000000000000000000e+00 5.714285714285714107e-02 9.428571428571428381e-01
1.000000000000000000e+00 1.000000000000000000e+00 1.428571428571428527e-02 9.857142857142857650e-01
1.000000000000000000e+00 1.000000000000000000e+00 0.000000000000000000e+00 1.000000000000000000e+00
1.000000000000000000e+00 1.000000000000000000e+00 2.857142857142857054e-02 9.714285714285714191e-01
1.000000000000000000e+00 1.000000000000000000e+00 0.000000000000000000e+00 1.000000000000000000e+00
1.000000000000000000e+00 1.000000000000000000e+00 2.857142857142857054e-02 9.714285714285714191e-01
1.000000000000000000e+00 1.000000000000000000e+00 0.000000000000000000e+00 1.000000000000000000e+00
1.000000000000000000e+00 1.000000000000000000e+00 4.285714285714285754e-02 9.571428571428571841e-01
1.000000000000000000e+00 1.000000000000000000e+00 0.000000000000000000e+00 1.000000000000000000e+00
1.000000000000000000e+00 0.000000000000000000e+00 6.285714285714285587e-01 3.714285714285714413e-01
1.000000000000000000e+00 1.000000000000000000e+00 1.428571428571428527e-02 9.857142857142857650e-01
1.000000000000000000e+00 1.000000000000000000e+00 2.857142857142857054e-02 9.714285714285714191e-01
1.000000000000000000e+00 1.000000000000000000e+00 1.428571428571428527e-02 9.857142857142857650e-01
1.000000000000000000e+00 1.000000000000000000e+00 5.714285714285714107e-02 9.428571428571428381e-01
1.000000000000000000e+00 1.000000000000000000e+00 1.428571428571428527e-02 9.857142857142857650e-01
1.000000000000000000e+00 1.000000000000000000e+00 2.857142857142857054e-02 9.714285714285714191e-01
1.000000000000000000e+00 1.000000000000000000e+00 1.142857142857142821e-01 8.857142857142856762e-01
1.000000000000000000e+00 1.000000000000000000e+00 1.428571428571428527e-02 9.857142857142857650e-01
1.000000000000000000e+00 1.000000000000000000e+00 0.000000000000000000e+00 1.000000000000000000e+00
1.000000000000000000e+00 1.000000000000000000e+00 1.428571428571428527e-02 9.857142857142857650e-01
1.000000000000000000e+00 1.000000000000000000e+00 1.428571428571428527e-02 9.857142857142857650e-01
1.000000000000000000e+00 1.000000000000000000e+00 5.714285714285714107e-02 9.428571428571428381e-01
1.000000000000000000e+00 1.000000000000000000e+00 2.857142857142857054e-02 9.714285714285714191e-01
1.000000000000000000e+00 1.000000000000000000e+00 1.428571428571428527e-02 9.857142857142857650e-01
1.000000000000000000e+00 1.000000000000000000e+00 0.000000000000000000e+00 1.000000000000000000e+00
1.000000000000000000e+00 0.000000000000000000e+00 9.857142857142857650e-01 1.428571428571428527e-02
1.000000000000000000e+00 1.000000000000000000e+00 1.428571428571428527e-02 9.857142857142857650e-01
1.000000000000000000e+00 1.000000000000000000e+00 0.000000000000000000e+00 1.000000000000000000e+00
1.000000000000000000e+00 1.000000000000000000e+00 2.857142857142857054e-02 9.714285714285714191e-01
1.000000000000000000e+00 1.000000000000000000e+00 1.428571428571428527e-02 9.857142857142857650e-01
1.000000000000000000e+00 1.000000000000000000e+00 4.285714285714285754e-02 9.571428571428571841e-01
1.000000000000000000e+00 1.000000000000000000e+00 3.142857142857142794e-01 6.857142857142857206e-01
1.000000000000000000e+00 1.000000000000000000e+00 4.571428571428571286e-01 5.428571428571428159e-01
1.000000000000000000e+00 1.000000000000000000e+00 1.428571428571428527e-02 9.857142857142857650e-01
1.000000000000000000e+00 1.000000000000000000e+00 1.428571428571428527e-02 9.857142857142857650e-01
1.000000000000000000e+00 0.000000000000000000e+00 7.285714285714285365e-01 2.714285714285714080e-01
1.000000000000000000e+00 1.000000000000000000e+00 2.857142857142857054e-02 9.714285714285714191e-01
1.000000000000000000e+00 1.000000000000000000e+00 4.285714285714285754e-02 9.571428571428571841e-01
1.000000000000000000e+00 1.000000000000000000e+00 0.000000000000000000e+00 1.000000000000000000e+00
1.000000000000000000e+00 1.000000000000000000e+00 0.000000000000000000e+00 1.000000000000000000e+00
1.000000000000000000e+00 1.000000000000000000e+00 1.428571428571428527e-02 9.857142857142857650e-01
1.000000000000000000e+00 1.000000000000000000e+00 0.000000000000000000e+00 1.000000000000000000e+00
1.000000000000000000e+00 1.000000000000000000e+00 4.285714285714285754e-02 9.571428571428571841e-01
1.000000000000000000e+00 1.000000000000000000e+00 2.857142857142857054e-02 9.714285714285714191e-01
1.000000000000000000e+00 1.000000000000000000e+00 4.285714285714285754e-02 9.571428571428571841e-01
1.000000000000000000e+00 1.000000000000000000e+00 0.000000000000000000e+00 1.000000000000000000e+00
1.000000000000000000e+00 1.000000000000000000e+00 1.142857142857142821e-01 8.857142857142856762e-01
1.000000000000000000e+00 1.000000000000000000e+00 1.571428571428571397e-01 8.428571428571428603e-01
1.000000000000000000e+00 1.000000000000000000e+00 0.000000000000000000e+00 1.000000000000000000e+00
1.000000000000000000e+00 1.000000000000000000e+00 4.285714285714285754e-02 9.571428571428571841e-01
1.000000000000000000e+00 0.000000000000000000e+00 8.285714285714286254e-01 1.714285714285714302e-01
1.000000000000000000e+00 1.000000000000000000e+00 1.428571428571428527e-02 9.857142857142857650e-01
1.000000000000000000e+00 1.000000000000000000e+00 5.714285714285714107e-02 9.428571428571428381e-01
1.000000000000000000e+00 0.000000000000000000e+00 6.714285714285713746e-01 3.285714285714285698e-01
1.000000000000000000e+00 1.000000000000000000e+00 4.285714285714285754e-02 9.571428571428571841e-01
1.000000000000000000e+00 1.000000000000000000e+00 1.428571428571428527e-02 9.857142857142857650e-01
1.000000000000000000e+00 1.000000000000000000e+00 1.428571428571428527e-02 9.857142857142857650e-01
1.000000000000000000e+00 1.000000000000000000e+00 0.000000000000000000e+00 1.000000000000000000e+00
1.000000000000000000e+00 1.000000000000000000e+00 0.000000000000000000e+00 1.000000000000000000e+00
1.000000000000000000e+00 1.000000000000000000e+00 0.000000000000000000e+00 1.000000000000000000e+00
1.000000000000000000e+00 1.000000000000000000e+00 0.000000000000000000e+00 1.000000000000000000e+00
1.000000000000000000e+00 1.000000000000000000e+00 2.857142857142857054e-02 9.714285714285714191e-01
1.000000000000000000e+00 0.000000000000000000e+00 8.571428571428570953e-01 1.428571428571428492e-01
1.000000000000000000e+00 1.000000000000000000e+00 2.857142857142857054e-02 9.714285714285714191e-01
1.000000000000000000e+00 1.000000000000000000e+00 2.857142857142857054e-02 9.714285714285714191e-01
0.000000000000000000e+00 0.000000000000000000e+00 8.636363636363636465e-01 1.363636363636363535e-01
0.000000000000000000e+00 0.000000000000000000e+00 1.000000000000000000e+00 0.000000000000000000e+00
0.000000000000000000e+00 0.000000000000000000e+00 9.090909090909090606e-01 9.090909090909091161e-02
0.000000000000000000e+00 0.000000000000000000e+00 9.636363636363636243e-01 3.636363636363636187e-02
0.000000000000000000e+00 0.000000000000000000e+00 9.818181818181818121e-01 1.818181818181818094e-02
0.000000000000000000e+00 0.000000000000000000e+00 9.636363636363636243e-01 3.636363636363636187e-02
0.000000000000000000e+00 0.000000000000000000e+00 9.818181818181818121e-01 1.818181818181818094e-02
0.000000000000000000e+00 0.000000000000000000e+00 7.090909090909091050e-01 2.909090909090908950e-01
0.000000000000000000e+00 0.000000000000000000e+00 8.000000000000000444e-01 2.000000000000000111e-01
0.000000000000000000e+00 0.000000000000000000e+00 9.818181818181818121e-01 1.818181818181818094e-02
0.000000000000000000e+00 0.000000000000000000e+00 6.181818181818181657e-01 3.818181818181818343e-01
0.000000000000000000e+00 0.000000000000000000e+00 8.636363636363636465e-01 1.363636363636363535e-01
0.000000000000000000e+00 0.000000000000000000e+00 9.818181818181818121e-01 1.818181818181818094e-02
0.000000000000000000e+00 0.000000000000000000e+00 9.909090909090909616e-01 9.090909090909090468e-03
0.000000000000000000e+00 0.000000000000000000e+00 6.999999999999999556e-01 2.999999999999999889e-01
0.000000000000000000e+00 0.000000000000000000e+00 8.545454545454544970e-01 1.454545454545454475e-01
0.000000000000000000e+00 0.000000000000000000e+00 9.545454545454545858e-01 4.545454545454545581e-02
0.000000000000000000e+00 0.000000000000000000e+00 7.181818181818181435e-01 2.818181818181818010e-01
0.000000000000000000e+00 0.000000000000000000e+00 6.727272727272727293e-01 3.272727272727272707e-01
0.000000000000000000e+00 0.000000000000000000e+00 9.363636363636363980e-01 6.363636363636362980e-02
0.000000000000000000e+00 0.000000000000000000e+00 9.545454545454545858e-01 4.545454545454545581e-02
0.000000000000000000e+00 0.000000000000000000e+00 6.818181818181817677e-01 3.181818181818181768e-01
0.000000000000000000e+00 0.000000000000000000e+00 5.909090909090909394e-01 4.090909090909091161e-01
0.000000000000000000e+00 0.000000000000000000e+00 7.636363636363636687e-01 2.363636363636363591e-01
0.000000000000000000e+00 0.000000000000000000e+00 1.000000000000000000e+00 0.000000000000000000e+00
0.000000000000000000e+00 0.000000000000000000e+00 5.272727272727272263e-01 4.727272727272727182e-01
0.000000000000000000e+00 0.000000000000000000e+00 7.272727272727272929e-01 2.727272727272727071e-01
0.000000000000000000e+00 0.000000000000000000e+00 8.181818181818182323e-01 1.818181818181818232e-01
0.000000000000000000e+00 0.000000000000000000e+00 9.454545454545454364e-01 5.454545454545454281e-02
0.000000000000000000e+00 0.000000000000000000e+00 6.818181818181817677e-01 3.181818181818181768e-01
0.000000000000000000e+00 0.000000000000000000e+00 9.909090909090909616e-01 9.090909090909090468e-03
0.000000000000000000e+00 0.000000000000000000e+00 9.909090909090909616e-01 9.090909090909090468e-03
0.000000000000000000e+00 0.000000000000000000e+00 1.000000000000000000e+00 0.000000000000000000e+00
1.000000000000000000e+00 1.000000000000000000e+00 0.000000000000000000e+00 1.000000000000000000e+00
1.000000000000000000e+00 1.000000000000000000e+00 5.454545454545454281e-02 9.454545454545454364e-01
1.000000000000000000e+00 1.000000000000000000e+00 9.090909090909090468e-03 9.909090909090909616e-01
1.000000000000000000e+00 1.000000000000000000e+00 9.090909090909090468e-03 9.909090909090909616e-01
1.000000000000000000e+00 1.000000000000000000e+00 0.000000000000000000e+00 1.000000000000000000e+00
1.000000000000000000e+00 1.000000000000000000e+00 1.818181818181818094e-02 9.818181818181818121e-01
1.000000000000000000e+00 1.000000000000000000e+00 1.818181818181818094e-02 9.818181818181818121e-01
1.000000000000000000e+00 0.000000000000000000e+00 6.999999999999999556e-01 2.999999999999999889e-01
1.000000000000000000e+00 1.000000000000000000e+00 9.090909090909090468e-03 9.909090909090909616e-01
1.000000000000000000e+00 1.000000000000000000e+00 3.636363636363636187e-02 9.636363636363636243e-01
1.000000000000000000e+00 1.000000000000000000e+00 4.545454545454545581e-02 9.545454545454545858e-01
1.000000000000000000e+00 0.000000000000000000e+00 7.363636363636363313e-01 2.636363636363636131e-01
1.000000000000000000e+00 1.000000000000000000e+00 0.000000000000000000e+00 1.000000000000000000e+00
1.000000000000000000e+00 1.000000000000000000e+00 0.000000000000000000e+00 1.000000000000000000e+00
1.000000000000000000e+00 1.000000000000000000e+00 9.090909090909090468e-03 9.909090909090909616e-01
1.000000000000000000e+00 1.000000000000000000e+00 3.636363636363636187e-02 9.636363636363636243e-01
1.000000000000000000e+00 0.000000000000000000e+00 6.363636363636363535e-01 3.636363636363636465e-01
1.000000000000000000e+00 1.000000000000000000e+00 0.000000000000000000e+00 1.000000000000000000e+00
1.000000000000000000e+00 1.000000000000000000e+00 1.818181818181818094e-02 9.818181818181818121e-01
1.000000000000000000e+00 1.000000000000000000e+00 0.000000000000000000e+00 1.000000000000000000e+00
1.000000000000000000e+00 1.000000000000000000e+00 4.545454545454545581e-02 9.545454545454545858e-01
1.000000000000000000e+00 1.000000000000000000e+00 1.818181818181818094e-02 9.818181818181818121e-01
1.000000000000000000e+00 1.000000000000000000e+00 9.090909090909090468e-03 9.909090909090909616e-01
1.000000000000000000e+00 1.000000000000000000e+00 1.818181818181818094e-02 9.818181818181818121e-01
1.000000000000000000e+00 1.000000000000000000e+00 2.818181818181818010e-01 7.181818181818181435e-01
1.000000000000000000e+00 0.000000000000000000e+00 6.636363636363636909e-01 3.363636363636363646e-01
1.000000000000000000e+00 1.000000000000000000e+00 3.636363636363636187e-02 9.636363636363636243e-01
1.000000000000000000e+00 1.000000000000000000e+00 2.727272727272727140e-02 9.727272727272727737e-01
1.000000000000000000e+00 1.000000000000000000e+00 9.090909090909090468e-03 9.909090909090909616e-01
1.000000000000000000e+00 1.000000000000000000e+00 0.000000000000000000e+00 1.000000000000000000e+00
1.000000000000000000e+00 1.000000000000000000e+00 1.454545454545454475e-01 8.545454545454544970e-01
1.000000000000000000e+00 1.000000000000000000e+00 0.000000000000000000e+00 1.000000000000000000e+00
1.000000000000000000e+00 1.000000000000000000e+00 9.090909090909090468e-03 9.909090909090909616e-01
1.000000000000000000e+00 1.000000000000000000e+00 9.090909090909090468e-03 9.909090909090909616e-01
1.000000000000000000e+00 1.000000000000000000e+00 5.454545454545454281e-02 9.454545454545454364e-01
1.000000000000000000e+00 1.000000000000000000e+00 1.818181818181818094e-02 9.818181818181818121e-01
1.000000000000000000e+00 1.000000000000000000e+00 3.636363636363636187e-02 9.636363636363636243e-01
1.000000000000000000e+00 1.000000000000000000e+00 1.818181818181818094e-02 9.818181818181818121e-01
1.000000000000000000e+00 1.000000000000000000e+00 2.727272727272727140e-02 9.727272727272727737e-01
1.000000000000000000e+00 1.000000000000000000e+00 4.545454545454545581e-02 9.545454545454545858e-01
1.000000000000000000e+00 1.000000000000000000e+00 9.090909090909090468e-03 9.909090909090909616e-01
1.000000000000000000e+00 0.000000000000000000e+00 7.545454545454545192e-01 2.454545454545454530e-01
1.000000000000000000e+00 1.000000000000000000e+00 2.090909090909090773e-01 7.909090909090908950e-01
1.000000000000000000e+00 1.000000000000000000e+00 6.363636363636362980e-02 9.363636363636363980e-01
1.000000000000000000e+00 1.000000000000000000e+00 8.181818181818181768e-02 9.181818181818182101e-01
1.000000000000000000e+00 1.000000000000000000e+00 1.000000000000000056e-01 9.000000000000000222e-01
1.000000000000000000e+00 1.000000000000000000e+00 9.090909090909091161e-02 9.090909090909090606e-01
1.000000000000000000e+00 1.000000000000000000e+00 1.000000000000000056e-01 9.000000000000000222e-01
1.000000000000000000e+00 1.000000000000000000e+00 0.000000000000000000e+00 1.000000000000000000e+00
1.000000000000000000e+00 1.000000000000000000e+00 2.999999999999999889e-01 6.999999999999999556e-01
1.000000000000000000e+00 1.000000000000000000e+00 9.090909090909090468e-03 9.909090909090909616e-01
1.000000000000000000e+00 1.000000000000000000e+00 7.272727272727272374e-02 9.272727272727272485e-01
1.000000000000000000e+00 1.000000000000000000e+00 0.000000000000000000e+00 1.000000000000000000e+00
1.000000000000000000e+00 1.000000000000000000e+00 9.090909090909090468e-03 9.909090909090909616e-01
1.000000000000000000e+00 1.000000000000000000e+00 0.000000000000000000e+00 1.000000000000000000e+00
1.000000000000000000e+00 1.000000000000000000e+00 3.636363636363636187e-02 9.636363636363636243e-01
1.000000000000000000e+00 1.000000000000000000e+00 6.363636363636362980e-02 9.363636363636363980e-01
1.000000000000000000e+00 1.000000000000000000e+00 0.000000000000000000e+00 1.000000000000000000e+00
1.000000000000000000e+00 0.000000000000000000e+00 7.363636363636363313e-01 2.636363636363636131e-01
1.000000000000000000e+00 0.000000000000000000e+00 8.545454545454544970e-01 1.454545454545454475e-01
1.000000000000000000e+00 1.000000000000000000e+00 9.090909090909090468e-03 9.909090909090909616e-01
1.000000000000000000e+00 1.000000000000000000e+00 9.090909090909090468e-03 9.909090909090909616e-01
1.000000000000000000e+00 1.000000000000000000e+00 1.818181818181818094e-02 9.818181818181818121e-01
1.000000000000000000e+00 1.000000000000000000e+00 1.818181818181818094e-02 9.818181818181818121e-01
1.000000000000000000e+00 1.000000000000000000e+00 9.090909090909090468e-03 9.909090909090909616e-01
1.000000000000000000e+00 1.000000000000000000e+00 0.000000000000000000e+00 1.000000000000000000e+00
1.000000000000000000e+00 1.000000000000000000e+00 1.818181818181818094e-02 9.818181818181818121e-01
0.000000000000000000e+00 0.000000000000000000e+00 9.625000000000000222e-01 3.749999999999999861e-02
0.000000000000000000e+00 0.000000000000000000e+00 5.500000000000000444e-01 4.500000000000000111e-01
0.000000000000000000e+00 0.000000000000000000e+00 8.375000000000000222e-01 1.625000000000000056e-01
0.000000000000000000e+00 0.000000000000000000e+00 9.375000000000000000e-01 6.250000000000000000e-02
0.000000000000000000e+00 0.000000000000000000e+00 6.999999999999999556e-01 2.999999999999999889e-01
0.000000000000000000e+00 0.000000000000000000e+00 9.875000000000000444e-01 1.250000000000000069e-02
0.000000000000000000e+00 0.000000000000000000e+00 6.624999999999999778e-01 3.375000000000000222e-01
0.000000000000000000e+00 0.000000000000000000e+00 9.625000000000000222e-01 3.749999999999999861e-02
0.000000000000000000e+00 0.000000000000000000e+00 9.625000000000000222e-01 3.749999999999999861e-02
0.000000000000000000e+00 0.000000000000000000e+00 9.749999999999999778e-01 2.500000000000000139e-02
0.000000000000000000e+00 0.000000000000000000e+00 1.000000000000000000e+00 0.000000000000000000e+00
0.000000000000000000e+00 0.000000000000000000e+00 9.875000000000000444e-01 1.250000000000000069e-02
0.000000000000000000e+00 0.000000000000000000e+00 9.124999999999999778e-01 8.749999999999999445e-02
0.000000000000000000e+00 0.000000000000000000e+00 9.625000000000000222e-01 3.749999999999999861e-02
0.000000000000000000e+00 1.000000000000000000e+00 4.000000000000000222e-01 5.999999999999999778e-01
0.000000000000000000e+00 0.000000000000000000e+00 9.749999999999999778e-01 2.500000000000000139e-02
0.000000000000000000e+00 0.000000000000000000e+00 9.250000000000000444e-01 7.499999999999999722e-02
0.000000000000000000e+00 0.000000000000000000e+00 6.999999999999999556e-01 2.999999999999999889e-01
0.000000000000000000e+00 0.000000000000000000e+00 9.749999999999999778e-01 2.500000000000000139e-02
0.000000000000000000e+00 0.000000000000000000e+00 8.000000000000000444e-01 2.000000000000000111e-01
0.000000000000000000e+00 0.000000000000000000e+00 9.749999999999999778e-01 2.500000000000000139e-02
0.000000000000000000e+00 1.000000000000000000e+00 4.625000000000000222e-01 5.374999999999999778e-01
0.000000000000000000e+00 0.000000000000000000e+00 9.375000000000000000e-01 6.250000000000000000e-02
0.000000000000000000e+00 0.000000000000000000e+00 9.250000000000000444e-01 7.499999999999999722e-02
0.000000000000000000e+00 0.000000000000000000e+00 6.125000000000000444e-01 3.875000000000000111e-01
0.000000000000000000e+00 0.000000000000000000e+00 9.375000000000000000e-01 6.250000000000000000e-02
0.000000000000000000e+00 0.000000000000000000e+00 9.375000000000000000e-01 6.250000000000000000e-02
0.000000000000000000e+00 0.000000000000000000e+00 9.875000000000000444e-01 1.250000000000000069e-02
0.000000000000000000e+00 0.000000000000000000e+00 8.625000000000000444e-01 1.375000000000000111e-01
0.000000000000000000e+00 0.000000000000000000e+00 1.000000000000000000e+00 0.000000000000000000e+00
0.000000000000000000e+00 0.000000000000000000e+00 9.749999999999999778e-01 2.500000000000000139e-02
0.000000000000000000e+00 0.000000000000000000e+00 8.000000000000000444e-01 2.000000000000000111e-01
0.000000000000000000e+00 1.000000000000000000e+00 4.249999999999999889e-01 5.749999999999999556e-01
1.000000000000000000e+00 1.000000000000000000e+00 1.250000000000000069e-02 9.875000000000000444e-01
1.000000000000000000e+00 1.000000000000000000e+00 3.499999999999999778e-01 6.500000000000000222e-01
1.000000000000000000e+00 1.000000000000000000e+00 2.500000000000000139e-02 9.749999999999999778e-01
1.000000000000000000e+00 1.000000000000000000e+00 0.000000000000000000e+00 1.000000000000000000e+00
1.000000000000000000e+00 1.000000000000000000e+00 3.749999999999999861e-02 9.625000000000000222e-01
1.000000000000000000e+00 1.000000000000000000e+00 5.000000000000000278e-02 9.499999999999999556e-01
1.000000000000000000e+00 1.000000000000000000e+00 5.000000000000000278e-02 9.499999999999999556e-01
1.000000000000000000e+00 1.000000000000000000e+00 0.000000000000000000e+00 1.000000000000000000e+00
1.000000000000000000e+00 1.000000000000000000e+00 0.000000000000000000e+00 1.000000000000000000e+00
1.000000000000000000e+00 1.000000000000000000e+00 8.749999999999999445e-02 9.124999999999999778e-01
1.000000000000000000e+00 1.000000000000000000e+00 4.000000000000000222e-01 5.999999999999999778e-01
1.000000000000000000e+00 1.000000000000000000e+00 0.000000000000000000e+00 1.000000000000000000e+00
1.000000000000000000e+00 1.000000000000000000e+00 1.250000000000000069e-02 9.875000000000000444e-01
1.000000000000000000e+00 1.000000000000000000e+00 2.000000000000000111e-01 8.000000000000000444e-01
1.000000000000000000e+00 0.000000000000000000e+00 5.124999999999999556e-01 4.874999999999999889e-01
1.000000000000000000e+00 1.000000000000000000e+00 0.000000000000000000e+00 1.000000000000000000e+00
1.000000000000000000e+00 1.000000000000000000e+00 0.000000000000000000e+00 1.000000000000000000e+00
1.000000000000000000e+00 1.000000000000000000e+00 2.124999999999999944e-01 7.874999999999999778e-01
1.000000000000000000e+00 1.000000000000000000e+00 1.250000000000000069e-02 9.875000000000000444e-01
1.000000000000000000e+00 1.000000000000000000e+00 3.749999999999999861e-02 9.625000000000000222e-01
1.000000000000000000e+00 1.000000000000000000e+00 0.000000000000000000e+00 1.000000000000000000e+00
1.000000000000000000e+00 1.000000000000000000e+00 1.250000000000000069e-02 9.875000000000000444e-01
1.000000000000000000e+00 1.000000000000000000e+00 2.500000000000000139e-02 9.749999999999999778e-01
1.000000000000000000e+00 1.000000000000000000e+00 0.000000000000000000e+00 1.000000000000000000e+00
1.000000000000000000e+00 1.000000000000000000e+00 2.500000000000000139e-02 9.749999999999999778e-01
1.000000000000000000e+00 1.000000000000000000e+00 3.749999999999999861e-02 9.625000000000000222e-01
1.000000000000000000e+00 1.000000000000000000e+00 0.000000000000000000e+00 1.000000000000000000e+00
1.000000000000000000e+00 1.000000000000000000e+00 3.749999999999999861e-02 9.625000000000000222e-01
1.000000000000000000e+00 1.000000000000000000e+00 2.500000000000000139e-02 9.749999999999999778e-01
1.000000000000000000e+00 1.000000000000000000e+00 3.749999999999999861e-02 9.625000000000000222e-01
1.000000000000000000e+00 1.000000000000000000e+00 2.500000000000000139e-02 9.749999999999999778e-01
1.000000000000000000e+00 1.000000000000000000e+00 2.500000000000000139e-02 9.749999999999999778e-01
1.000000000000000000e+00 1.000000000000000000e+00 2.500000000000000139e-02 9.749999999999999778e-01
1.000000000000000000e+00 1.000000000000000000e+00 2.874999999999999778e-01 7.125000000000000222e-01
1.000000000000000000e+00 1.000000000000000000e+00 1.250000000000000069e-02 9.875000000000000444e-01
1.000000000000000000e+00 1.000000000000000000e+00 0.000000000000000000e+00 1.000000000000000000e+00
1.000000000000000000e+00 1.000000000000000000e+00 1.250000000000000069e-02 9.875000000000000444e-01
1.000000000000000000e+00 1.000000000000000000e+00 0.000000000000000000e+00 1.000000000000000000e+00
1.000000000000000000e+00 1.000000000000000000e+00 1.875000000000000000e-01 8.125000000000000000e-01
1.000000000000000000e+00 1.000000000000000000e+00 2.500000000000000139e-02 9.749999999999999778e-01
1.000000000000000000e+00 1.000000000000000000e+00 0.000000000000000000e+00 1.000000000000000000e+00
1.000000000000000000e+00 1.000000000000000000e+00 0.000000000000000000e+00 1.000000000000000000e+00
1.000000000000000000e+00 1.000000000000000000e+00 1.250000000000000069e-02 9.875000000000000444e-01
1.000000000000000000e+00 1.000000000000000000e+00 0.000000000000000000e+00 1.000000000000000000e+00
1.000000000000000000e+00 1.000000000000000000e+00 1.250000000000000069e-02 9.875000000000000444e-01
1.000000000000000000e+00 1.000000000000000000e+00 0.000000000000000000e+00 1.000000000000000000e+00
1.000000000000000000e+00 1.000000000000000000e+00 0.000000000000000000e+00 1.000000000000000000e+00
1.000000000000000000e+00 1.000000000000000000e+00 0.000000000000000000e+00 1.000000000000000000e+00
1.000000000000000000e+00 1.000000000000000000e+00 2.500000000000000139e-02 9.749999999999999778e-01
1.000000000000000000e+00 1.000000000000000000e+00 1.250000000000000069e-02 9.875000000000000444e-01
1.000000000000000000e+00 1.000000000000000000e+00 2.500000000000000139e-02 9.749999999999999778e-01
1.000000000000000000e+00 1.000000000000000000e+00 0.000000000000000000e+00 1.000000000000000000e+00
1.000000000000000000e+00 1.000000000000000000e+00 1.250000000000000069e-02 9.875000000000000444e-01
1.000000000000000000e+00 1.000000000000000000e+00 0.000000000000000000e+00 1.000000000000000000e+00
1.000000000000000000e+00 1.000000000000000000e+00 3.875000000000000111e-01 6.125000000000000444e-01
1.000000000000000000e+00 1.000000000000000000e+00 5.000000000000000278e-02 9.499999999999999556e-01
1.000000000000000000e+00 1.000000000000000000e+00 1.250000000000000069e-02 9.875000000000000444e-01
1.000000000000000000e+00 1.000000000000000000e+00 3.749999999999999861e-02 9.625000000000000222e-01
1.000000000000000000e+00 1.000000000000000000e+00 3.749999999999999861e-02 9.625000000000000222e-01
1.000000000000000000e+00 1.000000000000000000e+00 2.500000000000000139e-02 9.749999999999999778e-01
1.000000000000000000e+00 1.000000000000000000e+00 3.749999999999999861e-02 9.625000000000000222e-01
1.000000000000000000e+00 1.000000000000000000e+00 0.000000000000000000e+00 1.000000000000000000e+00
1.000000000000000000e+00 1.000000000000000000e+00 6.250000000000000000e-02 9.375000000000000000e-01
1.000000000000000000e+00 1.000000000000000000e+00 6.250000000000000000e-02 9.375000000000000000e-01
1.000000000000000000e+00 1.000000000000000000e+00 2.124999999999999944e-01 7.874999999999999778e-01
1.000000000000000000e+00 1.000000000000000000e+00 0.000000000000000000e+00 1.000000000000000000e+00
1.000000000000000000e+00 1.000000000000000000e+00 1.250000000000000069e-02 9.875000000000000444e-01
