1.000000000000000000e+00 1.000000000000000000e+00 4.793763857429182984e-01 5.206236142570817016e-01
1.000000000000000000e+00 0.000000000000000000e+00 5.148687037421375567e-01 4.851312962578623877e-01
0.000000000000000000e+00 1.000000000000000000e+00 4.098969317570296811e-01 5.901030682429703189e-01
0.000000000000000000e+00 0.000000000000000000e+00 5.573063135301190574e-01 4.426936864698809981e-01
1.000000000000000000e+00 0.000000000000000000e+00 5.383967091894797941e-01 4.616032908105202059e-01
0.000000000000000000e+00 1.000000000000000000e+00 4.974680753612347184e-01 5.025319246387652816e-01
1.000000000000000000e+00 1.000000000000000000e+00 4.391949679728767153e-01 5.608050320271232847e-01
0.000000000000000000e+00 0.000000000000000000e+00 5.350841374764052638e-01 4.649158625235946807e-01
1.000000000000000000e+00 0.000000000000000000e+00 7.801080063011442967e-01 2.198919936988557589e-01
1.000000000000000000e+00 0.000000000000000000e+00 6.749308598885208621e-01 3.250691401114791379e-01
1.000000000000000000e+00 0.000000000000000000e+00 7.871986926106077087e-01 2.128013073893923190e-01
1.000000000000000000e+00 0.000000000000000000e+00 5.807839620818440185e-01 4.192160379181560370e-01
1.000000000000000000e+00 0.000000000000000000e+00 6.716224988223564729e-01 3.283775011776434716e-01
0.000000000000000000e+00 0.000000000000000000e+00 6.802329212252264945e-01 3.197670787747735055e-01
1.000000000000000000e+00 1.000000000000000000e+00 3.291105749048170992e-01 6.708894250951829008e-01
0.000000000000000000e+00 0.000000000000000000e+00 6.223309691353333672e-01 3.776690308646666328e-01
1.000000000000000000e+00 0.000000000000000000e+00 6.848047429725198088e-01 3.151952570274801912e-01
1.000000000000000000e+00 0.000000000000000000e+00 5.471480312768226550e-01 4.528519687231773450e-01
1.000000000000000000e+00 0.000000000000000000e+00 5.858893538971254866e-01 4.141106461028745134e-01
1.000000000000000000e+00 0.000000000000000000e+00 5.721584107527522001e-01 4.278415892472477444e-01
1.000000000000000000e+00 0.000000000000000000e+00 6.048116664801317377e-01 3.951883335198682623e-01
1.000000000000000000e+00 0.000000000000000000e+00 5.111066358462419412e-01 4.888933641537581143e-01
0.000000000000000000e+00 0.000000000000000000e+00 6.938845810166387462e-01 3.061154189833611983e-01
0.000000000000000000e+00 0.000000000000000000e+00 6.970470697737309873e-01 3.029529302262690682e-01
0.000000000000000000e+00 0.000000000000000000e+00 6.313954077547271337e-01 3.686045922452728663e-01
1.000000000000000000e+00 1.000000000000000000e+00 4.609259853343420366e-01 5.390740146656579634e-01
0.000000000000000000e+00 1.000000000000000000e+00 4.619903228655456440e-01 5.380096771344543560e-01
0.000000000000000000e+00 1.000000000000000000e+00 4.250453498273816244e-01 5.749546501726183756e-01
0.000000000000000000e+00 1.000000000000000000e+00 2.206724214806528028e-01 7.793275785193471972e-01
0.000000000000000000e+00 0.000000000000000000e+00 7.035572789316044684e-01 2.964427210683954761e-01
0.000000000000000000e+00 0.000000000000000000e+00 6.086931355493401252e-01 3.913068644506598748e-01
1.000000000000000000e+00 1.000000000000000000e+00 3.814258166525554827e-01 6.185741833474445173e-01
1.000000000000000000e+00 1.000000000000000000e+00 3.866047877114712206e-01 6.133952122885287794e-01
1.000000000000000000e+00 0.000000000000000000e+00 5.184043081004431341e-01 4.815956918995568659e-01
0.000000000000000000e+00 1.000000000000000000e+00 2.748308971459142436e-01 7.251691028540857564e-01
1.000000000000000000e+00 0.000000000000000000e+00 6.853544868772902809e-01 3.146455131227097191e-01
1.000000000000000000e+00 1.000000000000000000e+00 4.488419716516049984e-01 5.511580283483950016e-01
0.000000000000000000e+00 1.000000000000000000e+00 2.148681199525592778e-01 7.851318800474407222e-01
1.000000000000000000e+00 0.000000000000000000e+00 5.289252240655034631e-01 4.710747759344965369e-01
1.000000000000000000e+00 1.000000000000000000e+00 4.273910988699398672e-01 5.726089011300601328e-01
0.000000000000000000e+00 0.000000000000000000e+00 5.782608340055221952e-01 4.217391659944777493e-01
0.000000000000000000e+00 0.000000000000000000e+00 6.222703370844929749e-01 3.777296629155070251e-01
1.000000000000000000e+00 1.000000000000000000e+00 4.624954627265711604e-01 5.375045372734288396e-01
0.000000000000000000e+00 0.000000000000000000e+00 6.961529340966676749e-01 3.038470659033322696e-01
1.000000000000000000e+00 1.000000000000000000e+00 4.253573147123046461e-01 5.746426852876953539e-01
1.000000000000000000e+00 1.000000000000000000e+00 2.424825390516504031e-01 7.575174609483495969e-01
0.000000000000000000e+00 0.000000000000000000e+00 5.042009762674037887e-01 4.957990237325962113e-01
1.000000000000000000e+00 0.000000000000000000e+00 5.309964374021272082e-01 4.690035625978727363e-01
1.000000000000000000e+00 1.000000000000000000e+00 3.479868426786367763e-01 6.520131573213632237e-01
1.000000000000000000e+00 0.000000000000000000e+00 7.058229934750224199e-01 2.941770065249775246e-01
0.000000000000000000e+00 0.000000000000000000e+00 6.489108885078244127e-01 3.510891114921755873e-01
1.000000000000000000e+00 0.000000000000000000e+00 7.682106235410123274e-01 2.317893764589876726e-01
1.000000000000000000e+00 1.000000000000000000e+00 4.094775982656252422e-01 5.905224017343747578e-01
0.000000000000000000e+00 1.000000000000000000e+00 4.070149528086114410e-01 5.929850471913885590e-01
0.000000000000000000e+00 0.000000000000000000e+00 6.424015641334077653e-01 3.575984358665922902e-01
1.000000000000000000e+00 1.000000000000000000e+00 4.352265028471355990e-01 5.647734971528644010e-01
0.000000000000000000e+00 0.000000000000000000e+00 5.347866451106502161e-01 4.652133548893497839e-01
0.000000000000000000e+00 1.000000000000000000e+00 3.796780995966367867e-01 6.203219004033632133e-01
1.000000000000000000e+00 1.000000000000000000e+00 4.264936198453577187e-01 5.735063801546422813e-01
1.000000000000000000e+00 0.000000000000000000e+00 7.030928230864902373e-01 2.969071769135097627e-01
1.000000000000000000e+00 1.000000000000000000e+00 4.362231402518635948e-01 5.637768597481364052e-01
1.000000000000000000e+00 0.000000000000000000e+00 5.169839320118587711e-01 4.830160679881411734e-01
1.000000000000000000e+00 1.000000000000000000e+00 4.789119764030486115e-01 5.210880235969513885e-01
1.000000000000000000e+00 1.000000000000000000e+00 3.793700201028986640e-01 6.206299798971013360e-01
0.000000000000000000e+00 1.000000000000000000e+00 3.815577824019604769e-01 6.184422175980395231e-01
0.000000000000000000e+00 1.000000000000000000e+00 4.304959926340632403e-01 5.695040073659367597e-01
1.000000000000000000e+00 0.000000000000000000e+00 5.632175788523956506e-01 4.367824211476043494e-01
0.000000000000000000e+00 1.000000000000000000e+00 4.308186178512670717e-01 5.691813821487329283e-01
0.000000000000000000e+00 0.000000000000000000e+00 5.351728428901084689e-01 4.648271571098915311e-01
1.000000000000000000e+00 0.000000000000000000e+00 5.965836867564137114e-01 4.034163132435862886e-01
1.000000000000000000e+00 1.000000000000000000e+00 4.128471522372977320e-01 5.871528477627022680e-01
0.000000000000000000e+00 0.000000000000000000e+00 5.609588538916738809e-01 4.390411461083261746e-01
1.000000000000000000e+00 1.000000000000000000e+00 4.185451912061948221e-01 5.814548087938051779e-01
1.000000000000000000e+00 1.000000000000000000e+00 4.228288304840068790e-01 5.771711695159931210e-01
0.000000000000000000e+00 1.000000000000000000e+00 4.614655027993489478e-01 5.385344972006510522e-01
0.000000000000000000e+00 1.000000000000000000e+00 4.560232274530023888e-01 5.439767725469976112e-01
1.000000000000000000e+00 1.000000000000000000e+00 4.805536010150500692e-01 5.194463989849499308e-01
1.000000000000000000e+00 1.000000000000000000e+00 3.071399865019333042e-01 6.928600134980666958e-01
1.000000000000000000e+00 1.000000000000000000e+00 4.413805289122006981e-01 5.586194710877993019e-01
1.000000000000000000e+00 1.000000000000000000e+00 4.958364574173643735e-01 5.041635425826356265e-01
1.000000000000000000e+00 1.000000000000000000e+00 4.782722618761793276e-01 5.217277381238206724e-01
0.000000000000000000e+00 0.000000000000000000e+00 5.636209257598467914e-01 4.363790742401532641e-01
0.000000000000000000e+00 1.000000000000000000e+00 2.936621715630960416e-01 7.063378284369039584e-01
1.000000000000000000e+00 1.000000000000000000e+00 4.625810664536813555e-01 5.374189335463186445e-01
0.000000000000000000e+00 0.000000000000000000e+00 5.051470971896208084e-01 4.948529028103791916e-01
1.000000000000000000e+00 1.000000000000000000e+00 3.645270978880643664e-01 6.354729021119356336e-01
0.000000000000000000e+00 1.000000000000000000e+00 4.205075731855222321e-01 5.794924268144777679e-01
1.000000000000000000e+00 0.000000000000000000e+00 6.655163288091692220e-01 3.344836711908307780e-01
1.000000000000000000e+00 0.000000000000000000e+00 5.084349660130251802e-01 4.915650339869747643e-01
1.000000000000000000e+00 1.000000000000000000e+00 3.438124602475945979e-01 6.561875397524054021e-01
0.000000000000000000e+00 0.000000000000000000e+00 6.230289771164261303e-01 3.769710228835739252e-01
1.000000000000000000e+00 0.000000000000000000e+00 6.666922463845623703e-01 3.333077536154375742e-01
0.000000000000000000e+00 1.000000000000000000e+00 3.952262833390740582e-01 6.047737166609259418e-01
0.000000000000000000e+00 0.000000000000000000e+00 5.397267077121966627e-01 4.602732922878033373e-01
1.000000000000000000e+00 0.000000000000000000e+00 6.145284401158428444e-01 3.854715598841571000e-01
1.000000000000000000e+00 1.000000000000000000e+00 3.701152682181567677e-01 6.298847317818432323e-01
1.000000000000000000e+00 1.000000000000000000e+00 4.740839188721420738e-01 5.259160811278579262e-01
1.000000000000000000e+00 0.000000000000000000e+00 5.660245972496502631e-01 4.339754027503496814e-01
1.000000000000000000e+00 1.000000000000000000e+00 3.707498683259822236e-01 6.292501316740177764e-01
0.000000000000000000e+00 0.000000000000000000e+00 7.232796210521614810e-01 2.767203789478384635e-01
1.000000000000000000e+00 0.000000000000000000e+00 6.788988122327410668e-01 3.211011877672588777e-01
0.000000000000000000e+00 0.000000000000000000e+00 5.046431457224034300e-01 4.953568542775965700e-01
1.000000000000000000e+00 0.000000000000000000e+00 8.638195769548489000e-01 1.361804230451510445e-01
1.000000000000000000e+00 1.000000000000000000e+00 2.517804007428863233e-01 7.482195992571136767e-01
1.000000000000000000e+00 0.000000000000000000e+00 7.093750679360129041e-01 2.906249320639871514e-01
1.000000000000000000e+00 0.000000000000000000e+00 7.242317664103088415e-01 2.757682335896912140e-01
1.000000000000000000e+00 1.000000000000000000e+00 3.273371600899397382e-01 6.726628399100602618e-01
0.000000000000000000e+00 1.000000000000000000e+00 4.616876553752268242e-01 5.383123446247731758e-01
1.000000000000000000e+00 0.000000000000000000e+00 6.059313022602451637e-01 3.940686977397548363e-01
1.000000000000000000e+00 0.000000000000000000e+00 7.126349705712007321e-01 2.873650294287993234e-01
1.000000000000000000e+00 0.000000000000000000e+00 9.220404018638902466e-01 7.795959813610979505e-02
1.000000000000000000e+00 1.000000000000000000e+00 3.004788012530387187e-01 6.995211987469612813e-01
1.000000000000000000e+00 0.000000000000000000e+00 8.205973053377877413e-01 1.794026946622122587e-01
0.000000000000000000e+00 0.000000000000000000e+00 7.812787964790631756e-01 2.187212035209367966e-01
1.000000000000000000e+00 0.000000000000000000e+00 6.833333742461213944e-01 3.166666257538786611e-01
1.000000000000000000e+00 1.000000000000000000e+00 1.640989292137856603e-01 8.359010707862143397e-01
0.000000000000000000e+00 0.000000000000000000e+00 7.257366272202433466e-01 2.742633727797566534e-01
0.000000000000000000e+00 0.000000000000000000e+00 6.320216940260889871e-01 3.679783059739110684e-01
1.000000000000000000e+00 1.000000000000000000e+00 3.314670463772138032e-01 6.685329536227861968e-01
1.000000000000000000e+00 1.000000000000000000e+00 2.115586460830468640e-01 7.884413539169531360e-01
1.000000000000000000e+00 1.000000000000000000e+00 4.296943926869876140e-01 5.703056073130123860e-01
0.000000000000000000e+00 1.000000000000000000e+00 3.087956260981661316e-01 6.912043739018338684e-01
1.000000000000000000e+00 0.000000000000000000e+00 7.810993573639610776e-01 2.189006426360388946e-01
1.000000000000000000e+00 0.000000000000000000e+00 8.781950026387654873e-01 1.218049973612344850e-01
1.000000000000000000e+00 0.000000000000000000e+00 5.903503024179881375e-01 4.096496975820118069e-01
0.000000000000000000e+00 0.000000000000000000e+00 6.127865077412161243e-01 3.872134922587838757e-01
1.000000000000000000e+00 1.000000000000000000e+00 3.409293847845094039e-01 6.590706152154905961e-01
1.000000000000000000e+00 0.000000000000000000e+00 7.286463935142926118e-01 2.713536064857073327e-01
1.000000000000000000e+00 0.000000000000000000e+00 6.950117077167733415e-01 3.049882922832266585e-01
0.000000000000000000e+00 1.000000000000000000e+00 3.485704305492812738e-01 6.514295694507187262e-01
1.000000000000000000e+00 0.000000000000000000e+00 8.260712477215073068e-01 1.739287522784927487e-01
1.000000000000000000e+00 1.000000000000000000e+00 2.022834794376728862e-01 7.977165205623271138e-01
1.000000000000000000e+00 1.000000000000000000e+00 1.020124266044196704e-01 8.979875733955803296e-01
1.000000000000000000e+00 0.000000000000000000e+00 6.648027852873692467e-01 3.351972147126306978e-01
1.000000000000000000e+00 1.000000000000000000e+00 2.376639000213532915e-01 7.623360999786467085e-01
0.000000000000000000e+00 1.000000000000000000e+00 1.887725849460456518e-01 8.112274150539543482e-01
0.000000000000000000e+00 0.000000000000000000e+00 7.211308505321576412e-01 2.788691494678423588e-01
1.000000000000000000e+00 0.000000000000000000e+00 6.149763548170262828e-01 3.850236451829737172e-01
1.000000000000000000e+00 1.000000000000000000e+00 1.636473721618900701e-01 8.363526278381099299e-01
1.000000000000000000e+00 1.000000000000000000e+00 3.020133157530723311e-01 6.979866842469276689e-01
1.000000000000000000e+00 0.000000000000000000e+00 6.800471952436080159e-01 3.199528047563919286e-01
0.000000000000000000e+00 0.000000000000000000e+00 5.250616520880793114e-01 4.749383479119206330e-01
1.000000000000000000e+00 0.000000000000000000e+00 6.204976216023114777e-01 3.795023783976885778e-01
0.000000000000000000e+00 1.000000000000000000e+00 1.096192001036488950e-01 8.903807998963511050e-01
0.000000000000000000e+00 1.000000000000000000e+00 4.538820475304757851e-01 5.461179524695242149e-01
0.000000000000000000e+00 1.000000000000000000e+00 3.040522105514253948e-01 6.959477894485746052e-01
1.000000000000000000e+00 1.000000000000000000e+00 3.586869190625627812e-01 6.413130809374372188e-01
1.000000000000000000e+00 0.000000000000000000e+00 6.844163288143396695e-01 3.155836711856603860e-01
0.000000000000000000e+00 0.000000000000000000e+00 7.182311654937867385e-01 2.817688345062132615e-01
1.000000000000000000e+00 0.000000000000000000e+00 5.575606313053341756e-01 4.424393686946658244e-01
0.000000000000000000e+00 1.000000000000000000e+00 3.150581910917796824e-01 6.849418089082203176e-01
0.000000000000000000e+00 1.000000000000000000e+00 3.996684883571981484e-01 6.003315116428018516e-01
0.000000000000000000e+00 1.000000000000000000e+00 3.736831248079499623e-01 6.263168751920500377e-01
1.000000000000000000e+00 0.000000000000000000e+00 7.352284743969577097e-01 2.647715256030422348e-01
1.000000000000000000e+00 1.000000000000000000e+00 4.162520295229412692e-01 5.837479704770587308e-01
0.000000000000000000e+00 1.000000000000000000e+00 3.303383760812851344e-01 6.696616239187148656e-01
1.000000000000000000e+00 0.000000000000000000e+00 7.245355543039286861e-01 2.754644456960713139e-01
0.000000000000000000e+00 1.000000000000000000e+00 3.746617629216455470e-01 6.253382370783544530e-01
1.000000000000000000e+00 0.000000000000000000e+00 7.102741102547394103e-01 2.897258897452605897e-01
0.000000000000000000e+00 1.000000000000000000e+00 3.955378596623234655e-01 6.044621403376765345e-01
0.000000000000000000e+00 1.000000000000000000e+00 3.118086428005623079e-01 6.881913571994376921e-01
1.000000000000000000e+00 1.000000000000000000e+00 3.237514661436173835e-01 6.762485338563826165e-01
1.000000000000000000e+00 0.000000000000000000e+00 6.407763587916281978e-01 3.592236412083718022e-01
1.000000000000000000e+00 0.000000000000000000e+00 5.257114955236537046e-01 4.742885044763462954e-01
1.000000000000000000e+00 0.000000000000000000e+00 7.170188046350715050e-01 2.829811953649284950e-01
1.000000000000000000e+00 1.000000000000000000e+00 3.128124295814339595e-01 6.871875704185660405e-01
0.000000000000000000e+00 1.000000000000000000e+00 3.913206996826850137e-01 6.086793003173149863e-01
1.000000000000000000e+00 0.000000000000000000e+00 5.243113848752802841e-01 4.756886151247196604e-01
0.000000000000000000e+00 0.000000000000000000e+00 5.428064194907294970e-01 4.571935805092705030e-01
1.000000000000000000e+00 0.000000000000000000e+00 7.053214494925936773e-01 2.946785505074063782e-01
1.000000000000000000e+00 1.000000000000000000e+00 3.534283044907596816e-01 6.465716955092403184e-01
1.000000000000000000e+00 1.000000000000000000e+00 2.685970157117564261e-01 7.314029842882435739e-01
1.000000000000000000e+00 1.000000000000000000e+00 2.327868551667148234e-01 7.672131448332851766e-01
1.000000000000000000e+00 1.000000000000000000e+00 4.956629474145429759e-01 5.043370525854570241e-01
0.000000000000000000e+00 1.000000000000000000e+00 3.921809986753063137e-01 6.078190013246936863e-01
1.000000000000000000e+00 0.000000000000000000e+00 5.815121726440519723e-01 4.184878273559479722e-01
1.000000000000000000e+00 1.000000000000000000e+00 4.776991721257867196e-01 5.223008278742132804e-01
0.000000000000000000e+00 1.000000000000000000e+00 4.331122622367540309e-01 5.668877377632459691e-01
1.000000000000000000e+00 1.000000000000000000e+00 4.175095863280624542e-01 5.824904136719375458e-01
1.000000000000000000e+00 1.000000000000000000e+00 3.219145791991478989e-01 6.780854208008521011e-01
1.000000000000000000e+00 1.000000000000000000e+00 2.599642009060159076e-01 7.400357990939840924e-01
0.000000000000000000e+00 1.000000000000000000e+00 4.215631011771779901e-01 5.784368988228220099e-01
1.000000000000000000e+00 0.000000000000000000e+00 5.314789132401145366e-01 4.685210867598855189e-01
0.000000000000000000e+00 0.000000000000000000e+00 6.088234521932432974e-01 3.911765478067567026e-01
1.000000000000000000e+00 1.000000000000000000e+00 7.202914035875285226e-02 9.279708596412471477e-01
1.000000000000000000e+00 1.000000000000000000e+00 2.299171016173845450e-01 7.700828983826154550e-01
1.000000000000000000e+00 1.000000000000000000e+00 3.786037841987981434e-01 6.213962158012018566e-01
1.000000000000000000e+00 1.000000000000000000e+00 4.037156949541966799e-01 5.962843050458033201e-01
1.000000000000000000e+00 1.000000000000000000e+00 1.678718199338158357e-01 8.321281800661841643e-01
1.000000000000000000e+00 0.000000000000000000e+00 8.801174478460619399e-01 1.198825521539380323e-01
1.000000000000000000e+00 1.000000000000000000e+00 4.377050108840042641e-01 5.622949891159957359e-01
1.000000000000000000e+00 1.000000000000000000e+00 4.633323890566901637e-01 5.366676109433098363e-01
0.000000000000000000e+00 1.000000000000000000e+00 3.324032572468573754e-01 6.675967427531426246e-01
0.000000000000000000e+00 0.000000000000000000e+00 6.203978301993819944e-01 3.796021698006179501e-01
1.000000000000000000e+00 1.000000000000000000e+00 3.360676168217173743e-01 6.639323831782826257e-01
1.000000000000000000e+00 1.000000000000000000e+00 4.344906624038101794e-01 5.655093375961898206e-01
1.000000000000000000e+00 1.000000000000000000e+00 4.634612701991883688e-01 5.365387298008116312e-01
0.000000000000000000e+00 1.000000000000000000e+00 4.287049445934923986e-01 5.712950554065076014e-01
1.000000000000000000e+00 1.000000000000000000e+00 3.565949474985179446e-01 6.434050525014820554e-01
1.000000000000000000e+00 0.000000000000000000e+00 5.690490120231953552e-01 4.309509879768046448e-01
0.000000000000000000e+00 1.000000000000000000e+00 4.058139971783670807e-01 5.941860028216329193e-01
1.000000000000000000e+00 1.000000000000000000e+00 4.088673753902016816e-01 5.911326246097983184e-01
1.000000000000000000e+00 0.000000000000000000e+00 5.660027095212532000e-01 4.339972904787468000e-01
1.000000000000000000e+00 1.000000000000000000e+00 2.920190678058646183e-01 7.079809321941353817e-01
1.000000000000000000e+00 0.000000000000000000e+00 6.712099137480393996e-01 3.287900862519606004e-01
1.000000000000000000e+00 1.000000000000000000e+00 4.148108389476591329e-01 5.851891610523408671e-01
1.000000000000000000e+00 0.000000000000000000e+00 7.190757159398712961e-01 2.809242840601287039e-01
0.000000000000000000e+00 0.000000000000000000e+00 8.219657844981981265e-01 1.780342155018018457e-01
1.000000000000000000e+00 1.000000000000000000e+00 3.981056832161384840e-01 6.018943167838615160e-01
1.000000000000000000e+00 1.000000000000000000e+00 3.867951482856545331e-01 6.132048517143454669e-01
1.000000000000000000e+00 1.000000000000000000e+00 3.641061611309492907e-01 6.358938388690507093e-01
1.000000000000000000e+00 0.000000000000000000e+00 7.058943397958281629e-01 2.941056602041717816e-01
0.000000000000000000e+00 0.000000000000000000e+00 6.717982421835695384e-01 3.282017578164305172e-01
1.000000000000000000e+00 1.000000000000000000e+00 4.377614284290141100e-01 5.622385715709858900e-01
1.000000000000000000e+00 1.000000000000000000e+00 3.871615106692558594e-01 6.128384893307441406e-01
1.000000000000000000e+00 1.000000000000000000e+00 3.843921246510689782e-01 6.156078753489310218e-01
1.000000000000000000e+00 1.000000000000000000e+00 4.268436789876388637e-01 5.731563210123611363e-01
1.000000000000000000e+00 1.000000000000000000e+00 4.938882272658727812e-01 5.061117727341272188e-01
0.000000000000000000e+00 0.000000000000000000e+00 5.170763872538955974e-01 4.829236127461044026e-01
0.000000000000000000e+00 1.000000000000000000e+00 4.328621877605427493e-01 5.671378122394572507e-01
1.000000000000000000e+00 1.000000000000000000e+00 4.623864557569490330e-01 5.376135442430509670e-01
0.000000000000000000e+00 1.000000000000000000e+00 4.632827160048313964e-01 5.367172839951686036e-01
0.000000000000000000e+00 1.000000000000000000e+00 4.960223163646637623e-01 5.039776836353362377e-01
1.000000000000000000e+00 1.000000000000000000e+00 4.477617786132208622e-01 5.522382213867791378e-01
1.000000000000000000e+00 1.000000000000000000e+00 4.686214667437100800e-01 5.313785332562899200e-01
1.000000000000000000e+00 1.000000000000000000e+00 2.525801168068697589e-01 7.474198831931302411e-01
0.000000000000000000e+00 0.000000000000000000e+00 6.934153591962469720e-01 3.065846408037530280e-01
1.000000000000000000e+00 1.000000000000000000e+00 3.557032160973588875e-01 6.442967839026411125e-01
1.000000000000000000e+00 1.000000000000000000e+00 2.708710504122961993e-01 7.291289495877038007e-01
1.000000000000000000e+00 0.000000000000000000e+00 5.464852259720229810e-01 4.535147740279770190e-01
1.000000000000000000e+00 0.000000000000000000e+00 5.935463894372317029e-01 4.064536105627682416e-01
0.000000000000000000e+00 1.000000000000000000e+00 3.439405108873001549e-01 6.560594891126998451e-01
1.000000000000000000e+00 1.000000000000000000e+00 4.028946215228459415e-01 5.971053784771540585e-01
1.000000000000000000e+00 1.000000000000000000e+00 3.172445080965008435e-01 6.827554919034991565e-01
1.000000000000000000e+00 1.000000000000000000e+00 3.827201269678164319e-01 6.172798730321835681e-01
1.000000000000000000e+00 1.000000000000000000e+00 4.738608667321754231e-01 5.261391332678245769e-01
1.000000000000000000e+00 1.000000000000000000e+00 3.858935718457324748e-01 6.141064281542675252e-01
1.000000000000000000e+00 0.000000000000000000e+00 5.414302421301324664e-01 4.585697578698675336e-01
1.000000000000000000e+00 0.000000000000000000e+00 5.065708104640169740e-01 4.934291895359829705e-01
0.000000000000000000e+00 1.000000000000000000e+00 4.363772425265216581e-01 5.636227574734783419e-01
1.000000000000000000e+00 1.000000000000000000e+00 3.536525074417375958e-01 6.463474925582624042e-01
0.000000000000000000e+00 1.000000000000000000e+00 4.911514735722946057e-01 5.088485264277053943e-01
1.000000000000000000e+00 0.000000000000000000e+00 5.320462814166766474e-01 4.679537185833234081e-01
1.000000000000000000e+00 1.000000000000000000e+00 4.502095741428626674e-01 5.497904258571373326e-01
1.000000000000000000e+00 1.000000000000000000e+00 3.530256604067107951e-01 6.469743395932892049e-01
1.000000000000000000e+00 0.000000000000000000e+00 6.099213756442554146e-01 3.900786243557445854e-01
0.000000000000000000e+00 1.000000000000000000e+00 3.879350921764522786e-01 6.120649078235477214e-01
1.000000000000000000e+00 1.000000000000000000e+00 4.107344126450003241e-01 5.892655873549996759e-01
1.000000000000000000e+00 1.000000000000000000e+00 4.670067566949929194e-01 5.329932433050070806e-01
1.000000000000000000e+00 1.000000000000000000e+00 4.146422766910005109e-01 5.853577233089994891e-01
1.000000000000000000e+00 1.000000000000000000e+00 3.360082022253940703e-01 6.639917977746059297e-01
0.000000000000000000e+00 1.000000000000000000e+00 3.810001534121625344e-01 6.189998465878374656e-01
1.000000000000000000e+00 1.000000000000000000e+00 4.909922090907731240e-01 5.090077909092268760e-01
0.000000000000000000e+00 1.000000000000000000e+00 4.028223836697847338e-01 5.971776163302152662e-01
1.000000000000000000e+00 1.000000000000000000e+00 4.265686253356082425e-01 5.734313746643917575e-01
0.000000000000000000e+00 1.000000000000000000e+00 3.132010376974292409e-01 6.867989623025707591e-01
1.000000000000000000e+00 1.000000000000000000e+00 4.237074012886760110e-01 5.762925987113239890e-01
1.000000000000000000e+00 0.000000000000000000e+00 6.468418711768656459e-01 3.531581288231343541e-01
1.000000000000000000e+00 1.000000000000000000e+00 3.258972546743924559e-01 6.741027453256075441e-01
1.000000000000000000e+00 0.000000000000000000e+00 5.253382521627746327e-01 4.746617478372253673e-01
1.000000000000000000e+00 1.000000000000000000e+00 3.817773711893706068e-01 6.182226288106293932e-01
1.000000000000000000e+00 1.000000000000000000e+00 3.537205234151857836e-01 6.462794765848142164e-01
0.000000000000000000e+00 0.000000000000000000e+00 5.950970704895475194e-01 4.049029295104525361e-01
1.000000000000000000e+00 1.000000000000000000e+00 4.491933303050288373e-01 5.508066696949711627e-01
0.000000000000000000e+00 1.000000000000000000e+00 4.783790006024415398e-01 5.216209993975584602e-01
0.000000000000000000e+00 1.000000000000000000e+00 3.349714365991732778e-01 6.650285634008267222e-01
0.000000000000000000e+00 0.000000000000000000e+00 6.924481906326359626e-01 3.075518093673640374e-01
0.000000000000000000e+00 1.000000000000000000e+00 3.193415439752353979e-01 6.806584560247646021e-01
0.000000000000000000e+00 1.000000000000000000e+00 4.101687838943902653e-01 5.898312161056097347e-01
0.000000000000000000e+00 0.000000000000000000e+00 5.957067010939529617e-01 4.042932989060470383e-01
0.000000000000000000e+00 1.000000000000000000e+00 3.318106166198220297e-01 6.681893833801779703e-01
1.000000000000000000e+00 1.000000000000000000e+00 3.664336103834122671e-01 6.335663896165877329e-01
1.000000000000000000e+00 0.000000000000000000e+00 5.183373306189553720e-01 4.816626693810446280e-01
0.000000000000000000e+00 1.000000000000000000e+00 2.834435112305667692e-01 7.165564887694332308e-01
1.000000000000000000e+00 1.000000000000000000e+00 4.450895010944229124e-01 5.549104989055770876e-01
1.000000000000000000e+00 1.000000000000000000e+00 3.161164981006580055e-01 6.838835018993419945e-01
1.000000000000000000e+00 1.000000000000000000e+00 4.046687291831954081e-01 5.953312708168045919e-01
1.000000000000000000e+00 1.000000000000000000e+00 3.512790265471995577e-01 6.487209734528004423e-01
1.000000000000000000e+00 0.000000000000000000e+00 5.130011946689954083e-01 4.869988053310045917e-01
0.000000000000000000e+00 1.000000000000000000e+00 4.568541501493070811e-01 5.431458498506929189e-01
0.000000000000000000e+00 1.000000000000000000e+00 3.000207890982737879e-01 6.999792109017262121e-01
0.000000000000000000e+00 1.000000000000000000e+00 4.725189957576000355e-01 5.274810042423999645e-01
1.000000000000000000e+00 0.000000000000000000e+00 5.091653577430726996e-01 4.908346422569273004e-01
1.000000000000000000e+00 1.000000000000000000e+00 3.465297151335969827e-01 6.534702848664030173e-01
1.000000000000000000e+00 1.000000000000000000e+00 4.978971445511893856e-01 5.021028554488106144e-01
1.000000000000000000e+00 1.000000000000000000e+00 3.447940641099738190e-01 6.552059358900261810e-01
0.000000000000000000e+00 0.000000000000000000e+00 6.403696405624679233e-01 3.596303594375320212e-01
1.000000000000000000e+00 0.000000000000000000e+00 5.339206457537623018e-01 4.660793542462376982e-01
1.000000000000000000e+00 1.000000000000000000e+00 4.947648452046964351e-01 5.052351547953035649e-01
1.000000000000000000e+00 1.000000000000000000e+00 4.834063438990754413e-01 5.165936561009245587e-01
1.000000000000000000e+00 1.000000000000000000e+00 3.274283902627523890e-01 6.725716097372476110e-01
1.000000000000000000e+00 1.000000000000000000e+00 3.005410446828978843e-01 6.994589553171021157e-01
1.000000000000000000e+00 1.000000000000000000e+00 2.766795295326776039e-01 7.233204704673223961e-01
1.000000000000000000e+00 1.000000000000000000e+00 3.348314370442975196e-01 6.651685629557024804e-01
1.000000000000000000e+00 1.000000000000000000e+00 3.750504239231143844e-01 6.249495760768856156e-01
1.000000000000000000e+00 1.000000000000000000e+00 3.845709293190802125e-01 6.154290706809197875e-01
1.000000000000000000e+00 1.000000000000000000e+00 3.931550826740889404e-01 6.068449173259110596e-01
1.000000000000000000e+00 1.000000000000000000e+00 3.177368833597357112e-01 6.822631166402642888e-01
1.000000000000000000e+00 1.000000000000000000e+00 4.212654334737677697e-01 5.787345665262322303e-01
0.000000000000000000e+00 1.000000000000000000e+00 3.248939970443150971e-01 6.751060029556849029e-01
