1.000000000000000000e+00 0.000000000000000000e+00 5.653086150915616059e-01 4.346913849084383941e-01
0.000000000000000000e+00 1.000000000000000000e+00 3.950564465925896496e-01 6.049435534074102394e-01
1.000000000000000000e+00 1.000000000000000000e+00 4.913994723268973464e-01 5.086005276731024871e-01
1.000000000000000000e+00 0.000000000000000000e+00 5.267808954023796009e-01 4.732191045976205102e-01
1.000000000000000000e+00 0.000000000000000000e+00 5.755385233743803841e-01 4.244614766256197824e-01
0.000000000000000000e+00 0.000000000000000000e+00 5.097554062256213214e-01 4.902445937743787896e-01
1.000000000000000000e+00 1.000000000000000000e+00 4.273713450171288675e-01 5.726286549828710770e-01
1.000000000000000000e+00 0.000000000000000000e+00 5.521956175951689971e-01 4.478043824048309474e-01
1.000000000000000000e+00 0.000000000000000000e+00 6.544161018420893150e-01 3.455838981579106295e-01
1.000000000000000000e+00 1.000000000000000000e+00 4.619847968622441958e-01 5.380152031377559707e-01
1.000000000000000000e+00 0.000000000000000000e+00 5.744291241886216870e-01 4.255708758113782575e-01
1.000000000000000000e+00 1.000000000000000000e+00 3.435726891297644081e-01 6.564273108702358694e-01
1.000000000000000000e+00 0.000000000000000000e+00 5.775319859746080864e-01 4.224680140253919136e-01
0.000000000000000000e+00 1.000000000000000000e+00 3.847590919844139368e-01 6.152409080155859522e-01
0.000000000000000000e+00 0.000000000000000000e+00 5.380589101090625936e-01 4.619410898909374064e-01
1.000000000000000000e+00 1.000000000000000000e+00 3.581560114539988349e-01 6.418439885460012206e-01
1.000000000000000000e+00 1.000000000000000000e+00 4.677516107362439390e-01 5.322483892637559499e-01
0.000000000000000000e+00 1.000000000000000000e+00 4.487603025198349527e-01 5.512396974801649918e-01
0.000000000000000000e+00 0.000000000000000000e+00 5.347223258856597106e-01 4.652776741143402339e-01
0.000000000000000000e+00 0.000000000000000000e+00 5.722698662007353887e-01 4.277301337992645558e-01
1.000000000000000000e+00 1.000000000000000000e+00 4.711149968153472423e-01 5.288850031846527022e-01
0.000000000000000000e+00 1.000000000000000000e+00 3.311997396191945220e-01 6.688002603808055335e-01
0.000000000000000000e+00 1.000000000000000000e+00 4.410739794289877391e-01 5.589260205710124829e-01
1.000000000000000000e+00 1.000000000000000000e+00 4.905281824872103069e-01 5.094718175127896931e-01
0.000000000000000000e+00 0.000000000000000000e+00 5.590718000104224483e-01 4.409281999895776072e-01
1.000000000000000000e+00 1.000000000000000000e+00 3.526711940976259840e-01 6.473288059023741825e-01
1.000000000000000000e+00 0.000000000000000000e+00 5.629501868749547944e-01 4.370498131250452056e-01
1.000000000000000000e+00 1.000000000000000000e+00 2.456683339132648969e-01 7.543316660867350754e-01
0.000000000000000000e+00 0.000000000000000000e+00 5.637510436662003244e-01 4.362489563337996756e-01
1.000000000000000000e+00 1.000000000000000000e+00 4.882936920614648346e-01 5.117063079385352209e-01
1.000000000000000000e+00 0.000000000000000000e+00 5.979991256949662715e-01 4.020008743050337285e-01
1.000000000000000000e+00 1.000000000000000000e+00 4.711016105782850905e-01 5.288983894217149651e-01
1.000000000000000000e+00 1.000000000000000000e+00 4.846022082436544087e-01 5.153977917563458133e-01
1.000000000000000000e+00 1.000000000000000000e+00 3.840336694665854034e-01 6.159663305334145411e-01
0.000000000000000000e+00 1.000000000000000000e+00 4.115526489998070914e-01 5.884473510001929641e-01
1.000000000000000000e+00 0.000000000000000000e+00 5.290736449974252631e-01 4.709263550025747369e-01
0.000000000000000000e+00 1.000000000000000000e+00 4.490018319532226299e-01 5.509981680467774812e-01
0.000000000000000000e+00 1.000000000000000000e+00 4.791589292663505084e-01 5.208410707336494916e-01
1.000000000000000000e+00 0.000000000000000000e+00 5.575821043943341992e-01 4.424178956056658563e-01
0.000000000000000000e+00 1.000000000000000000e+00 3.293955723565942795e-01 6.706044276434057760e-01
1.000000000000000000e+00 1.000000000000000000e+00 4.074838151737897318e-01 5.925161848262100461e-01
1.000000000000000000e+00 1.000000000000000000e+00 5.000000000000000000e-01 5.000000000000000000e-01
1.000000000000000000e+00 0.000000000000000000e+00 5.399471515962332990e-01 4.600528484037667010e-01
0.000000000000000000e+00 0.000000000000000000e+00 5.375790025260024363e-01 4.624209974739977302e-01
1.000000000000000000e+00 1.000000000000000000e+00 4.740818437141616770e-01 5.259181562858384895e-01
1.000000000000000000e+00 0.000000000000000000e+00 5.389815290990499497e-01 4.610184709009502724e-01
1.000000000000000000e+00 0.000000000000000000e+00 5.148518585157633165e-01 4.851481414842365725e-01
0.000000000000000000e+00 1.000000000000000000e+00 2.422746627365993388e-01 7.577253372634004114e-01
1.000000000000000000e+00 1.000000000000000000e+00 4.691731944079874372e-01 5.308268055920124517e-01
0.000000000000000000e+00 1.000000000000000000e+00 4.635874336430142462e-01 5.364125663569858649e-01
0.000000000000000000e+00 0.000000000000000000e+00 5.000000000000000000e-01 5.000000000000000000e-01
1.000000000000000000e+00 1.000000000000000000e+00 3.517221075270860475e-01 6.482778924729138970e-01
0.000000000000000000e+00 0.000000000000000000e+00 5.891289275681543813e-01 4.108710724318454521e-01
0.000000000000000000e+00 0.000000000000000000e+00 5.997518577094138603e-01 4.002481422905861952e-01
1.000000000000000000e+00 1.000000000000000000e+00 4.704882662059701182e-01 5.295117337940299373e-01
0.000000000000000000e+00 0.000000000000000000e+00 5.879064194264368437e-01 4.120935805735631008e-01
1.000000000000000000e+00 0.000000000000000000e+00 5.229429942057768343e-01 4.770570057942231101e-01
1.000000000000000000e+00 0.000000000000000000e+00 6.005034890984917162e-01 3.994965109015083393e-01
1.000000000000000000e+00 1.000000000000000000e+00 4.640311203778390570e-01 5.359688796221607765e-01
1.000000000000000000e+00 0.000000000000000000e+00 5.482319185965910391e-01 4.517680814034089054e-01
0.000000000000000000e+00 1.000000000000000000e+00 3.728895393798915547e-01 6.271104606201084453e-01
1.000000000000000000e+00 0.000000000000000000e+00 6.449609389285062555e-01 3.550390610714936890e-01
1.000000000000000000e+00 0.000000000000000000e+00 5.000000000000000000e-01 5.000000000000000000e-01
1.000000000000000000e+00 1.000000000000000000e+00 3.985488900864940232e-01 6.014511099135059213e-01
1.000000000000000000e+00 0.000000000000000000e+00 5.450470456911672423e-01 4.549529543088327577e-01
0.000000000000000000e+00 0.000000000000000000e+00 5.627164294967281766e-01 4.372835705032719344e-01
0.000000000000000000e+00 1.000000000000000000e+00 4.414538538141794533e-01 5.585461461858205467e-01
0.000000000000000000e+00 1.000000000000000000e+00 3.569392307578506118e-01 6.430607692421494992e-01
1.000000000000000000e+00 0.000000000000000000e+00 5.496354923456887587e-01 4.503645076543111303e-01
1.000000000000000000e+00 1.000000000000000000e+00 4.943912684452761441e-01 5.056087315547237448e-01
1.000000000000000000e+00 0.000000000000000000e+00 5.425904660473581664e-01 4.574095339526418891e-01
1.000000000000000000e+00 0.000000000000000000e+00 5.385511323402215611e-01 4.614488676597784944e-01
1.000000000000000000e+00 0.000000000000000000e+00 6.149388470371089932e-01 3.850611529628908403e-01
1.000000000000000000e+00 0.000000000000000000e+00 6.282726607344777392e-01 3.717273392655222608e-01
1.000000000000000000e+00 0.000000000000000000e+00 5.900122640367134741e-01 4.099877359632865259e-01
1.000000000000000000e+00 1.000000000000000000e+00 4.020191791443812335e-01 5.979808208556187665e-01
0.000000000000000000e+00 0.000000000000000000e+00 5.332537112916587718e-01 4.667462887083412282e-01
0.000000000000000000e+00 0.000000000000000000e+00 5.347511177195322096e-01 4.652488822804677349e-01
1.000000000000000000e+00 1.000000000000000000e+00 4.454524533919722029e-01 5.545475466080278526e-01
1.000000000000000000e+00 1.000000000000000000e+00 3.550716010582987137e-01 6.449283989417013974e-01
1.000000000000000000e+00 1.000000000000000000e+00 4.858014878397763359e-01 5.141985121602236086e-01
1.000000000000000000e+00 0.000000000000000000e+00 5.209720289406974958e-01 4.790279710593026152e-01
1.000000000000000000e+00 1.000000000000000000e+00 3.354553357625013610e-01 6.645446642374986945e-01
1.000000000000000000e+00 1.000000000000000000e+00 2.624721576797918177e-01 7.375278423202082934e-01
1.000000000000000000e+00 1.000000000000000000e+00 4.444985864276296827e-01 5.555014135723701507e-01
1.000000000000000000e+00 0.000000000000000000e+00 5.262675422346473342e-01 4.737324577653526658e-01
1.000000000000000000e+00 1.000000000000000000e+00 4.022009011404714673e-01 5.977990988595285327e-01
1.000000000000000000e+00 1.000000000000000000e+00 3.458827468019421980e-01 6.541172531980576910e-01
1.000000000000000000e+00 0.000000000000000000e+00 5.294748645447587831e-01 4.705251354552411613e-01
1.000000000000000000e+00 0.000000000000000000e+00 5.087879868245075432e-01 4.912120131754922903e-01
1.000000000000000000e+00 0.000000000000000000e+00 5.470775628992236017e-01 4.529224371007761207e-01
1.000000000000000000e+00 1.000000000000000000e+00 4.673155332652647043e-01 5.326844667347352402e-01
1.000000000000000000e+00 1.000000000000000000e+00 4.514746325908732816e-01 5.485253674091268294e-01
0.000000000000000000e+00 1.000000000000000000e+00 3.459667020071127141e-01 6.540332979928873414e-01
1.000000000000000000e+00 0.000000000000000000e+00 6.201221474319149607e-01 3.798778525680850393e-01
0.000000000000000000e+00 1.000000000000000000e+00 3.656730752334862999e-01 6.343269247665137556e-01
1.000000000000000000e+00 0.000000000000000000e+00 6.196355409543388149e-01 3.803644590456612407e-01
1.000000000000000000e+00 1.000000000000000000e+00 3.230330839066442583e-01 6.769669160933556862e-01
1.000000000000000000e+00 1.000000000000000000e+00 4.434410799218627131e-01 5.565589200781373425e-01
1.000000000000000000e+00 1.000000000000000000e+00 4.608306498102721083e-01 5.391693501897280028e-01
0.000000000000000000e+00 1.000000000000000000e+00 3.746920656163741925e-01 6.253079343836257520e-01
0.000000000000000000e+00 0.000000000000000000e+00 5.093945547152878284e-01 4.906054452847121716e-01
0.000000000000000000e+00 1.000000000000000000e+00 4.248086228226279903e-01 5.751913771773718986e-01
1.000000000000000000e+00 1.000000000000000000e+00 4.270359321595980640e-01 5.729640678404017695e-01
1.000000000000000000e+00 0.000000000000000000e+00 5.917446656469166344e-01 4.082553343530833101e-01
1.000000000000000000e+00 1.000000000000000000e+00 3.832911976762119477e-01 6.167088023237879968e-01
0.000000000000000000e+00 1.000000000000000000e+00 3.866446129391974407e-01 6.133553870608025038e-01
0.000000000000000000e+00 1.000000000000000000e+00 2.274565865405843990e-01 7.725434134594157953e-01
0.000000000000000000e+00 1.000000000000000000e+00 3.893947279009973284e-01 6.106052720990027272e-01
1.000000000000000000e+00 1.000000000000000000e+00 4.346497437056672797e-01 5.653502562943327758e-01
1.000000000000000000e+00 1.000000000000000000e+00 3.163675276200166864e-01 6.836324723799833691e-01
1.000000000000000000e+00 0.000000000000000000e+00 6.064927100539169169e-01 3.935072899460831941e-01
1.000000000000000000e+00 1.000000000000000000e+00 3.720567300954653045e-01 6.279432699045346400e-01
1.000000000000000000e+00 1.000000000000000000e+00 4.416613121314397761e-01 5.583386878685603349e-01
1.000000000000000000e+00 0.000000000000000000e+00 5.189055478536843680e-01 4.810944521463157431e-01
1.000000000000000000e+00 1.000000000000000000e+00 3.946070273061909051e-01 6.053929726938090949e-01
1.000000000000000000e+00 1.000000000000000000e+00 3.037453474195402903e-01 6.962546525804597097e-01
1.000000000000000000e+00 0.000000000000000000e+00 6.455139033314645225e-01 3.544860966685354775e-01
1.000000000000000000e+00 1.000000000000000000e+00 3.571653024359536244e-01 6.428346975640462091e-01
0.000000000000000000e+00 1.000000000000000000e+00 4.865938289834114694e-01 5.134061710165886971e-01
0.000000000000000000e+00 0.000000000000000000e+00 5.523551576745954206e-01 4.476448423254047460e-01
1.000000000000000000e+00 1.000000000000000000e+00 3.001813269421810260e-01 6.998186730578187520e-01
0.000000000000000000e+00 1.000000000000000000e+00 3.042733021212776223e-01 6.957266978787223222e-01
1.000000000000000000e+00 1.000000000000000000e+00 3.396089704318037139e-01 6.603910295681961751e-01
1.000000000000000000e+00 1.000000000000000000e+00 4.879523558549180851e-01 5.120476441450819705e-01
1.000000000000000000e+00 0.000000000000000000e+00 5.245342807760626780e-01 4.754657192239373220e-01
1.000000000000000000e+00 0.000000000000000000e+00 5.348463853436166149e-01 4.651536146563832186e-01
1.000000000000000000e+00 1.000000000000000000e+00 4.170271589701094461e-01 5.829728410298906649e-01
0.000000000000000000e+00 1.000000000000000000e+00 2.524097029282774685e-01 7.475902970717226426e-01
0.000000000000000000e+00 0.000000000000000000e+00 5.000000000000000000e-01 5.000000000000000000e-01
0.000000000000000000e+00 1.000000000000000000e+00 4.730456680825466109e-01 5.269543319174532225e-01
1.000000000000000000e+00 0.000000000000000000e+00 6.602507196694727964e-01 3.397492803305272036e-01
0.000000000000000000e+00 0.000000000000000000e+00 5.522575978903078164e-01 4.477424021096921281e-01
1.000000000000000000e+00 0.000000000000000000e+00 6.526874473751411720e-01 3.473125526248589390e-01
1.000000000000000000e+00 1.000000000000000000e+00 3.533533312591133901e-01 6.466466687408869429e-01
1.000000000000000000e+00 1.000000000000000000e+00 4.690835621312577919e-01 5.309164378687424302e-01
1.000000000000000000e+00 1.000000000000000000e+00 4.360985464517872501e-01 5.639014535482128609e-01
1.000000000000000000e+00 0.000000000000000000e+00 5.000000000000000000e-01 5.000000000000000000e-01
1.000000000000000000e+00 0.000000000000000000e+00 5.934774806118514601e-01 4.065225193881485399e-01
1.000000000000000000e+00 0.000000000000000000e+00 5.162886799924031322e-01 4.837113200075969233e-01
0.000000000000000000e+00 1.000000000000000000e+00 3.446532912191071496e-01 6.553467087808928504e-01
0.000000000000000000e+00 1.000000000000000000e+00 3.170951856073115915e-01 6.829048143926885750e-01
1.000000000000000000e+00 1.000000000000000000e+00 2.766223073118949660e-01 7.233776926881050340e-01
1.000000000000000000e+00 0.000000000000000000e+00 5.927576353644371521e-01 4.072423646355629034e-01
0.000000000000000000e+00 0.000000000000000000e+00 6.559572560443596156e-01 3.440427439556403844e-01
1.000000000000000000e+00 1.000000000000000000e+00 3.269296711103683584e-01 6.730703288896315861e-01
1.000000000000000000e+00 0.000000000000000000e+00 5.838750400175608535e-01 4.161249599824392575e-01
1.000000000000000000e+00 0.000000000000000000e+00 5.544046277495108255e-01 4.455953722504892300e-01
1.000000000000000000e+00 0.000000000000000000e+00 6.847241957005317792e-01 3.152758042994680543e-01
0.000000000000000000e+00 0.000000000000000000e+00 5.588883213222752833e-01 4.411116786777246612e-01
0.000000000000000000e+00 1.000000000000000000e+00 3.917600952527826030e-01 6.082399047472173415e-01
1.000000000000000000e+00 0.000000000000000000e+00 6.622493492021762629e-01 3.377506507978238481e-01
1.000000000000000000e+00 0.000000000000000000e+00 5.678548600205678420e-01 4.321451399794322135e-01
1.000000000000000000e+00 1.000000000000000000e+00 4.650919086013943771e-01 5.349080913986057340e-01
0.000000000000000000e+00 0.000000000000000000e+00 5.114597024727749464e-01 4.885402975272251647e-01
1.000000000000000000e+00 1.000000000000000000e+00 3.955128586663888002e-01 6.044871413336111443e-01
1.000000000000000000e+00 0.000000000000000000e+00 5.723490753633492245e-01 4.276509246366506090e-01
0.000000000000000000e+00 0.000000000000000000e+00 5.104236702761969502e-01 4.895763297238029943e-01
1.000000000000000000e+00 0.000000000000000000e+00 5.718742612475700149e-01 4.281257387524299851e-01
1.000000000000000000e+00 1.000000000000000000e+00 4.483241250863282956e-01 5.516758749136715378e-01
1.000000000000000000e+00 1.000000000000000000e+00 2.146489070315728831e-01 7.853510929684273112e-01
1.000000000000000000e+00 1.000000000000000000e+00 4.131867901852971925e-01 5.868132098147027520e-01
0.000000000000000000e+00 1.000000000000000000e+00 2.571816020917394585e-01 7.428183979082607635e-01
1.000000000000000000e+00 1.000000000000000000e+00 3.709348251135591301e-01 6.290651748864409809e-01
0.000000000000000000e+00 0.000000000000000000e+00 5.000000000000000000e-01 5.000000000000000000e-01
0.000000000000000000e+00 0.000000000000000000e+00 5.085000755504042180e-01 4.914999244495959485e-01
0.000000000000000000e+00 0.000000000000000000e+00 8.009516959460484253e-01 1.990483040539514636e-01
1.000000000000000000e+00 1.000000000000000000e+00 2.710128202641464701e-01 7.289871797358534744e-01
1.000000000000000000e+00 0.000000000000000000e+00 6.287626792071885351e-01 3.712373207928114649e-01
0.000000000000000000e+00 1.000000000000000000e+00 4.695674437787363820e-01 5.304325562212635070e-01
0.000000000000000000e+00 0.000000000000000000e+00 5.082492130757307880e-01 4.917507869242692675e-01
1.000000000000000000e+00 0.000000000000000000e+00 5.364862486712771439e-01 4.635137513287228006e-01
1.000000000000000000e+00 1.000000000000000000e+00 4.359298549180797844e-01 5.640701450819202156e-01
1.000000000000000000e+00 0.000000000000000000e+00 6.006223525993352741e-01 3.993776474006648924e-01
1.000000000000000000e+00 1.000000000000000000e+00 3.336710176246126536e-01 6.663289823753872909e-01
0.000000000000000000e+00 0.000000000000000000e+00 5.582596906700952877e-01 4.417403093299048789e-01
1.000000000000000000e+00 1.000000000000000000e+00 3.521153163662261165e-01 6.478846836337739390e-01
1.000000000000000000e+00 0.000000000000000000e+00 7.437627984071550902e-01 2.562372015928448543e-01
1.000000000000000000e+00 1.000000000000000000e+00 3.914850138492401155e-01 6.085149861507597180e-01
1.000000000000000000e+00 0.000000000000000000e+00 5.344391963457774120e-01 4.655608036542224215e-01
1.000000000000000000e+00 0.000000000000000000e+00 5.462349766523586503e-01 4.537650233476414607e-01
1.000000000000000000e+00 1.000000000000000000e+00 4.471555205136814037e-01 5.528444794863185408e-01
1.000000000000000000e+00 1.000000000000000000e+00 3.756270781675971060e-01 6.243729218324028940e-01
1.000000000000000000e+00 0.000000000000000000e+00 5.145314951570770790e-01 4.854685048429228655e-01
1.000000000000000000e+00 1.000000000000000000e+00 3.432027007739393287e-01 6.567972992260605603e-01
0.000000000000000000e+00 1.000000000000000000e+00 4.538694072063878537e-01 5.461305927936122018e-01
1.000000000000000000e+00 0.000000000000000000e+00 5.000000000000000000e-01 5.000000000000000000e-01
0.000000000000000000e+00 0.000000000000000000e+00 5.956110384253022749e-01 4.043889615746976141e-01
0.000000000000000000e+00 1.000000000000000000e+00 2.708905923503004964e-01 7.291094076496994481e-01
0.000000000000000000e+00 0.000000000000000000e+00 7.291339474634126461e-01 2.708660525365872429e-01
0.000000000000000000e+00 1.000000000000000000e+00 4.728589207824805962e-01 5.271410792175194038e-01
0.000000000000000000e+00 1.000000000000000000e+00 2.945559852465872153e-01 7.054440147534126737e-01
0.000000000000000000e+00 0.000000000000000000e+00 5.137893971714232455e-01 4.862106028285766990e-01
1.000000000000000000e+00 1.000000000000000000e+00 2.561963536336984149e-01 7.438036463663015851e-01
1.000000000000000000e+00 0.000000000000000000e+00 5.487370029806426519e-01 4.512629970193572926e-01
0.000000000000000000e+00 1.000000000000000000e+00 3.781911983227227436e-01 6.218088016772771454e-01
1.000000000000000000e+00 0.000000000000000000e+00 6.161418631263300139e-01 3.838581368736700417e-01
0.000000000000000000e+00 0.000000000000000000e+00 5.201088205761164041e-01 4.798911794238834849e-01
0.000000000000000000e+00 1.000000000000000000e+00 3.719193257604076486e-01 6.280806742395923514e-01
0.000000000000000000e+00 0.000000000000000000e+00 5.408168741441272687e-01 4.591831258558726203e-01
1.000000000000000000e+00 1.000000000000000000e+00 4.930430613370690995e-01 5.069569386629309005e-01
1.000000000000000000e+00 1.000000000000000000e+00 4.331949916061844652e-01 5.668050083938155348e-01
0.000000000000000000e+00 1.000000000000000000e+00 4.354605862693401996e-01 5.645394137306597449e-01
1.000000000000000000e+00 1.000000000000000000e+00 4.275408673133607729e-01 5.724591326866392826e-01
1.000000000000000000e+00 0.000000000000000000e+00 5.706123867604828703e-01 4.293876132395171297e-01
0.000000000000000000e+00 0.000000000000000000e+00 5.159645798297661790e-01 4.840354201702337100e-01
1.000000000000000000e+00 1.000000000000000000e+00 4.777783083260876973e-01 5.222216916739120807e-01
0.000000000000000000e+00 0.000000000000000000e+00 5.066901192042482238e-01 4.933098807957518317e-01
0.000000000000000000e+00 1.000000000000000000e+00 3.852958538006249767e-01 6.147041461993750788e-01
0.000000000000000000e+00 1.000000000000000000e+00 4.119915317484156292e-01 5.880084682515843708e-01
1.000000000000000000e+00 1.000000000000000000e+00 3.238699035461613529e-01 6.761300964538387026e-01
0.000000000000000000e+00 1.000000000000000000e+00 4.262506513715978440e-01 5.737493486284019895e-01
1.000000000000000000e+00 1.000000000000000000e+00 4.306616009198311334e-01 5.693383990801689221e-01
1.000000000000000000e+00 1.000000000000000000e+00 4.831132208264952710e-01 5.168867791735045625e-01
0.000000000000000000e+00 0.000000000000000000e+00 5.387860633667255206e-01 4.612139366332747015e-01
1.000000000000000000e+00 1.000000000000000000e+00 3.918781733773498699e-01 6.081218266226501301e-01
1.000000000000000000e+00 1.000000000000000000e+00 4.265315242901738801e-01 5.734684757098261754e-01
1.000000000000000000e+00 1.000000000000000000e+00 3.792239960449600988e-01 6.207760039550397346e-01
1.000000000000000000e+00 1.000000000000000000e+00 4.059109033530663990e-01 5.940890966469336565e-01
0.000000000000000000e+00 1.000000000000000000e+00 4.603861565456832117e-01 5.396138434543167328e-01
1.000000000000000000e+00 1.000000000000000000e+00 3.928206503938734273e-01 6.071793496061266282e-01
0.000000000000000000e+00 1.000000000000000000e+00 4.620580190386416319e-01 5.379419809613584791e-01
1.000000000000000000e+00 0.000000000000000000e+00 5.221193057770594503e-01 4.778806942229406052e-01
1.000000000000000000e+00 1.000000000000000000e+00 4.144292017416088547e-01 5.855707982583910898e-01
1.000000000000000000e+00 1.000000000000000000e+00 4.423669838085698691e-01 5.576330161914301309e-01
0.000000000000000000e+00 1.000000000000000000e+00 3.420697701039838723e-01 6.579302298960160167e-01
1.000000000000000000e+00 0.000000000000000000e+00 5.284347503313677752e-01 4.715652496686320583e-01
0.000000000000000000e+00 1.000000000000000000e+00 3.792305268935912133e-01 6.207694731064088423e-01
1.000000000000000000e+00 0.000000000000000000e+00 5.000000000000000000e-01 5.000000000000000000e-01
1.000000000000000000e+00 0.000000000000000000e+00 5.000000000000000000e-01 5.000000000000000000e-01
1.000000000000000000e+00 0.000000000000000000e+00 5.397805637032178083e-01 4.602194362967823027e-01
1.000000000000000000e+00 0.000000000000000000e+00 5.119631180311521312e-01 4.880368819688477577e-01
1.000000000000000000e+00 0.000000000000000000e+00 5.792938986635931542e-01 4.207061013364069568e-01
1.000000000000000000e+00 0.000000000000000000e+00 5.793505934109982602e-01 4.206494065890017398e-01
0.000000000000000000e+00 1.000000000000000000e+00 4.280204784435858723e-01 5.719795215564140722e-01
1.000000000000000000e+00 1.000000000000000000e+00 4.348829441490587588e-01 5.651170558509411856e-01
1.000000000000000000e+00 1.000000000000000000e+00 4.869537001870878901e-01 5.130462998129122765e-01
0.000000000000000000e+00 1.000000000000000000e+00 4.708931125634301940e-01 5.291068874365696395e-01
1.000000000000000000e+00 0.000000000000000000e+00 6.077576286356103363e-01 3.922423713643896637e-01
1.000000000000000000e+00 1.000000000000000000e+00 3.995668198193920717e-01 6.004331801806078728e-01
0.000000000000000000e+00 0.000000000000000000e+00 5.230191972867820338e-01 4.769808027132177997e-01
1.000000000000000000e+00 0.000000000000000000e+00 5.000000000000000000e-01 5.000000000000000000e-01
1.000000000000000000e+00 1.000000000000000000e+00 4.895216544178948581e-01 5.104783455821051419e-01
1.000000000000000000e+00 1.000000000000000000e+00 4.775594733940675685e-01 5.224405266059322095e-01
1.000000000000000000e+00 0.000000000000000000e+00 5.595177118607723710e-01 4.404822881392276845e-01
1.000000000000000000e+00 0.000000000000000000e+00 5.921167803360698478e-01 4.078832196639301522e-01
0.000000000000000000e+00 1.000000000000000000e+00 4.630166217291297182e-01 5.369833782708702818e-01
1.000000000000000000e+00 1.000000000000000000e+00 4.604890777064261642e-01 5.395109222935736693e-01
0.000000000000000000e+00 1.000000000000000000e+00 4.874746936178566692e-01 5.125253063821434418e-01
1.000000000000000000e+00 1.000000000000000000e+00 4.791394663720819347e-01 5.208605336279180653e-01
1.000000000000000000e+00 0.000000000000000000e+00 5.072075415287914391e-01 4.927924584712083944e-01
1.000000000000000000e+00 0.000000000000000000e+00 5.000000000000000000e-01 5.000000000000000000e-01
0.000000000000000000e+00 0.000000000000000000e+00 5.724121180141439336e-01 4.275878819858561219e-01
1.000000000000000000e+00 1.000000000000000000e+00 4.801520960598377741e-01 5.198479039401621149e-01
0.000000000000000000e+00 0.000000000000000000e+00 6.525499498954749900e-01 3.474500501045250656e-01
1.000000000000000000e+00 0.000000000000000000e+00 5.000000000000000000e-01 5.000000000000000000e-01
1.000000000000000000e+00 0.000000000000000000e+00 5.000000000000000000e-01 5.000000000000000000e-01
1.000000000000000000e+00 1.000000000000000000e+00 4.728652736632458775e-01 5.271347263367540670e-01
1.000000000000000000e+00 0.000000000000000000e+00 5.619140812333439650e-01 4.380859187666559795e-01
1.000000000000000000e+00 1.000000000000000000e+00 4.610578054133950832e-01 5.389421945866048613e-01
1.000000000000000000e+00 0.000000000000000000e+00 5.955568810573793614e-01 4.044431189426206941e-01
1.000000000000000000e+00 0.000000000000000000e+00 5.000000000000000000e-01 5.000000000000000000e-01
1.000000000000000000e+00 0.000000000000000000e+00 6.348686633281215297e-01 3.651313366718785258e-01
0.000000000000000000e+00 0.000000000000000000e+00 5.113446820799407710e-01 4.886553179200593400e-01
1.000000000000000000e+00 1.000000000000000000e+00 4.013723847636028186e-01 5.986276152363971814e-01
0.000000000000000000e+00 1.000000000000000000e+00 4.239561242831119126e-01 5.760438757168880874e-01
0.000000000000000000e+00 0.000000000000000000e+00 6.506573364407977067e-01 3.493426635592022933e-01
1.000000000000000000e+00 1.000000000000000000e+00 4.237951740495522479e-01 5.762048259504477521e-01
0.000000000000000000e+00 0.000000000000000000e+00 6.071823576052830518e-01 3.928176423947170037e-01
1.000000000000000000e+00 0.000000000000000000e+00 6.193528738897804420e-01 3.806471261102197801e-01
1.000000000000000000e+00 1.000000000000000000e+00 4.467171113786913561e-01 5.532828886213085884e-01
0.000000000000000000e+00 1.000000000000000000e+00 4.834771507538715984e-01 5.165228492461284571e-01
0.000000000000000000e+00 0.000000000000000000e+00 5.769992910794647933e-01 4.230007089205352622e-01
1.000000000000000000e+00 1.000000000000000000e+00 4.712877170887286860e-01 5.287122829112711475e-01
1.000000000000000000e+00 0.000000000000000000e+00 6.050333002457137788e-01 3.949666997542862767e-01
0.000000000000000000e+00 1.000000000000000000e+00 4.947357977425597131e-01 5.052642022574402869e-01
1.000000000000000000e+00 0.000000000000000000e+00 5.000000000000000000e-01 5.000000000000000000e-01
1.000000000000000000e+00 0.000000000000000000e+00 5.081332269174064775e-01 4.918667730825933004e-01
1.000000000000000000e+00 0.000000000000000000e+00 5.816996298983354574e-01 4.183003701016644871e-01
0.000000000000000000e+00 0.000000000000000000e+00 5.357020702059882566e-01 4.642979297940117989e-01
1.000000000000000000e+00 1.000000000000000000e+00 4.716240946884278085e-01 5.283759053115720805e-01
0.000000000000000000e+00 1.000000000000000000e+00 4.652864263247765697e-01 5.347135736752234303e-01
1.000000000000000000e+00 1.000000000000000000e+00 4.166037522756335654e-01 5.833962477243662681e-01
1.000000000000000000e+00 0.000000000000000000e+00 5.547608824563201591e-01 4.452391175436797854e-01
1.000000000000000000e+00 0.000000000000000000e+00 5.543428109044002960e-01 4.456571890955997040e-01
0.000000000000000000e+00 0.000000000000000000e+00 5.342574990818665936e-01 4.657425009181331843e-01
1.000000000000000000e+00 1.000000000000000000e+00 3.597073990410107891e-01 6.402926009589892109e-01
1.000000000000000000e+00 0.000000000000000000e+00 5.404486291366643602e-01 4.595513708633357508e-01
1.000000000000000000e+00 0.000000000000000000e+00 5.518907627664171311e-01 4.481092372335827578e-01
0.000000000000000000e+00 1.000000000000000000e+00 4.931482854752987088e-01 5.068517145247012357e-01
1.000000000000000000e+00 0.000000000000000000e+00 5.111271309428706555e-01 4.888728690571291779e-01
1.000000000000000000e+00 1.000000000000000000e+00 4.242020993929762618e-01 5.757979006070237382e-01
1.000000000000000000e+00 1.000000000000000000e+00 4.815051152300802717e-01 5.184948847699197838e-01
0.000000000000000000e+00 0.000000000000000000e+00 5.560900670180606298e-01 4.439099329819394257e-01
0.000000000000000000e+00 0.000000000000000000e+00 5.997829348288263862e-01 4.002170651711736138e-01
1.000000000000000000e+00 1.000000000000000000e+00 4.096813688543897158e-01 5.903186311456103397e-01
0.000000000000000000e+00 1.000000000000000000e+00 3.875913675301146943e-01 6.124086324698854167e-01
1.000000000000000000e+00 1.000000000000000000e+00 4.616832440080682609e-01 5.383167559919316281e-01
1.000000000000000000e+00 0.000000000000000000e+00 5.119983761860845695e-01 4.880016238139153750e-01
1.000000000000000000e+00 1.000000000000000000e+00 4.344510751967570750e-01 5.655489248032429250e-01
