1.000000000000000000e+00 0.000000000000000000e+00 5.000000000000000000e-01 5.000000000000000000e-01
1.000000000000000000e+00 0.000000000000000000e+00 6.527966932029367619e-01 3.472033067970632936e-01
0.000000000000000000e+00 0.000000000000000000e+00 5.860636484402202973e-01 4.139363515597797583e-01
1.000000000000000000e+00 0.000000000000000000e+00 5.734838002988491557e-01 4.265161997011508443e-01
0.000000000000000000e+00 0.000000000000000000e+00 5.000000000000000000e-01 5.000000000000000000e-01
1.000000000000000000e+00 1.000000000000000000e+00 4.588609727550657102e-01 5.411390272449341232e-01
1.000000000000000000e+00 1.000000000000000000e+00 3.531630129024617704e-01 6.468369870975381186e-01
1.000000000000000000e+00 1.000000000000000000e+00 4.196518579019242190e-01 5.803481420980756145e-01
0.000000000000000000e+00 1.000000000000000000e+00 4.146804348490131797e-01 5.853195651509869313e-01
0.000000000000000000e+00 1.000000000000000000e+00 2.989221646291759238e-01 7.010778353708240207e-01
1.000000000000000000e+00 1.000000000000000000e+00 3.039311184816146372e-01 6.960688815183855294e-01
1.000000000000000000e+00 0.000000000000000000e+00 5.592791509217464041e-01 4.407208490782536514e-01
0.000000000000000000e+00 1.000000000000000000e+00 4.257844607122496794e-01 5.742155392877502651e-01
1.000000000000000000e+00 1.000000000000000000e+00 4.475158789955665517e-01 5.524841210044334483e-01
0.000000000000000000e+00 1.000000000000000000e+00 3.541942073465991214e-01 6.458057926534007676e-01
1.000000000000000000e+00 0.000000000000000000e+00 5.000000000000000000e-01 5.000000000000000000e-01
0.000000000000000000e+00 1.000000000000000000e+00 4.589880353628165710e-01 5.410119646371832625e-01
1.000000000000000000e+00 1.000000000000000000e+00 3.751890731751683639e-01 6.248109268248316361e-01
1.000000000000000000e+00 0.000000000000000000e+00 5.000000000000000000e-01 5.000000000000000000e-01
1.000000000000000000e+00 1.000000000000000000e+00 4.787408111996772075e-01 5.212591888003227369e-01
1.000000000000000000e+00 1.000000000000000000e+00 4.474518964263955456e-01 5.525481035736043989e-01
1.000000000000000000e+00 1.000000000000000000e+00 4.494896706308207368e-01 5.505103293691793187e-01
1.000000000000000000e+00 0.000000000000000000e+00 4.918644615638642636e-01 5.081355384361356808e-01
1.000000000000000000e+00 1.000000000000000000e+00 3.206763439779496405e-01 6.793236560220503595e-01
1.000000000000000000e+00 1.000000000000000000e+00 4.809962587313080795e-01 5.190037412686917540e-01
1.000000000000000000e+00 1.000000000000000000e+00 4.431464742077533270e-01 5.568535257922464510e-01
1.000000000000000000e+00 0.000000000000000000e+00 6.487995878800932870e-01 3.512004121199066575e-01
1.000000000000000000e+00 1.000000000000000000e+00 4.168753733455613508e-01 5.831246266544388712e-01
1.000000000000000000e+00 0.000000000000000000e+00 5.122952747264453155e-01 4.877047252735546845e-01
1.000000000000000000e+00 1.000000000000000000e+00 4.320678501420667228e-01 5.679321498579333882e-01
1.000000000000000000e+00 0.000000000000000000e+00 6.160371385958834933e-01 3.839628614041166177e-01
1.000000000000000000e+00 0.000000000000000000e+00 5.203644310545249008e-01 4.796355689454750992e-01
1.000000000000000000e+00 0.000000000000000000e+00 6.087597736451327846e-01 3.912402263548671599e-01
0.000000000000000000e+00 0.000000000000000000e+00 5.447311836097348259e-01 4.552688163902651741e-01
1.000000000000000000e+00 0.000000000000000000e+00 4.863112492953776123e-01 5.136887507046222767e-01
1.000000000000000000e+00 1.000000000000000000e+00 2.525673632818569159e-01 7.474326367181429731e-01
0.000000000000000000e+00 0.000000000000000000e+00 5.840354929850872789e-01 4.159645070149128321e-01
1.000000000000000000e+00 1.000000000000000000e+00 4.024285269589941705e-01 5.975714730410058850e-01
0.000000000000000000e+00 0.000000000000000000e+00 5.095728332086492118e-01 4.904271667913509547e-01
0.000000000000000000e+00 0.000000000000000000e+00 5.082125802874085663e-01 4.917874197125915448e-01
1.000000000000000000e+00 1.000000000000000000e+00 3.918192151471375784e-01 6.081807848528623106e-01
0.000000000000000000e+00 1.000000000000000000e+00 4.631337537503158464e-01 5.368662462496841536e-01
1.000000000000000000e+00 1.000000000000000000e+00 3.846136443419481132e-01 6.153863556580518868e-01
1.000000000000000000e+00 1.000000000000000000e+00 4.227716125849200202e-01 5.772283874150799798e-01
1.000000000000000000e+00 1.000000000000000000e+00 2.839796991979409158e-01 7.160203008020592508e-01
0.000000000000000000e+00 0.000000000000000000e+00 4.888239340556039814e-01 5.111760659443959076e-01
1.000000000000000000e+00 1.000000000000000000e+00 4.775482953243052053e-01 5.224517046756947947e-01
0.000000000000000000e+00 0.000000000000000000e+00 5.439797149955514222e-01 4.560202850044485778e-01
0.000000000000000000e+00 1.000000000000000000e+00 4.812596204321631932e-01 5.187403795678366958e-01
1.000000000000000000e+00 0.000000000000000000e+00 5.502415354712650863e-01 4.497584645287351357e-01
0.000000000000000000e+00 0.000000000000000000e+00 5.758201134045078939e-01 4.241798865954919950e-01
0.000000000000000000e+00 0.000000000000000000e+00 5.309163232013850431e-01 4.690836767986149569e-01
1.000000000000000000e+00 0.000000000000000000e+00 7.140821624266125989e-01 2.859178375733872901e-01
1.000000000000000000e+00 1.000000000000000000e+00 3.900737014389913937e-01 6.099262985610085508e-01
1.000000000000000000e+00 0.000000000000000000e+00 5.396187069663496150e-01 4.603812930336503850e-01
1.000000000000000000e+00 0.000000000000000000e+00 5.000000000000000000e-01 5.000000000000000000e-01
1.000000000000000000e+00 1.000000000000000000e+00 4.298614248213321609e-01 5.701385751786679501e-01
1.000000000000000000e+00 0.000000000000000000e+00 5.132010497108875358e-01 4.867989502891125753e-01
1.000000000000000000e+00 1.000000000000000000e+00 2.425374263566321964e-01 7.574625736433678869e-01
1.000000000000000000e+00 0.000000000000000000e+00 5.166767030449246345e-01 4.833232969550752545e-01
0.000000000000000000e+00 0.000000000000000000e+00 6.605918273618205383e-01 3.394081726381796282e-01
0.000000000000000000e+00 0.000000000000000000e+00 6.123626617966352326e-01 3.876373382033647674e-01
0.000000000000000000e+00 1.000000000000000000e+00 3.530026194891530134e-01 6.469973805108469866e-01
0.000000000000000000e+00 1.000000000000000000e+00 3.977257133401029821e-01 6.022742866598970179e-01
0.000000000000000000e+00 0.000000000000000000e+00 6.368987301959255776e-01 3.631012698040743669e-01
1.000000000000000000e+00 1.000000000000000000e+00 3.893118414930881177e-01 6.106881585069118268e-01
0.000000000000000000e+00 1.000000000000000000e+00 4.583159336198309175e-01 5.416840663801690825e-01
0.000000000000000000e+00 0.000000000000000000e+00 5.000000000000000000e-01 5.000000000000000000e-01
1.000000000000000000e+00 1.000000000000000000e+00 3.785826601832384397e-01 6.214173398167615048e-01
1.000000000000000000e+00 0.000000000000000000e+00 5.454191642069944335e-01 4.545808357930056220e-01
0.000000000000000000e+00 1.000000000000000000e+00 4.155414071262169551e-01 5.844585928737831004e-01
1.000000000000000000e+00 0.000000000000000000e+00 6.305573050591419815e-01 3.694426949408581295e-01
0.000000000000000000e+00 1.000000000000000000e+00 4.306085025210910633e-01 5.693914974789090477e-01
0.000000000000000000e+00 0.000000000000000000e+00 6.019085732311444392e-01 3.980914267688555608e-01
1.000000000000000000e+00 0.000000000000000000e+00 5.198519420991428719e-01 4.801480579008571281e-01
0.000000000000000000e+00 0.000000000000000000e+00 5.078221921968701924e-01 4.921778078031296411e-01
1.000000000000000000e+00 1.000000000000000000e+00 4.563845851885361959e-01 5.436154148114639151e-01
1.000000000000000000e+00 1.000000000000000000e+00 3.107919283079214612e-01 6.892080716920784278e-01
1.000000000000000000e+00 0.000000000000000000e+00 5.225144122758104137e-01 4.774855877241896973e-01
1.000000000000000000e+00 1.000000000000000000e+00 4.725746108547362323e-01 5.274253891452638232e-01
1.000000000000000000e+00 1.000000000000000000e+00 4.135748617944475791e-01 5.864251382055524209e-01
1.000000000000000000e+00 0.000000000000000000e+00 4.877056891519761517e-01 5.122943108480237928e-01
0.000000000000000000e+00 1.000000000000000000e+00 4.707985562475044961e-01 5.292014437524955595e-01
1.000000000000000000e+00 0.000000000000000000e+00 6.002944464331219088e-01 3.997055535668782023e-01
1.000000000000000000e+00 1.000000000000000000e+00 3.570012589529306113e-01 6.429987410470694442e-01
0.000000000000000000e+00 1.000000000000000000e+00 4.546469565697184856e-01 5.453530434302815699e-01
0.000000000000000000e+00 0.000000000000000000e+00 4.844139985548367999e-01 5.155860014451633111e-01
1.000000000000000000e+00 1.000000000000000000e+00 3.523011920413658404e-01 6.476988079586339930e-01
1.000000000000000000e+00 1.000000000000000000e+00 4.163033098307125646e-01 5.836966901692874909e-01
1.000000000000000000e+00 0.000000000000000000e+00 5.158651466742035785e-01 4.841348533257964215e-01
1.000000000000000000e+00 0.000000000000000000e+00 6.521768239726575267e-01 3.478231760273424733e-01
1.000000000000000000e+00 1.000000000000000000e+00 4.803134503769332930e-01 5.196865496230667070e-01
0.000000000000000000e+00 1.000000000000000000e+00 4.103118307065165560e-01 5.896881692934834440e-01
1.000000000000000000e+00 1.000000000000000000e+00 4.694745868715386461e-01 5.305254131284612429e-01
1.000000000000000000e+00 0.000000000000000000e+00 4.906915562815244436e-01 5.093084437184753899e-01
1.000000000000000000e+00 1.000000000000000000e+00 3.776872235306254488e-01 6.223127764693745512e-01
1.000000000000000000e+00 0.000000000000000000e+00 5.478330553799501956e-01 4.521669446200500264e-01
1.000000000000000000e+00 1.000000000000000000e+00 4.678563385014213871e-01 5.321436614985786129e-01
1.000000000000000000e+00 1.000000000000000000e+00 3.556792098320596951e-01 6.443207901679403049e-01
0.000000000000000000e+00 1.000000000000000000e+00 3.691011427005628232e-01 6.308988572994370658e-01
1.000000000000000000e+00 1.000000000000000000e+00 3.295431457352966387e-01 6.704568542647033613e-01
0.000000000000000000e+00 1.000000000000000000e+00 3.734899328596654744e-01 6.265100671403346366e-01
1.000000000000000000e+00 1.000000000000000000e+00 4.321211244463250001e-01 5.678788755536748889e-01
1.000000000000000000e+00 1.000000000000000000e+00 3.616721273188999164e-01 6.383278726811001391e-01
0.000000000000000000e+00 0.000000000000000000e+00 5.114346269094358632e-01 4.885653730905640257e-01
1.000000000000000000e+00 1.000000000000000000e+00 3.901758300297974991e-01 6.098241699702026120e-01
1.000000000000000000e+00 1.000000000000000000e+00 3.520908602393824083e-01 6.479091397606175917e-01
0.000000000000000000e+00 1.000000000000000000e+00 2.717845796669000058e-01 7.282154203330998277e-01
1.000000000000000000e+00 0.000000000000000000e+00 5.635388527977778228e-01 4.364611472022222327e-01
0.000000000000000000e+00 0.000000000000000000e+00 6.157161314264606444e-01 3.842838685735394111e-01
1.000000000000000000e+00 0.000000000000000000e+00 6.481864633453655600e-01 3.518135366546345510e-01
1.000000000000000000e+00 1.000000000000000000e+00 4.679879464708639469e-01 5.320120535291361641e-01
0.000000000000000000e+00 1.000000000000000000e+00 3.316717700138488434e-01 6.683282299861512676e-01
1.000000000000000000e+00 0.000000000000000000e+00 4.919704551737019704e-01 5.080295448262981406e-01
0.000000000000000000e+00 0.000000000000000000e+00 5.539178224968240860e-01 4.460821775031759140e-01
1.000000000000000000e+00 1.000000000000000000e+00 3.539729628116891624e-01 6.460270371883108931e-01
1.000000000000000000e+00 0.000000000000000000e+00 5.567461696399365056e-01 4.432538303600633833e-01
1.000000000000000000e+00 1.000000000000000000e+00 4.517021378577051882e-01 5.482978621422948118e-01
1.000000000000000000e+00 0.000000000000000000e+00 4.949750427860887259e-01 5.050249572139112741e-01
0.000000000000000000e+00 1.000000000000000000e+00 4.334046287389338170e-01 5.665953712610662940e-01
1.000000000000000000e+00 0.000000000000000000e+00 5.000000000000000000e-01 5.000000000000000000e-01
1.000000000000000000e+00 1.000000000000000000e+00 4.475925288753103692e-01 5.524074711246895752e-01
1.000000000000000000e+00 1.000000000000000000e+00 4.552662890177069377e-01 5.447337109822930623e-01
1.000000000000000000e+00 1.000000000000000000e+00 3.054348837295264851e-01 6.945651162704735704e-01
1.000000000000000000e+00 0.000000000000000000e+00 5.863399439886832765e-01 4.136600560113167790e-01
0.000000000000000000e+00 1.000000000000000000e+00 4.366473296548545324e-01 5.633526703451455786e-01
1.000000000000000000e+00 1.000000000000000000e+00 4.410439682702906317e-01 5.589560317297093128e-01
1.000000000000000000e+00 1.000000000000000000e+00 3.539752881167501641e-01 6.460247118832498359e-01
1.000000000000000000e+00 1.000000000000000000e+00 4.309440866834962636e-01 5.690559133165036254e-01
1.000000000000000000e+00 0.000000000000000000e+00 5.141502236776496204e-01 4.858497763223505461e-01
1.000000000000000000e+00 1.000000000000000000e+00 3.249030483190959995e-01 6.750969516809041115e-01
0.000000000000000000e+00 1.000000000000000000e+00 4.744964523021751313e-01 5.255035476978245912e-01
1.000000000000000000e+00 1.000000000000000000e+00 3.344280080233162922e-01 6.655719919766838188e-01
0.000000000000000000e+00 0.000000000000000000e+00 7.455354682688688506e-01 2.544645317311312605e-01
1.000000000000000000e+00 0.000000000000000000e+00 5.433636335662413996e-01 4.566363664337588224e-01
1.000000000000000000e+00 0.000000000000000000e+00 4.878590602431538970e-01 5.121409397568461586e-01
1.000000000000000000e+00 1.000000000000000000e+00 3.254196715296432951e-01 6.745803284703567604e-01
1.000000000000000000e+00 1.000000000000000000e+00 3.499079138723666937e-01 6.500920861276332507e-01
1.000000000000000000e+00 0.000000000000000000e+00 5.175483491982071360e-01 4.824516508017929195e-01
0.000000000000000000e+00 1.000000000000000000e+00 1.757605125898738241e-01 8.242394874101259816e-01
1.000000000000000000e+00 1.000000000000000000e+00 4.797424671321989798e-01 5.202575328678008537e-01
1.000000000000000000e+00 1.000000000000000000e+00 3.609586493756656855e-01 6.390413506243342034e-01
0.000000000000000000e+00 0.000000000000000000e+00 4.937818717617081798e-01 5.062181282382919312e-01
1.000000000000000000e+00 1.000000000000000000e+00 3.794604384405398934e-01 6.205395615594601066e-01
0.000000000000000000e+00 0.000000000000000000e+00 5.000000000000000000e-01 5.000000000000000000e-01
1.000000000000000000e+00 1.000000000000000000e+00 3.398213781542515632e-01 6.601786218457486033e-01
1.000000000000000000e+00 1.000000000000000000e+00 4.322124759452269926e-01 5.677875240547731739e-01
1.000000000000000000e+00 0.000000000000000000e+00 6.469716169663041194e-01 3.530283830336959361e-01
1.000000000000000000e+00 1.000000000000000000e+00 4.149964179750086912e-01 5.850035820249911422e-01
1.000000000000000000e+00 0.000000000000000000e+00 5.140397136280612234e-01 4.859602863719388877e-01
0.000000000000000000e+00 1.000000000000000000e+00 4.703963409304803278e-01 5.296036590695198942e-01
1.000000000000000000e+00 0.000000000000000000e+00 6.967487548365585148e-01 3.032512451634413186e-01
1.000000000000000000e+00 1.000000000000000000e+00 4.317709013968068499e-01 5.682290986031931501e-01
0.000000000000000000e+00 0.000000000000000000e+00 5.643019828464260756e-01 4.356980171535737578e-01
0.000000000000000000e+00 0.000000000000000000e+00 5.599208944149506317e-01 4.400791055850493683e-01
1.000000000000000000e+00 1.000000000000000000e+00 3.859586426401502846e-01 6.140413573598496599e-01
0.000000000000000000e+00 1.000000000000000000e+00 2.213768555157728246e-01 7.786231444842272031e-01
1.000000000000000000e+00 0.000000000000000000e+00 5.664391134909541048e-01 4.335608865090457842e-01
0.000000000000000000e+00 1.000000000000000000e+00 2.291452246615932054e-01 7.708547753384068502e-01
0.000000000000000000e+00 0.000000000000000000e+00 5.235212385576522021e-01 4.764787614423475759e-01
1.000000000000000000e+00 0.000000000000000000e+00 5.409429785541199909e-01 4.590570214458799536e-01
1.000000000000000000e+00 1.000000000000000000e+00 4.040999415379079029e-01 5.959000584620921526e-01
1.000000000000000000e+00 1.000000000000000000e+00 3.510068412327911891e-01 6.489931587672087554e-01
0.000000000000000000e+00 1.000000000000000000e+00 3.600520323173167503e-01 6.399479676826832497e-01
0.000000000000000000e+00 1.000000000000000000e+00 4.491445803871332298e-01 5.508554196128666591e-01
0.000000000000000000e+00 0.000000000000000000e+00 6.002559942316456620e-01 3.997440057683542824e-01
1.000000000000000000e+00 0.000000000000000000e+00 6.218289081603124435e-01 3.781710918396874455e-01
1.000000000000000000e+00 1.000000000000000000e+00 3.320745442056905472e-01 6.679254557943097304e-01
0.000000000000000000e+00 0.000000000000000000e+00 5.556924357618658883e-01 4.443075642381342782e-01
1.000000000000000000e+00 0.000000000000000000e+00 5.825440312411361843e-01 4.174559687588637047e-01
1.000000000000000000e+00 0.000000000000000000e+00 5.420393815132024118e-01 4.579606184867976992e-01
1.000000000000000000e+00 0.000000000000000000e+00 6.544056551526123977e-01 3.455943448473877133e-01
1.000000000000000000e+00 0.000000000000000000e+00 6.093650640608648805e-01 3.906349359391351195e-01
0.000000000000000000e+00 1.000000000000000000e+00 4.809611952954279679e-01 5.190388047045721986e-01
1.000000000000000000e+00 0.000000000000000000e+00 5.116570240612008380e-01 4.883429759387989955e-01
0.000000000000000000e+00 1.000000000000000000e+00 4.663100561540906575e-01 5.336899438459093981e-01
1.000000000000000000e+00 1.000000000000000000e+00 3.182753724354845937e-01 6.817246275645153508e-01
1.000000000000000000e+00 1.000000000000000000e+00 4.598976663696450196e-01 5.401023336303552025e-01
1.000000000000000000e+00 0.000000000000000000e+00 5.817869422319232875e-01 4.182130577680765460e-01
1.000000000000000000e+00 1.000000000000000000e+00 3.969042402686916438e-01 6.030957597313085783e-01
0.000000000000000000e+00 0.000000000000000000e+00 5.673882333098416719e-01 4.326117666901584391e-01
1.000000000000000000e+00 1.000000000000000000e+00 3.885183819578379438e-01 6.114816180421620562e-01
1.000000000000000000e+00 0.000000000000000000e+00 6.235874777358084708e-01 3.764125222641914736e-01
0.000000000000000000e+00 1.000000000000000000e+00 2.613642974955623366e-01 7.386357025044378855e-01
0.000000000000000000e+00 0.000000000000000000e+00 5.545148384674488673e-01 4.454851615325510217e-01
1.000000000000000000e+00 0.000000000000000000e+00 7.006013048626347217e-01 2.993986951373655558e-01
1.000000000000000000e+00 0.000000000000000000e+00 5.000000000000000000e-01 5.000000000000000000e-01
1.000000000000000000e+00 0.000000000000000000e+00 5.644371764580625728e-01 4.355628235419373717e-01
0.000000000000000000e+00 1.000000000000000000e+00 4.546045295730739566e-01 5.453954704269260434e-01
0.000000000000000000e+00 1.000000000000000000e+00 4.480609721063524842e-01 5.519390278936474603e-01
0.000000000000000000e+00 1.000000000000000000e+00 3.821833367013710014e-01 6.178166632986289430e-01
1.000000000000000000e+00 1.000000000000000000e+00 3.452558668136220810e-01 6.547441331863780301e-01
1.000000000000000000e+00 0.000000000000000000e+00 5.328743947357269528e-01 4.671256052642729917e-01
1.000000000000000000e+00 1.000000000000000000e+00 3.649462370266642330e-01 6.350537629733357115e-01
0.000000000000000000e+00 1.000000000000000000e+00 3.581568487389580335e-01 6.418431512610419665e-01
1.000000000000000000e+00 0.000000000000000000e+00 5.989068128058632201e-01 4.010931871941368909e-01
1.000000000000000000e+00 0.000000000000000000e+00 5.488126133109743066e-01 4.511873866890257490e-01
1.000000000000000000e+00 1.000000000000000000e+00 3.764785327200664278e-01 6.235214672799336277e-01
0.000000000000000000e+00 0.000000000000000000e+00 4.911895957176528049e-01 5.088104042823471396e-01
0.000000000000000000e+00 1.000000000000000000e+00 4.424868671129498776e-01 5.575131328870499559e-01
1.000000000000000000e+00 1.000000000000000000e+00 4.753344783988516231e-01 5.246655216011485434e-01
1.000000000000000000e+00 1.000000000000000000e+00 4.381431023236237454e-01 5.618568976763762546e-01
0.000000000000000000e+00 1.000000000000000000e+00 5.000000000000000000e-01 5.000000000000000000e-01
1.000000000000000000e+00 0.000000000000000000e+00 5.556421118396004388e-01 4.443578881603996167e-01
1.000000000000000000e+00 1.000000000000000000e+00 3.683759746383445943e-01 6.316240253616554057e-01
1.000000000000000000e+00 1.000000000000000000e+00 4.677956959812856197e-01 5.322043040187144358e-01
0.000000000000000000e+00 1.000000000000000000e+00 4.384772227533504374e-01 5.615227772466495626e-01
1.000000000000000000e+00 1.000000000000000000e+00 4.487391575837036406e-01 5.512608424162963594e-01
0.000000000000000000e+00 0.000000000000000000e+00 5.889683525255569041e-01 4.110316474744429849e-01
0.000000000000000000e+00 1.000000000000000000e+00 4.181354652717286235e-01 5.818645347282713765e-01
1.000000000000000000e+00 1.000000000000000000e+00 2.926208559424176014e-01 7.073791440575826206e-01
1.000000000000000000e+00 0.000000000000000000e+00 5.140283811126686864e-01 4.859716188873313136e-01
0.000000000000000000e+00 0.000000000000000000e+00 5.000000000000000000e-01 5.000000000000000000e-01
0.000000000000000000e+00 0.000000000000000000e+00 5.904572351523881268e-01 4.095427648476118176e-01
0.000000000000000000e+00 0.000000000000000000e+00 5.586893978407884154e-01 4.413106021592118067e-01
1.000000000000000000e+00 1.000000000000000000e+00 4.445062163295317448e-01 5.554937836704680887e-01
1.000000000000000000e+00 1.000000000000000000e+00 3.970893799755433329e-01 6.029106200244567226e-01
1.000000000000000000e+00 1.000000000000000000e+00 5.000000000000000000e-01 5.000000000000000000e-01
1.000000000000000000e+00 0.000000000000000000e+00 5.223757028886362175e-01 4.776242971113637270e-01
1.000000000000000000e+00 1.000000000000000000e+00 4.899662598394961543e-01 5.100337401605038457e-01
0.000000000000000000e+00 0.000000000000000000e+00 5.416029244940414600e-01 4.583970755059584290e-01
1.000000000000000000e+00 0.000000000000000000e+00 5.334143784267751931e-01 4.665856215732246404e-01
1.000000000000000000e+00 1.000000000000000000e+00 4.891326010554830073e-01 5.108673989445169372e-01
1.000000000000000000e+00 1.000000000000000000e+00 4.004372335226888402e-01 5.995627664773113263e-01
0.000000000000000000e+00 1.000000000000000000e+00 3.871515919198793565e-01 6.128484080801206435e-01
0.000000000000000000e+00 1.000000000000000000e+00 4.449029723213855925e-01 5.550970276786145741e-01
1.000000000000000000e+00 0.000000000000000000e+00 5.209316901698372027e-01 4.790683098301626863e-01
1.000000000000000000e+00 0.000000000000000000e+00 6.076552505269960935e-01 3.923447494730040730e-01
0.000000000000000000e+00 0.000000000000000000e+00 5.122930923318577134e-01 4.877069076681423421e-01
1.000000000000000000e+00 1.000000000000000000e+00 4.364443007825810628e-01 5.635556992174191038e-01
0.000000000000000000e+00 1.000000000000000000e+00 4.603232024957542023e-01 5.396767975042460197e-01
1.000000000000000000e+00 0.000000000000000000e+00 5.394243412816058791e-01 4.605756587183940653e-01
0.000000000000000000e+00 1.000000000000000000e+00 5.000000000000000000e-01 5.000000000000000000e-01
1.000000000000000000e+00 0.000000000000000000e+00 5.335708328054719063e-01 4.664291671945282047e-01
0.000000000000000000e+00 1.000000000000000000e+00 4.314638040124870733e-01 5.685361959875128157e-01
1.000000000000000000e+00 0.000000000000000000e+00 5.000000000000000000e-01 5.000000000000000000e-01
1.000000000000000000e+00 1.000000000000000000e+00 4.667728099866359504e-01 5.332271900133639386e-01
1.000000000000000000e+00 0.000000000000000000e+00 5.707568809760915629e-01 4.292431190239082706e-01
1.000000000000000000e+00 1.000000000000000000e+00 4.240668314322025845e-01 5.759331685677976376e-01
1.000000000000000000e+00 0.000000000000000000e+00 5.558783238955237183e-01 4.441216761044763928e-01
0.000000000000000000e+00 1.000000000000000000e+00 4.495479516766420214e-01 5.504520483233578121e-01
1.000000000000000000e+00 1.000000000000000000e+00 3.282538443084071500e-01 6.717461556915927945e-01
1.000000000000000000e+00 1.000000000000000000e+00 4.502977421120427093e-01 5.497022578879573462e-01
0.000000000000000000e+00 1.000000000000000000e+00 5.000000000000000000e-01 5.000000000000000000e-01
0.000000000000000000e+00 0.000000000000000000e+00 5.601355637183708103e-01 4.398644362816293563e-01
1.000000000000000000e+00 0.000000000000000000e+00 5.000000000000000000e-01 5.000000000000000000e-01
1.000000000000000000e+00 0.000000000000000000e+00 5.183120444253779269e-01 4.816879555746219621e-01
1.000000000000000000e+00 0.000000000000000000e+00 5.195200265612092139e-01 4.804799734387907306e-01
1.000000000000000000e+00 0.000000000000000000e+00 6.495882093048785944e-01 3.504117906951215167e-01
1.000000000000000000e+00 1.000000000000000000e+00 4.354348305370386862e-01 5.645651694629613138e-01
1.000000000000000000e+00 0.000000000000000000e+00 5.802152153668016510e-01 4.197847846331983490e-01
1.000000000000000000e+00 1.000000000000000000e+00 4.707786350450021140e-01 5.292213649549978305e-01
1.000000000000000000e+00 1.000000000000000000e+00 4.798879017871466313e-01 5.201120982128534243e-01
1.000000000000000000e+00 0.000000000000000000e+00 5.115367664182653984e-01 4.884632335817344351e-01
0.000000000000000000e+00 1.000000000000000000e+00 4.753952865017367357e-01 5.246047134982633198e-01
1.000000000000000000e+00 0.000000000000000000e+00 5.430960314051359594e-01 4.569039685948640406e-01
1.000000000000000000e+00 0.000000000000000000e+00 5.916649813654186740e-01 4.083350186345813815e-01
1.000000000000000000e+00 0.000000000000000000e+00 5.207019399385104386e-01 4.792980600614894504e-01
0.000000000000000000e+00 1.000000000000000000e+00 4.346877702886439709e-01 5.653122297113558625e-01
1.000000000000000000e+00 0.000000000000000000e+00 5.341930305516899846e-01 4.658069694483101819e-01
1.000000000000000000e+00 0.000000000000000000e+00 5.336095371050826319e-01 4.663904628949172571e-01
1.000000000000000000e+00 0.000000000000000000e+00 5.412697810593838366e-01 4.587302189406161079e-01
0.000000000000000000e+00 0.000000000000000000e+00 5.000000000000000000e-01 5.000000000000000000e-01
1.000000000000000000e+00 1.000000000000000000e+00 4.181581459225008901e-01 5.818418540774991099e-01
1.000000000000000000e+00 0.000000000000000000e+00 5.223874490347515387e-01 4.776125509652485168e-01
0.000000000000000000e+00 1.000000000000000000e+00 4.792423543439647826e-01 5.207576456560353284e-01
1.000000000000000000e+00 0.000000000000000000e+00 5.327747276221775907e-01 4.672252723778224648e-01
0.000000000000000000e+00 0.000000000000000000e+00 5.565206873189423309e-01 4.434793126810577246e-01
1.000000000000000000e+00 1.000000000000000000e+00 4.312675032625902238e-01 5.687324967374097762e-01
1.000000000000000000e+00 1.000000000000000000e+00 4.170701514578085134e-01 5.829298485421914311e-01
0.000000000000000000e+00 0.000000000000000000e+00 5.240141240915350274e-01 4.759858759084649726e-01
1.000000000000000000e+00 0.000000000000000000e+00 5.955214843518371604e-01 4.044785156481628952e-01
1.000000000000000000e+00 0.000000000000000000e+00 6.193668880474118010e-01 3.806331119525882545e-01
1.000000000000000000e+00 1.000000000000000000e+00 4.674292779752123872e-01 5.325707220247873908e-01
1.000000000000000000e+00 0.000000000000000000e+00 5.445721335820357112e-01 4.554278664179643443e-01
1.000000000000000000e+00 1.000000000000000000e+00 4.922668897739509997e-01 5.077331102260490558e-01
1.000000000000000000e+00 0.000000000000000000e+00 5.333441321564718063e-01 4.666558678435282492e-01
0.000000000000000000e+00 1.000000000000000000e+00 4.644220212719994412e-01 5.355779787280006143e-01
0.000000000000000000e+00 1.000000000000000000e+00 4.621927586294387602e-01 5.378072413705613508e-01
1.000000000000000000e+00 0.000000000000000000e+00 6.774769029485054883e-01 3.225230970514944562e-01
1.000000000000000000e+00 1.000000000000000000e+00 5.000000000000000000e-01 5.000000000000000000e-01
0.000000000000000000e+00 0.000000000000000000e+00 5.421533878866801048e-01 4.578466121133200062e-01
1.000000000000000000e+00 1.000000000000000000e+00 4.446638690517930592e-01 5.553361309482068853e-01
0.000000000000000000e+00 0.000000000000000000e+00 5.530567103098448234e-01 4.469432896901551211e-01
0.000000000000000000e+00 0.000000000000000000e+00 5.626410077326052805e-01 4.373589922673946639e-01
1.000000000000000000e+00 0.000000000000000000e+00 5.960501913283059450e-01 4.039498086716938885e-01
1.000000000000000000e+00 0.000000000000000000e+00 5.869898664963918433e-01 4.130101335036081012e-01
1.000000000000000000e+00 0.000000000000000000e+00 5.224833538205954087e-01 4.775166461794045913e-01
0.000000000000000000e+00 1.000000000000000000e+00 4.267066621234501533e-01 5.732933378765499022e-01
0.000000000000000000e+00 1.000000000000000000e+00 3.784154437778720070e-01 6.215845562221278264e-01
1.000000000000000000e+00 0.000000000000000000e+00 6.115149521339503513e-01 3.884850478660495376e-01
1.000000000000000000e+00 0.000000000000000000e+00 5.741454261738336839e-01 4.258545738261661495e-01
1.000000000000000000e+00 1.000000000000000000e+00 4.617183470299901504e-01 5.382816529700097385e-01
1.000000000000000000e+00 1.000000000000000000e+00 3.847775281912426681e-01 6.152224718087574429e-01
0.000000000000000000e+00 0.000000000000000000e+00 5.467748233266185309e-01 4.532251766733814136e-01
0.000000000000000000e+00 0.000000000000000000e+00 5.413709384731798524e-01 4.586290615268201476e-01
1.000000000000000000e+00 1.000000000000000000e+00 4.668135770484962421e-01 5.331864229515038689e-01
1.000000000000000000e+00 0.000000000000000000e+00 6.234329312018912495e-01 3.765670687981088061e-01
1.000000000000000000e+00 0.000000000000000000e+00 6.108695135959678613e-01 3.891304864040321387e-01
0.000000000000000000e+00 0.000000000000000000e+00 5.734797430280552666e-01 4.265202569719448444e-01
