1.000000000000000000e+00 1.000000000000000000e+00 3.950847025539693802e-01 6.049152974460306753e-01
1.000000000000000000e+00 0.000000000000000000e+00 6.068745742563761425e-01 3.931254257436239130e-01
0.000000000000000000e+00 0.000000000000000000e+00 5.106929427569669722e-01 4.893070572430329723e-01
0.000000000000000000e+00 1.000000000000000000e+00 4.379778386997624229e-01 5.620221613002377437e-01
1.000000000000000000e+00 1.000000000000000000e+00 4.568998709505600608e-01 5.431001290494399392e-01
1.000000000000000000e+00 0.000000000000000000e+00 6.149791305205675185e-01 3.850208694794325370e-01
0.000000000000000000e+00 1.000000000000000000e+00 4.523210588800203880e-01 5.476789411199795010e-01
1.000000000000000000e+00 1.000000000000000000e+00 4.370555345415664261e-01 5.629444654584335739e-01
1.000000000000000000e+00 1.000000000000000000e+00 4.282275871280472046e-01 5.717724128719529064e-01
1.000000000000000000e+00 1.000000000000000000e+00 4.911292673399431097e-01 5.088707326600570013e-01
1.000000000000000000e+00 1.000000000000000000e+00 4.460353031258529333e-01 5.539646968741470667e-01
0.000000000000000000e+00 0.000000000000000000e+00 6.087240553408621579e-01 3.912759446591378421e-01
0.000000000000000000e+00 0.000000000000000000e+00 5.285874265624652679e-01 4.714125734375345655e-01
1.000000000000000000e+00 1.000000000000000000e+00 4.817091713015579368e-01 5.182908286984422297e-01
0.000000000000000000e+00 0.000000000000000000e+00 5.503882147608668562e-01 4.496117852391331993e-01
1.000000000000000000e+00 0.000000000000000000e+00 6.976496168063461845e-01 3.023503831936535935e-01
0.000000000000000000e+00 0.000000000000000000e+00 5.813061519616606887e-01 4.186938480383392558e-01
1.000000000000000000e+00 1.000000000000000000e+00 4.842413565455578328e-01 5.157586434544422227e-01
1.000000000000000000e+00 1.000000000000000000e+00 4.560609294645592837e-01 5.439390705354406608e-01
1.000000000000000000e+00 0.000000000000000000e+00 7.280263324834687078e-01 2.719736675165310702e-01
1.000000000000000000e+00 0.000000000000000000e+00 6.170113732867694711e-01 3.829886267132305289e-01
1.000000000000000000e+00 0.000000000000000000e+00 5.000000000000000000e-01 5.000000000000000000e-01
0.000000000000000000e+00 1.000000000000000000e+00 3.874362536913045774e-01 6.125637463086952561e-01
1.000000000000000000e+00 0.000000000000000000e+00 5.482493577871486723e-01 4.517506422128512167e-01
1.000000000000000000e+00 0.000000000000000000e+00 5.000000000000000000e-01 5.000000000000000000e-01
1.000000000000000000e+00 0.000000000000000000e+00 6.475835877265790907e-01 3.524164122734210758e-01
1.000000000000000000e+00 1.000000000000000000e+00 4.350541499510633403e-01 5.649458500489364932e-01
1.000000000000000000e+00 1.000000000000000000e+00 3.791645433601784076e-01 6.208354566398215368e-01
0.000000000000000000e+00 0.000000000000000000e+00 7.231730666301878774e-01 2.768269333698121226e-01
1.000000000000000000e+00 0.000000000000000000e+00 5.816705822525377600e-01 4.183294177474623510e-01
1.000000000000000000e+00 0.000000000000000000e+00 5.467803972876766894e-01 4.532196027123231441e-01
1.000000000000000000e+00 0.000000000000000000e+00 5.000000000000000000e-01 5.000000000000000000e-01
1.000000000000000000e+00 0.000000000000000000e+00 5.953285113591866295e-01 4.046714886408133149e-01
1.000000000000000000e+00 1.000000000000000000e+00 4.326185426702919279e-01 5.673814573297081276e-01
1.000000000000000000e+00 0.000000000000000000e+00 5.245219968698531243e-01 4.754780031301469312e-01
0.000000000000000000e+00 0.000000000000000000e+00 6.976792092559723768e-01 3.023207907440278452e-01
1.000000000000000000e+00 0.000000000000000000e+00 5.347468427477023445e-01 4.652531572522976555e-01
1.000000000000000000e+00 0.000000000000000000e+00 5.790140113860196003e-01 4.209859886139803997e-01
0.000000000000000000e+00 1.000000000000000000e+00 4.683874719575682466e-01 5.316125280424316424e-01
0.000000000000000000e+00 0.000000000000000000e+00 5.441664943596742354e-01 4.558335056403257091e-01
0.000000000000000000e+00 1.000000000000000000e+00 4.285068531243020895e-01 5.714931468756978550e-01
1.000000000000000000e+00 1.000000000000000000e+00 4.205775554313064268e-01 5.794224445686935177e-01
0.000000000000000000e+00 1.000000000000000000e+00 4.001376722461389424e-01 5.998623277538610576e-01
1.000000000000000000e+00 1.000000000000000000e+00 4.661998925026343832e-01 5.338001074973653948e-01
0.000000000000000000e+00 1.000000000000000000e+00 2.781259291932003386e-01 7.218740708067998835e-01
0.000000000000000000e+00 1.000000000000000000e+00 4.103316890921446802e-01 5.896683109078553198e-01
0.000000000000000000e+00 1.000000000000000000e+00 4.394765418537417978e-01 5.605234581462581467e-01
1.000000000000000000e+00 1.000000000000000000e+00 3.668639600199979922e-01 6.331360399800018968e-01
1.000000000000000000e+00 1.000000000000000000e+00 4.500691280005627015e-01 5.499308719994373540e-01
0.000000000000000000e+00 0.000000000000000000e+00 5.523948728014530518e-01 4.476051271985468927e-01
1.000000000000000000e+00 1.000000000000000000e+00 4.262598099433396737e-01 5.737401900566603263e-01
1.000000000000000000e+00 1.000000000000000000e+00 2.884138726761527050e-01 7.115861273238475171e-01
0.000000000000000000e+00 0.000000000000000000e+00 6.238227345166963422e-01 3.761772654833036578e-01
0.000000000000000000e+00 1.000000000000000000e+00 3.612303712970777458e-01 6.387696287029220876e-01
0.000000000000000000e+00 1.000000000000000000e+00 3.506407042441611055e-01 6.493592957558386169e-01
1.000000000000000000e+00 1.000000000000000000e+00 4.037325876322317431e-01 5.962674123677682569e-01
1.000000000000000000e+00 0.000000000000000000e+00 5.820622937558869170e-01 4.179377062441131940e-01
1.000000000000000000e+00 1.000000000000000000e+00 4.298547134101139977e-01 5.701452865898861688e-01
1.000000000000000000e+00 0.000000000000000000e+00 5.192772413773358853e-01 4.807227586226643368e-01
0.000000000000000000e+00 0.000000000000000000e+00 6.378327492884546812e-01 3.621672507115453743e-01
0.000000000000000000e+00 0.000000000000000000e+00 5.000000000000000000e-01 5.000000000000000000e-01
1.000000000000000000e+00 1.000000000000000000e+00 3.135606497151067207e-01 6.864393502848934459e-01
1.000000000000000000e+00 1.000000000000000000e+00 4.713780207109826703e-01 5.286219792890173297e-01
1.000000000000000000e+00 1.000000000000000000e+00 4.225400774508330515e-01 5.774599225491671151e-01
1.000000000000000000e+00 0.000000000000000000e+00 5.967399818406304846e-01 4.032600181593695710e-01
1.000000000000000000e+00 0.000000000000000000e+00 5.470476716036457576e-01 4.529523283963541314e-01
1.000000000000000000e+00 0.000000000000000000e+00 5.196598884773454552e-01 4.803401115226546003e-01
0.000000000000000000e+00 0.000000000000000000e+00 5.535794386601665673e-01 4.464205613398333772e-01
1.000000000000000000e+00 1.000000000000000000e+00 4.317213665642738452e-01 5.682786334357262659e-01
1.000000000000000000e+00 0.000000000000000000e+00 5.418064884795323888e-01 4.581935115204675557e-01
1.000000000000000000e+00 1.000000000000000000e+00 3.615871918678220664e-01 6.384128081321779336e-01
1.000000000000000000e+00 0.000000000000000000e+00 6.234519947447202393e-01 3.765480052552798163e-01
0.000000000000000000e+00 0.000000000000000000e+00 5.782649500787975239e-01 4.217350499212024206e-01
0.000000000000000000e+00 1.000000000000000000e+00 3.636067309431536554e-01 6.363932690568464556e-01
1.000000000000000000e+00 1.000000000000000000e+00 4.608656494683904814e-01 5.391343505316095186e-01
0.000000000000000000e+00 1.000000000000000000e+00 3.491977005934387979e-01 6.508022994065610911e-01
1.000000000000000000e+00 0.000000000000000000e+00 5.220105681368225614e-01 4.779894318631775496e-01
1.000000000000000000e+00 1.000000000000000000e+00 3.041174873770097764e-01 6.958825126229902791e-01
0.000000000000000000e+00 0.000000000000000000e+00 5.774709221784937174e-01 4.225290778215063381e-01
0.000000000000000000e+00 1.000000000000000000e+00 4.704585858361983730e-01 5.295414141638017380e-01
0.000000000000000000e+00 1.000000000000000000e+00 3.041582292146779998e-01 6.958417707853221668e-01
1.000000000000000000e+00 0.000000000000000000e+00 6.813972125680933800e-01 3.186027874319065090e-01
1.000000000000000000e+00 0.000000000000000000e+00 5.135422481651743531e-01 4.864577518348257579e-01
1.000000000000000000e+00 1.000000000000000000e+00 4.058137949522634957e-01 5.941862050477365598e-01
1.000000000000000000e+00 1.000000000000000000e+00 3.838485533031769648e-01 6.161514466968230908e-01
1.000000000000000000e+00 1.000000000000000000e+00 4.798504778922363379e-01 5.201495221077637732e-01
1.000000000000000000e+00 1.000000000000000000e+00 4.441568836434550138e-01 5.558431163565449307e-01
1.000000000000000000e+00 0.000000000000000000e+00 5.396754721138493638e-01 4.603245278861506917e-01
0.000000000000000000e+00 1.000000000000000000e+00 4.279842098072965118e-01 5.720157901927033217e-01
1.000000000000000000e+00 1.000000000000000000e+00 2.890271596689747424e-01 7.109728403310252576e-01
1.000000000000000000e+00 0.000000000000000000e+00 5.000000000000000000e-01 5.000000000000000000e-01
1.000000000000000000e+00 1.000000000000000000e+00 3.683216274092451781e-01 6.316783725907547664e-01
1.000000000000000000e+00 1.000000000000000000e+00 3.844529051476480164e-01 6.155470948523519281e-01
1.000000000000000000e+00 1.000000000000000000e+00 4.147064617443463885e-01 5.852935382556535560e-01
0.000000000000000000e+00 0.000000000000000000e+00 5.877069955415228364e-01 4.122930044584770526e-01
0.000000000000000000e+00 0.000000000000000000e+00 5.099939844149902202e-01 4.900060155850097798e-01
0.000000000000000000e+00 0.000000000000000000e+00 5.328000267299626280e-01 4.671999732700373165e-01
1.000000000000000000e+00 1.000000000000000000e+00 3.678013159753557582e-01 6.321986840246442974e-01
1.000000000000000000e+00 0.000000000000000000e+00 4.922096029820410279e-01 5.077903970179589166e-01
1.000000000000000000e+00 1.000000000000000000e+00 4.378873133331673828e-01 5.621126866668325617e-01
1.000000000000000000e+00 1.000000000000000000e+00 4.577343047187121261e-01 5.422656952812879849e-01
1.000000000000000000e+00 1.000000000000000000e+00 4.220571871674272391e-01 5.779428128325728720e-01
1.000000000000000000e+00 1.000000000000000000e+00 4.529921233640878953e-01 5.470078766359121047e-01
1.000000000000000000e+00 1.000000000000000000e+00 4.787217210759818764e-01 5.212782789240180126e-01
1.000000000000000000e+00 0.000000000000000000e+00 5.242152844632265163e-01 4.757847155367735947e-01
0.000000000000000000e+00 1.000000000000000000e+00 3.750369156955002392e-01 6.249630843044996498e-01
1.000000000000000000e+00 1.000000000000000000e+00 4.793136563080181434e-01 5.206863436919819677e-01
1.000000000000000000e+00 0.000000000000000000e+00 5.165057867359738042e-01 4.834942132640260848e-01
1.000000000000000000e+00 0.000000000000000000e+00 5.000000000000000000e-01 5.000000000000000000e-01
0.000000000000000000e+00 1.000000000000000000e+00 3.541103933171760865e-01 6.458896066828236915e-01
0.000000000000000000e+00 1.000000000000000000e+00 3.975090332119864955e-01 6.024909667880132824e-01
0.000000000000000000e+00 1.000000000000000000e+00 3.732202481523824167e-01 6.267797518476175833e-01
0.000000000000000000e+00 1.000000000000000000e+00 3.452213325426439772e-01 6.547786674573558008e-01
0.000000000000000000e+00 0.000000000000000000e+00 7.631874567499606909e-01 2.368125432500393923e-01
1.000000000000000000e+00 1.000000000000000000e+00 4.413278022236365450e-01 5.586721977763635660e-01
1.000000000000000000e+00 0.000000000000000000e+00 5.791964871530862480e-01 4.208035128469138630e-01
1.000000000000000000e+00 1.000000000000000000e+00 3.995757520684983799e-01 6.004242479315016201e-01
0.000000000000000000e+00 0.000000000000000000e+00 5.261802061954607979e-01 4.738197938045392021e-01
1.000000000000000000e+00 1.000000000000000000e+00 3.399356350563931262e-01 6.600643649436066518e-01
0.000000000000000000e+00 1.000000000000000000e+00 4.399307764015750188e-01 5.600692235984250367e-01
1.000000000000000000e+00 1.000000000000000000e+00 3.785678743757236453e-01 6.214321256242762992e-01
1.000000000000000000e+00 1.000000000000000000e+00 4.004938724092828028e-01 5.995061275907170861e-01
1.000000000000000000e+00 0.000000000000000000e+00 5.000000000000000000e-01 5.000000000000000000e-01
1.000000000000000000e+00 1.000000000000000000e+00 3.820742094350864648e-01 6.179257905649135907e-01
0.000000000000000000e+00 0.000000000000000000e+00 7.931022448758874299e-01 2.068977551241126533e-01
0.000000000000000000e+00 1.000000000000000000e+00 3.809496887825145617e-01 6.190503112174854383e-01
1.000000000000000000e+00 1.000000000000000000e+00 4.256383641733701428e-01 5.743616358266298016e-01
0.000000000000000000e+00 0.000000000000000000e+00 6.324371715740464417e-01 3.675628284259534473e-01
1.000000000000000000e+00 0.000000000000000000e+00 5.768445769564437553e-01 4.231554230435563557e-01
0.000000000000000000e+00 0.000000000000000000e+00 6.395925600293230762e-01 3.604074399706770349e-01
0.000000000000000000e+00 0.000000000000000000e+00 5.406996443152828347e-01 4.593003556847172764e-01
1.000000000000000000e+00 0.000000000000000000e+00 5.336425770908613808e-01 4.663574229091385082e-01
0.000000000000000000e+00 0.000000000000000000e+00 5.739130315627214429e-01 4.260869684372785016e-01
0.000000000000000000e+00 0.000000000000000000e+00 6.158163500770106324e-01 3.841836499229893120e-01
0.000000000000000000e+00 1.000000000000000000e+00 3.231319361785587874e-01 6.768680638214413792e-01
1.000000000000000000e+00 1.000000000000000000e+00 4.508926991436565945e-01 5.491073008563435165e-01
1.000000000000000000e+00 1.000000000000000000e+00 4.609854723852869762e-01 5.390145276147129128e-01
1.000000000000000000e+00 1.000000000000000000e+00 4.517977599064322280e-01 5.482022400935677720e-01
0.000000000000000000e+00 1.000000000000000000e+00 4.009078735688043627e-01 5.990921264311958039e-01
1.000000000000000000e+00 1.000000000000000000e+00 2.905779746526859775e-01 7.094220253473140225e-01
1.000000000000000000e+00 0.000000000000000000e+00 5.423277018674459438e-01 4.576722981325538342e-01
0.000000000000000000e+00 1.000000000000000000e+00 4.832023679934877025e-01 5.167976320065124085e-01
1.000000000000000000e+00 1.000000000000000000e+00 4.184078844709095968e-01 5.815921155290905142e-01
1.000000000000000000e+00 0.000000000000000000e+00 5.376229674751257237e-01 4.623770325248743318e-01
1.000000000000000000e+00 1.000000000000000000e+00 4.405951905109011801e-01 5.594048094890987644e-01
1.000000000000000000e+00 0.000000000000000000e+00 6.147598201149164776e-01 3.852401798850835779e-01
1.000000000000000000e+00 0.000000000000000000e+00 6.873870935006705096e-01 3.126129064993294349e-01
1.000000000000000000e+00 0.000000000000000000e+00 5.782038416579596829e-01 4.217961583420403726e-01
0.000000000000000000e+00 1.000000000000000000e+00 3.757662735343355043e-01 6.242337264656644402e-01
1.000000000000000000e+00 1.000000000000000000e+00 4.595637511206084880e-01 5.404362488793915675e-01
1.000000000000000000e+00 1.000000000000000000e+00 2.854119778305738708e-01 7.145880221694259626e-01
1.000000000000000000e+00 1.000000000000000000e+00 4.044503086375834111e-01 5.955496913624166444e-01
1.000000000000000000e+00 0.000000000000000000e+00 5.440990421420267564e-01 4.559009578579731325e-01
1.000000000000000000e+00 1.000000000000000000e+00 4.493303160933095342e-01 5.506696839066904658e-01
1.000000000000000000e+00 0.000000000000000000e+00 5.279275189050490757e-01 4.720724810949507022e-01
0.000000000000000000e+00 1.000000000000000000e+00 3.996657280058095729e-01 6.003342719941904271e-01
1.000000000000000000e+00 1.000000000000000000e+00 3.975507357109524520e-01 6.024492642890474370e-01
0.000000000000000000e+00 0.000000000000000000e+00 5.101035558115676327e-01 4.898964441884324228e-01
1.000000000000000000e+00 1.000000000000000000e+00 4.540656673139068511e-01 5.459343326860931489e-01
1.000000000000000000e+00 1.000000000000000000e+00 4.544300575974491441e-01 5.455699424025507449e-01
1.000000000000000000e+00 0.000000000000000000e+00 6.507118518966368281e-01 3.492881481033631719e-01
1.000000000000000000e+00 1.000000000000000000e+00 4.597948543938278898e-01 5.402051456061720547e-01
0.000000000000000000e+00 1.000000000000000000e+00 3.106524896695698756e-01 6.893475103304301799e-01
0.000000000000000000e+00 0.000000000000000000e+00 6.652278767677440863e-01 3.347721232322559692e-01
0.000000000000000000e+00 0.000000000000000000e+00 5.330520365533446547e-01 4.669479634466553453e-01
1.000000000000000000e+00 0.000000000000000000e+00 6.100898911081423792e-01 3.899101088918576763e-01
1.000000000000000000e+00 1.000000000000000000e+00 3.714474586909016773e-01 6.285525413090984337e-01
1.000000000000000000e+00 1.000000000000000000e+00 4.753928723118780453e-01 5.246071276881218992e-01
1.000000000000000000e+00 1.000000000000000000e+00 4.331326237832630044e-01 5.668673762167371066e-01
1.000000000000000000e+00 0.000000000000000000e+00 5.281317637981540747e-01 4.718682362018459808e-01
1.000000000000000000e+00 1.000000000000000000e+00 4.269371315793082933e-01 5.730628684206916512e-01
1.000000000000000000e+00 1.000000000000000000e+00 4.741313115696833003e-01 5.258686884303167552e-01
0.000000000000000000e+00 0.000000000000000000e+00 5.870245467718196997e-01 4.129754532281804114e-01
0.000000000000000000e+00 1.000000000000000000e+00 3.577459715049837730e-01 6.422540284950162270e-01
0.000000000000000000e+00 1.000000000000000000e+00 4.875667570545144103e-01 5.124332429454855342e-01
1.000000000000000000e+00 1.000000000000000000e+00 4.641550105518418290e-01 5.358449894481580600e-01
1.000000000000000000e+00 0.000000000000000000e+00 6.128664816833677698e-01 3.871335183166320637e-01
1.000000000000000000e+00 0.000000000000000000e+00 5.211086134841220741e-01 4.788913865158779259e-01
1.000000000000000000e+00 1.000000000000000000e+00 4.129508391045524363e-01 5.870491608954474527e-01
1.000000000000000000e+00 0.000000000000000000e+00 5.779194535064698934e-01 4.220805464935302176e-01
1.000000000000000000e+00 0.000000000000000000e+00 8.074433461555055036e-01 1.925566538444944964e-01
1.000000000000000000e+00 0.000000000000000000e+00 5.493381493967612883e-01 4.506618506032387117e-01
1.000000000000000000e+00 1.000000000000000000e+00 4.530471634768667433e-01 5.469528365231332012e-01
1.000000000000000000e+00 1.000000000000000000e+00 3.959416797626120199e-01 6.040583202373878136e-01
0.000000000000000000e+00 0.000000000000000000e+00 5.323326810664401609e-01 4.676673189335598946e-01
0.000000000000000000e+00 0.000000000000000000e+00 5.326622963058508242e-01 4.673377036941493423e-01
0.000000000000000000e+00 1.000000000000000000e+00 3.694904504417335644e-01 6.305095495582663245e-01
0.000000000000000000e+00 0.000000000000000000e+00 6.008139064395117135e-01 3.991860935604882310e-01
1.000000000000000000e+00 1.000000000000000000e+00 2.697997580357787695e-01 7.302002419642211750e-01
1.000000000000000000e+00 1.000000000000000000e+00 4.533743502189603869e-01 5.466256497810394466e-01
1.000000000000000000e+00 1.000000000000000000e+00 4.662615407639245646e-01 5.337384592360755464e-01
1.000000000000000000e+00 1.000000000000000000e+00 4.256812246801645050e-01 5.743187753198355505e-01
1.000000000000000000e+00 1.000000000000000000e+00 4.048076871611013261e-01 5.951923128388986184e-01
0.000000000000000000e+00 0.000000000000000000e+00 5.133644744375633895e-01 4.866355255624366660e-01
1.000000000000000000e+00 1.000000000000000000e+00 4.299323270442019229e-01 5.700676729557980771e-01
1.000000000000000000e+00 1.000000000000000000e+00 4.587839247741024584e-01 5.412160752258974306e-01
1.000000000000000000e+00 0.000000000000000000e+00 5.074103473001499998e-01 4.925896526998501113e-01
1.000000000000000000e+00 0.000000000000000000e+00 5.762777884502688908e-01 4.237222115497311647e-01
1.000000000000000000e+00 0.000000000000000000e+00 6.123855524539609796e-01 3.876144475460390759e-01
1.000000000000000000e+00 0.000000000000000000e+00 5.375901161286879004e-01 4.624098838713122661e-01
0.000000000000000000e+00 1.000000000000000000e+00 4.571467556262516219e-01 5.428532443737482671e-01
1.000000000000000000e+00 0.000000000000000000e+00 5.344318680258521859e-01 4.655681319741477031e-01
1.000000000000000000e+00 1.000000000000000000e+00 4.591802302187706908e-01 5.408197697812292537e-01
0.000000000000000000e+00 1.000000000000000000e+00 4.334971760673519414e-01 5.665028239326480586e-01
0.000000000000000000e+00 0.000000000000000000e+00 5.508802490991466794e-01 4.491197509008532096e-01
1.000000000000000000e+00 1.000000000000000000e+00 5.000000000000000000e-01 5.000000000000000000e-01
1.000000000000000000e+00 0.000000000000000000e+00 5.696615706147702962e-01 4.303384293852297038e-01
1.000000000000000000e+00 0.000000000000000000e+00 6.721441848169771305e-01 3.278558151830229250e-01
1.000000000000000000e+00 1.000000000000000000e+00 4.890389668358842146e-01 5.109610331641156744e-01
1.000000000000000000e+00 1.000000000000000000e+00 3.115781240028017707e-01 6.884218759971981738e-01
1.000000000000000000e+00 0.000000000000000000e+00 6.965967124675604971e-01 3.034032875324393919e-01
1.000000000000000000e+00 1.000000000000000000e+00 4.109447433093121327e-01 5.890552566906879228e-01
0.000000000000000000e+00 1.000000000000000000e+00 4.578484793512120343e-01 5.421515206487880212e-01
1.000000000000000000e+00 1.000000000000000000e+00 3.399150749543228267e-01 6.600849250456771733e-01
1.000000000000000000e+00 1.000000000000000000e+00 4.575631087724906232e-01 5.424368912275093768e-01
0.000000000000000000e+00 0.000000000000000000e+00 5.624354387838050862e-01 4.375645612161949694e-01
1.000000000000000000e+00 0.000000000000000000e+00 5.154627867901374616e-01 4.845372132098625384e-01
1.000000000000000000e+00 0.000000000000000000e+00 6.633916104027225424e-01 3.366083895972775131e-01
1.000000000000000000e+00 0.000000000000000000e+00 5.601150041618724318e-01 4.398849958381276792e-01
1.000000000000000000e+00 1.000000000000000000e+00 4.312152781113581246e-01 5.687847218886419309e-01
1.000000000000000000e+00 0.000000000000000000e+00 5.816102943192698049e-01 4.183897056807301951e-01
0.000000000000000000e+00 0.000000000000000000e+00 5.477263523907741627e-01 4.522736476092260038e-01
1.000000000000000000e+00 1.000000000000000000e+00 3.663617109965090490e-01 6.336382890034909510e-01
1.000000000000000000e+00 1.000000000000000000e+00 3.453344426111445986e-01 6.546655573888554569e-01
1.000000000000000000e+00 0.000000000000000000e+00 5.315517691924318555e-01 4.684482308075679780e-01
1.000000000000000000e+00 0.000000000000000000e+00 6.570715436195599946e-01 3.429284563804398944e-01
1.000000000000000000e+00 0.000000000000000000e+00 5.087360963578575479e-01 4.912639036421422856e-01
0.000000000000000000e+00 0.000000000000000000e+00 5.751546998281606982e-01 4.248453001718392463e-01
1.000000000000000000e+00 1.000000000000000000e+00 4.718653342221146296e-01 5.281346657778853704e-01
1.000000000000000000e+00 1.000000000000000000e+00 4.259139819240196356e-01 5.740860180759803644e-01
1.000000000000000000e+00 0.000000000000000000e+00 5.874020993712344429e-01 4.125979006287655571e-01
0.000000000000000000e+00 0.000000000000000000e+00 5.880810902126497597e-01 4.119189097873502403e-01
1.000000000000000000e+00 0.000000000000000000e+00 5.096681192655591053e-01 4.903318807344408392e-01
1.000000000000000000e+00 0.000000000000000000e+00 5.426344325125536106e-01 4.573655674874462784e-01
1.000000000000000000e+00 1.000000000000000000e+00 3.874658813845094363e-01 6.125341186154905637e-01
1.000000000000000000e+00 0.000000000000000000e+00 6.408466480911323426e-01 3.591533519088676019e-01
1.000000000000000000e+00 1.000000000000000000e+00 4.680688272578853448e-01 5.319311727421144331e-01
1.000000000000000000e+00 0.000000000000000000e+00 5.853802942786637820e-01 4.146197057213362180e-01
1.000000000000000000e+00 0.000000000000000000e+00 5.521165656229202190e-01 4.478834343770796700e-01
0.000000000000000000e+00 1.000000000000000000e+00 3.871677407659723236e-01 6.128322592340276209e-01
0.000000000000000000e+00 0.000000000000000000e+00 5.520157699502721282e-01 4.479842300497278718e-01
0.000000000000000000e+00 0.000000000000000000e+00 5.261307120373248658e-01 4.738692879626750787e-01
1.000000000000000000e+00 1.000000000000000000e+00 4.843171555772609604e-01 5.156828444227390396e-01
0.000000000000000000e+00 0.000000000000000000e+00 5.671894223136381141e-01 4.328105776863618859e-01
0.000000000000000000e+00 0.000000000000000000e+00 5.417902576863548036e-01 4.582097423136453074e-01
0.000000000000000000e+00 1.000000000000000000e+00 3.766403698092831709e-01 6.233596301907169401e-01
0.000000000000000000e+00 1.000000000000000000e+00 4.307336636609965796e-01 5.692663363390034759e-01
1.000000000000000000e+00 0.000000000000000000e+00 5.427872153307726766e-01 4.572127846692273234e-01
1.000000000000000000e+00 0.000000000000000000e+00 5.206539503168878813e-01 4.793460496831120632e-01
0.000000000000000000e+00 1.000000000000000000e+00 4.033811827619951940e-01 5.966188172380050281e-01
1.000000000000000000e+00 1.000000000000000000e+00 4.652264504811969292e-01 5.347735495188030708e-01
0.000000000000000000e+00 0.000000000000000000e+00 5.255222456538528597e-01 4.744777543461470293e-01
1.000000000000000000e+00 0.000000000000000000e+00 5.191778459366563903e-01 4.808221540633436097e-01
0.000000000000000000e+00 0.000000000000000000e+00 5.425726016459478940e-01 4.574273983540522170e-01
1.000000000000000000e+00 0.000000000000000000e+00 6.018845629249800488e-01 3.981154370750198956e-01
0.000000000000000000e+00 1.000000000000000000e+00 4.562280812907097416e-01 5.437719187092905360e-01
1.000000000000000000e+00 0.000000000000000000e+00 5.340323770476805842e-01 4.659676229523195268e-01
0.000000000000000000e+00 1.000000000000000000e+00 4.159688802840337818e-01 5.840311197159662182e-01
0.000000000000000000e+00 0.000000000000000000e+00 5.536659941713638622e-01 4.463340058286363043e-01
0.000000000000000000e+00 0.000000000000000000e+00 5.864796417721732658e-01 4.135203582278267898e-01
1.000000000000000000e+00 1.000000000000000000e+00 3.327823582856010987e-01 6.672176417143987903e-01
0.000000000000000000e+00 1.000000000000000000e+00 4.866494335807629024e-01 5.133505664192372642e-01
1.000000000000000000e+00 0.000000000000000000e+00 6.898065678722188343e-01 3.101934321277811657e-01
0.000000000000000000e+00 1.000000000000000000e+00 4.265719755548625924e-01 5.734280244451375186e-01
1.000000000000000000e+00 0.000000000000000000e+00 5.754186907813554352e-01 4.245813092186446203e-01
1.000000000000000000e+00 0.000000000000000000e+00 5.000000000000000000e-01 5.000000000000000000e-01
0.000000000000000000e+00 0.000000000000000000e+00 5.961815248247216426e-01 4.038184751752784130e-01
1.000000000000000000e+00 1.000000000000000000e+00 4.373757471802455221e-01 5.626242528197543669e-01
0.000000000000000000e+00 1.000000000000000000e+00 4.413428508399107053e-01 5.586571491600892392e-01
1.000000000000000000e+00 1.000000000000000000e+00 4.080336344679556526e-01 5.919663655320444029e-01
0.000000000000000000e+00 1.000000000000000000e+00 4.324707112173407642e-01 5.675292887826590693e-01
1.000000000000000000e+00 0.000000000000000000e+00 5.723246692412191639e-01 4.276753307587809472e-01
1.000000000000000000e+00 1.000000000000000000e+00 4.616445403527347224e-01 5.383554596472651665e-01
1.000000000000000000e+00 0.000000000000000000e+00 5.157254873915269044e-01 4.842745126084732066e-01
1.000000000000000000e+00 1.000000000000000000e+00 5.000000000000000000e-01 5.000000000000000000e-01
1.000000000000000000e+00 0.000000000000000000e+00 6.817126498229144627e-01 3.182873501770856484e-01
0.000000000000000000e+00 1.000000000000000000e+00 4.494683873060481005e-01 5.505316126939517885e-01
1.000000000000000000e+00 1.000000000000000000e+00 3.771604110418284583e-01 6.228395889581714862e-01
0.000000000000000000e+00 0.000000000000000000e+00 5.465847195448849671e-01 4.534152804551150329e-01
1.000000000000000000e+00 0.000000000000000000e+00 5.130593946865401600e-01 4.869406053134599510e-01
1.000000000000000000e+00 1.000000000000000000e+00 4.498594838926555095e-01 5.501405161073443795e-01
1.000000000000000000e+00 0.000000000000000000e+00 7.183578191164412541e-01 2.816421808835588569e-01
0.000000000000000000e+00 1.000000000000000000e+00 4.415378205509308818e-01 5.584621794490689517e-01
1.000000000000000000e+00 1.000000000000000000e+00 4.088505268627615208e-01 5.911494731372385347e-01
1.000000000000000000e+00 0.000000000000000000e+00 5.823370598424080224e-01 4.176629401575919776e-01
1.000000000000000000e+00 0.000000000000000000e+00 6.551448349676179950e-01 3.448551650323820050e-01
1.000000000000000000e+00 1.000000000000000000e+00 4.846260948976468530e-01 5.153739051023531470e-01
1.000000000000000000e+00 1.000000000000000000e+00 4.914941813423617800e-01 5.085058186576382200e-01
0.000000000000000000e+00 0.000000000000000000e+00 6.052525194223485894e-01 3.947474805776514106e-01
1.000000000000000000e+00 1.000000000000000000e+00 4.349233093457281485e-01 5.650766906542720180e-01
0.000000000000000000e+00 1.000000000000000000e+00 4.131952067241632109e-01 5.868047932758367891e-01
0.000000000000000000e+00 1.000000000000000000e+00 3.667673179563272767e-01 6.332326820436726678e-01
1.000000000000000000e+00 0.000000000000000000e+00 6.060631851508556656e-01 3.939368148491443899e-01
1.000000000000000000e+00 1.000000000000000000e+00 4.483941597352962272e-01 5.516058402647036063e-01
1.000000000000000000e+00 1.000000000000000000e+00 4.695674432229074990e-01 5.304325567770924454e-01
0.000000000000000000e+00 1.000000000000000000e+00 4.139050136696661997e-01 5.860949863303338558e-01
1.000000000000000000e+00 0.000000000000000000e+00 5.609500518521159940e-01 4.390499481478841171e-01
1.000000000000000000e+00 1.000000000000000000e+00 4.127390513964935836e-01 5.872609486035063053e-01
1.000000000000000000e+00 1.000000000000000000e+00 4.948925187120119529e-01 5.051074812879879916e-01
1.000000000000000000e+00 0.000000000000000000e+00 5.922661034089641285e-01 4.077338965910358715e-01
