1.000000000000000000e+00 1.000000000000000000e+00 4.571428571428571286e-01 5.428571428571428159e-01
1.000000000000000000e+00 1.000000000000000000e+00 2.999999999999999889e-01 6.999999999999999556e-01
1.000000000000000000e+00 1.000000000000000000e+00 3.857142857142857317e-01 6.142857142857143238e-01
1.000000000000000000e+00 0.000000000000000000e+00 5.285714285714285809e-01 4.714285714285714191e-01
0.000000000000000000e+00 1.000000000000000000e+00 3.142857142857142794e-01 6.857142857142857206e-01
1.000000000000000000e+00 1.000000000000000000e+00 1.857142857142857206e-01 8.142857142857142794e-01
1.000000000000000000e+00 1.000000000000000000e+00 2.428571428571428548e-01 7.571428571428571175e-01
0.000000000000000000e+00 1.000000000000000000e+00 3.285714285714285698e-01 6.714285714285713746e-01
0.000000000000000000e+00 1.000000000000000000e+00 3.428571428571428603e-01 6.571428571428571397e-01
1.000000000000000000e+00 1.000000000000000000e+00 2.571428571428571175e-01 7.428571428571428825e-01
1.000000000000000000e+00 1.000000000000000000e+00 3.142857142857142794e-01 6.857142857142857206e-01
1.000000000000000000e+00 1.000000000000000000e+00 3.571428571428571508e-01 6.428571428571429047e-01
0.000000000000000000e+00 1.000000000000000000e+00 3.428571428571428603e-01 6.571428571428571397e-01
1.000000000000000000e+00 1.000000000000000000e+00 4.857142857142857095e-01 5.142857142857142350e-01
1.000000000000000000e+00 1.000000000000000000e+00 3.428571428571428603e-01 6.571428571428571397e-01
1.000000000000000000e+00 0.000000000000000000e+00 5.142857142857142350e-01 4.857142857142857095e-01
1.000000000000000000e+00 1.000000000000000000e+00 3.714285714285714413e-01 6.285714285714285587e-01
1.000000000000000000e+00 0.000000000000000000e+00 6.142857142857143238e-01 3.857142857142857317e-01
1.000000000000000000e+00 1.000000000000000000e+00 3.142857142857142794e-01 6.857142857142857206e-01
1.000000000000000000e+00 1.000000000000000000e+00 3.571428571428571508e-01 6.428571428571429047e-01
0.000000000000000000e+00 0.000000000000000000e+00 6.714285714285713746e-01 3.285714285714285698e-01
1.000000000000000000e+00 1.000000000000000000e+00 4.428571428571428381e-01 5.571428571428571619e-01
1.000000000000000000e+00 0.000000000000000000e+00 5.000000000000000000e-01 5.000000000000000000e-01
0.000000000000000000e+00 1.000000000000000000e+00 4.428571428571428381e-01 5.571428571428571619e-01
1.000000000000000000e+00 0.000000000000000000e+00 6.142857142857143238e-01 3.857142857142857317e-01
1.000000000000000000e+00 1.000000000000000000e+00 2.571428571428571175e-01 7.428571428571428825e-01
1.000000000000000000e+00 1.000000000000000000e+00 4.142857142857143127e-01 5.857142857142857428e-01
1.000000000000000000e+00 1.000000000000000000e+00 4.428571428571428381e-01 5.571428571428571619e-01
1.000000000000000000e+00 1.000000000000000000e+00 4.142857142857143127e-01 5.857142857142857428e-01
1.000000000000000000e+00 1.000000000000000000e+00 2.999999999999999889e-01 6.999999999999999556e-01
1.000000000000000000e+00 1.000000000000000000e+00 3.857142857142857317e-01 6.142857142857143238e-01
0.000000000000000000e+00 1.000000000000000000e+00 4.714285714285714191e-01 5.285714285714285809e-01
1.000000000000000000e+00 1.000000000000000000e+00 2.000000000000000111e-01 8.000000000000000444e-01
1.000000000000000000e+00 1.000000000000000000e+00 2.857142857142856984e-01 7.142857142857143016e-01
0.000000000000000000e+00 1.000000000000000000e+00 4.714285714285714191e-01 5.285714285714285809e-01
1.000000000000000000e+00 0.000000000000000000e+00 5.999999999999999778e-01 4.000000000000000222e-01
0.000000000000000000e+00 0.000000000000000000e+00 5.571428571428571619e-01 4.428571428571428381e-01
0.000000000000000000e+00 1.000000000000000000e+00 3.428571428571428603e-01 6.571428571428571397e-01
1.000000000000000000e+00 1.000000000000000000e+00 3.428571428571428603e-01 6.571428571428571397e-01
1.000000000000000000e+00 1.000000000000000000e+00 4.428571428571428381e-01 5.571428571428571619e-01
0.000000000000000000e+00 0.000000000000000000e+00 7.285714285714285365e-01 2.714285714285714080e-01
1.000000000000000000e+00 1.000000000000000000e+00 4.714285714285714191e-01 5.285714285714285809e-01
1.000000000000000000e+00 1.000000000000000000e+00 2.714285714285714080e-01 7.285714285714285365e-01
1.000000000000000000e+00 0.000000000000000000e+00 5.857142857142857428e-01 4.142857142857143127e-01
1.000000000000000000e+00 1.000000000000000000e+00 1.571428571428571397e-01 8.428571428571428603e-01
1.000000000000000000e+00 1.000000000000000000e+00 4.142857142857143127e-01 5.857142857142857428e-01
1.000000000000000000e+00 0.000000000000000000e+00 5.000000000000000000e-01 5.000000000000000000e-01
0.000000000000000000e+00 1.000000000000000000e+00 3.285714285714285698e-01 6.714285714285713746e-01
1.000000000000000000e+00 0.000000000000000000e+00 6.428571428571429047e-01 3.571428571428571508e-01
1.000000000000000000e+00 1.000000000000000000e+00 1.571428571428571397e-01 8.428571428571428603e-01
0.000000000000000000e+00 1.000000000000000000e+00 4.285714285714285476e-01 5.714285714285713969e-01
1.000000000000000000e+00 1.000000000000000000e+00 4.428571428571428381e-01 5.571428571428571619e-01
0.000000000000000000e+00 1.000000000000000000e+00 3.571428571428571508e-01 6.428571428571429047e-01
0.000000000000000000e+00 1.000000000000000000e+00 2.999999999999999889e-01 6.999999999999999556e-01
0.000000000000000000e+00 1.000000000000000000e+00 2.999999999999999889e-01 6.999999999999999556e-01
0.000000000000000000e+00 1.000000000000000000e+00 1.857142857142857206e-01 8.142857142857142794e-01
0.000000000000000000e+00 1.000000000000000000e+00 2.999999999999999889e-01 6.999999999999999556e-01
1.000000000000000000e+00 1.000000000000000000e+00 3.857142857142857317e-01 6.142857142857143238e-01
1.000000000000000000e+00 0.000000000000000000e+00 6.142857142857143238e-01 3.857142857142857317e-01
1.000000000000000000e+00 1.000000000000000000e+00 1.714285714285714302e-01 8.285714285714286254e-01
1.000000000000000000e+00 0.000000000000000000e+00 6.571428571428571397e-01 3.428571428571428603e-01
1.000000000000000000e+00 1.000000000000000000e+00 3.285714285714285698e-01 6.714285714285713746e-01
1.000000000000000000e+00 0.000000000000000000e+00 6.285714285714285587e-01 3.714285714285714413e-01
0.000000000000000000e+00 1.000000000000000000e+00 2.142857142857142738e-01 7.857142857142856984e-01
1.000000000000000000e+00 1.000000000000000000e+00 3.714285714285714413e-01 6.285714285714285587e-01
1.000000000000000000e+00 1.000000000000000000e+00 4.142857142857143127e-01 5.857142857142857428e-01
0.000000000000000000e+00 1.000000000000000000e+00 2.142857142857142738e-01 7.857142857142856984e-01
0.000000000000000000e+00 1.000000000000000000e+00 4.285714285714285476e-01 5.714285714285713969e-01
1.000000000000000000e+00 1.000000000000000000e+00 2.428571428571428548e-01 7.571428571428571175e-01
0.000000000000000000e+00 0.000000000000000000e+00 5.428571428571428159e-01 4.571428571428571286e-01
1.000000000000000000e+00 1.000000000000000000e+00 4.571428571428571286e-01 5.428571428571428159e-01
1.000000000000000000e+00 1.000000000000000000e+00 3.571428571428571508e-01 6.428571428571429047e-01
0.000000000000000000e+00 1.000000000000000000e+00 1.714285714285714302e-01 8.285714285714286254e-01
1.000000000000000000e+00 1.000000000000000000e+00 4.857142857142857095e-01 5.142857142857142350e-01
1.000000000000000000e+00 1.000000000000000000e+00 2.857142857142856984e-01 7.142857142857143016e-01
1.000000000000000000e+00 1.000000000000000000e+00 4.142857142857143127e-01 5.857142857142857428e-01
1.000000000000000000e+00 1.000000000000000000e+00 4.142857142857143127e-01 5.857142857142857428e-01
1.000000000000000000e+00 1.000000000000000000e+00 4.857142857142857095e-01 5.142857142857142350e-01
1.000000000000000000e+00 1.000000000000000000e+00 2.571428571428571175e-01 7.428571428571428825e-01
1.000000000000000000e+00 1.000000000000000000e+00 2.857142857142856984e-01 7.142857142857143016e-01
1.000000000000000000e+00 1.000000000000000000e+00 2.857142857142856984e-01 7.142857142857143016e-01
1.000000000000000000e+00 0.000000000000000000e+00 6.571428571428571397e-01 3.428571428571428603e-01
1.000000000000000000e+00 0.000000000000000000e+00 5.000000000000000000e-01 5.000000000000000000e-01
0.000000000000000000e+00 1.000000000000000000e+00 3.571428571428571508e-01 6.428571428571429047e-01
0.000000000000000000e+00 0.000000000000000000e+00 7.142857142857143016e-01 2.857142857142856984e-01
1.000000000000000000e+00 1.000000000000000000e+00 4.428571428571428381e-01 5.571428571428571619e-01
1.000000000000000000e+00 1.000000000000000000e+00 2.000000000000000111e-01 8.000000000000000444e-01
0.000000000000000000e+00 0.000000000000000000e+00 5.857142857142857428e-01 4.142857142857143127e-01
0.000000000000000000e+00 1.000000000000000000e+00 2.857142857142856984e-01 7.142857142857143016e-01
1.000000000000000000e+00 1.000000000000000000e+00 3.714285714285714413e-01 6.285714285714285587e-01
1.000000000000000000e+00 1.000000000000000000e+00 4.857142857142857095e-01 5.142857142857142350e-01
1.000000000000000000e+00 1.000000000000000000e+00 4.571428571428571286e-01 5.428571428571428159e-01
1.000000000000000000e+00 1.000000000000000000e+00 4.428571428571428381e-01 5.571428571428571619e-01
1.000000000000000000e+00 0.000000000000000000e+00 7.285714285714285365e-01 2.714285714285714080e-01
1.000000000000000000e+00 1.000000000000000000e+00 3.428571428571428603e-01 6.571428571428571397e-01
1.000000000000000000e+00 1.000000000000000000e+00 2.857142857142856984e-01 7.142857142857143016e-01
0.000000000000000000e+00 1.000000000000000000e+00 4.857142857142857095e-01 5.142857142857142350e-01
1.000000000000000000e+00 1.000000000000000000e+00 4.714285714285714191e-01 5.285714285714285809e-01
1.000000000000000000e+00 1.000000000000000000e+00 1.142857142857142821e-01 8.857142857142856762e-01
0.000000000000000000e+00 0.000000000000000000e+00 7.714285714285714635e-01 2.285714285714285643e-01
1.000000000000000000e+00 1.000000000000000000e+00 2.999999999999999889e-01 6.999999999999999556e-01
1.000000000000000000e+00 1.000000000000000000e+00 3.800000000000000044e-01 6.199999999999999956e-01
1.000000000000000000e+00 1.000000000000000000e+00 4.000000000000000222e-01 5.999999999999999778e-01
0.000000000000000000e+00 1.000000000000000000e+00 2.200000000000000011e-01 7.800000000000000266e-01
1.000000000000000000e+00 1.000000000000000000e+00 2.999999999999999889e-01 6.999999999999999556e-01
1.000000000000000000e+00 1.000000000000000000e+00 1.000000000000000056e-01 9.000000000000000222e-01
0.000000000000000000e+00 1.000000000000000000e+00 3.400000000000000244e-01 6.600000000000000311e-01
1.000000000000000000e+00 1.000000000000000000e+00 3.599999999999999867e-01 6.400000000000000133e-01
1.000000000000000000e+00 1.000000000000000000e+00 2.999999999999999889e-01 6.999999999999999556e-01
1.000000000000000000e+00 1.000000000000000000e+00 4.600000000000000200e-01 5.400000000000000355e-01
1.000000000000000000e+00 1.000000000000000000e+00 2.600000000000000089e-01 7.399999999999999911e-01
1.000000000000000000e+00 1.000000000000000000e+00 3.400000000000000244e-01 6.600000000000000311e-01
1.000000000000000000e+00 1.000000000000000000e+00 2.800000000000000266e-01 7.199999999999999734e-01
0.000000000000000000e+00 1.000000000000000000e+00 4.000000000000000222e-01 5.999999999999999778e-01
1.000000000000000000e+00 1.000000000000000000e+00 4.799999999999999822e-01 5.200000000000000178e-01
1.000000000000000000e+00 0.000000000000000000e+00 5.799999999999999600e-01 4.199999999999999845e-01
0.000000000000000000e+00 0.000000000000000000e+00 5.999999999999999778e-01 4.000000000000000222e-01
1.000000000000000000e+00 1.000000000000000000e+00 1.799999999999999933e-01 8.199999999999999512e-01
1.000000000000000000e+00 1.000000000000000000e+00 1.199999999999999956e-01 8.800000000000000044e-01
1.000000000000000000e+00 1.000000000000000000e+00 3.400000000000000244e-01 6.600000000000000311e-01
0.000000000000000000e+00 1.000000000000000000e+00 4.799999999999999822e-01 5.200000000000000178e-01
1.000000000000000000e+00 1.000000000000000000e+00 4.199999999999999845e-01 5.799999999999999600e-01
0.000000000000000000e+00 1.000000000000000000e+00 3.599999999999999867e-01 6.400000000000000133e-01
1.000000000000000000e+00 0.000000000000000000e+00 6.999999999999999556e-01 2.999999999999999889e-01
0.000000000000000000e+00 1.000000000000000000e+00 3.599999999999999867e-01 6.400000000000000133e-01
1.000000000000000000e+00 1.000000000000000000e+00 3.599999999999999867e-01 6.400000000000000133e-01
1.000000000000000000e+00 1.000000000000000000e+00 2.600000000000000089e-01 7.399999999999999911e-01
0.000000000000000000e+00 1.000000000000000000e+00 2.200000000000000011e-01 7.800000000000000266e-01
1.000000000000000000e+00 1.000000000000000000e+00 3.800000000000000044e-01 6.199999999999999956e-01
1.000000000000000000e+00 1.000000000000000000e+00 3.400000000000000244e-01 6.600000000000000311e-01
0.000000000000000000e+00 1.000000000000000000e+00 1.000000000000000056e-01 9.000000000000000222e-01
1.000000000000000000e+00 1.000000000000000000e+00 2.000000000000000111e-01 8.000000000000000444e-01
1.000000000000000000e+00 0.000000000000000000e+00 5.400000000000000355e-01 4.600000000000000200e-01
1.000000000000000000e+00 1.000000000000000000e+00 2.999999999999999889e-01 6.999999999999999556e-01
0.000000000000000000e+00 1.000000000000000000e+00 2.200000000000000011e-01 7.800000000000000266e-01
1.000000000000000000e+00 1.000000000000000000e+00 4.799999999999999822e-01 5.200000000000000178e-01
1.000000000000000000e+00 1.000000000000000000e+00 4.799999999999999822e-01 5.200000000000000178e-01
0.000000000000000000e+00 1.000000000000000000e+00 4.799999999999999822e-01 5.200000000000000178e-01
1.000000000000000000e+00 1.000000000000000000e+00 3.200000000000000067e-01 6.800000000000000488e-01
0.000000000000000000e+00 1.000000000000000000e+00 2.999999999999999889e-01 6.999999999999999556e-01
1.000000000000000000e+00 1.000000000000000000e+00 4.199999999999999845e-01 5.799999999999999600e-01
1.000000000000000000e+00 0.000000000000000000e+00 6.999999999999999556e-01 2.999999999999999889e-01
0.000000000000000000e+00 0.000000000000000000e+00 6.600000000000000311e-01 3.400000000000000244e-01
1.000000000000000000e+00 0.000000000000000000e+00 5.999999999999999778e-01 4.000000000000000222e-01
1.000000000000000000e+00 1.000000000000000000e+00 2.200000000000000011e-01 7.800000000000000266e-01
0.000000000000000000e+00 1.000000000000000000e+00 4.600000000000000200e-01 5.400000000000000355e-01
0.000000000000000000e+00 0.000000000000000000e+00 5.600000000000000533e-01 4.400000000000000022e-01
0.000000000000000000e+00 0.000000000000000000e+00 5.600000000000000533e-01 4.400000000000000022e-01
1.000000000000000000e+00 1.000000000000000000e+00 2.999999999999999889e-01 6.999999999999999556e-01
1.000000000000000000e+00 1.000000000000000000e+00 4.400000000000000022e-01 5.600000000000000533e-01
1.000000000000000000e+00 1.000000000000000000e+00 3.800000000000000044e-01 6.199999999999999956e-01
1.000000000000000000e+00 1.000000000000000000e+00 2.200000000000000011e-01 7.800000000000000266e-01
0.000000000000000000e+00 1.000000000000000000e+00 2.399999999999999911e-01 7.600000000000000089e-01
0.000000000000000000e+00 1.000000000000000000e+00 4.199999999999999845e-01 5.799999999999999600e-01
0.000000000000000000e+00 0.000000000000000000e+00 5.200000000000000178e-01 4.799999999999999822e-01
1.000000000000000000e+00 1.000000000000000000e+00 4.000000000000000222e-01 5.999999999999999778e-01
1.000000000000000000e+00 1.000000000000000000e+00 4.000000000000000222e-01 5.999999999999999778e-01
1.000000000000000000e+00 1.000000000000000000e+00 3.200000000000000067e-01 6.800000000000000488e-01
1.000000000000000000e+00 0.000000000000000000e+00 6.600000000000000311e-01 3.400000000000000244e-01
1.000000000000000000e+00 0.000000000000000000e+00 5.000000000000000000e-01 5.000000000000000000e-01
1.000000000000000000e+00 1.000000000000000000e+00 4.199999999999999845e-01 5.799999999999999600e-01
1.000000000000000000e+00 1.000000000000000000e+00 4.799999999999999822e-01 5.200000000000000178e-01
1.000000000000000000e+00 1.000000000000000000e+00 2.399999999999999911e-01 7.600000000000000089e-01
0.000000000000000000e+00 1.000000000000000000e+00 2.600000000000000089e-01 7.399999999999999911e-01
1.000000000000000000e+00 0.000000000000000000e+00 5.400000000000000355e-01 4.600000000000000200e-01
0.000000000000000000e+00 1.000000000000000000e+00 4.199999999999999845e-01 5.799999999999999600e-01
1.000000000000000000e+00 1.000000000000000000e+00 4.400000000000000022e-01 5.600000000000000533e-01
1.000000000000000000e+00 0.000000000000000000e+00 6.999999999999999556e-01 2.999999999999999889e-01
0.000000000000000000e+00 1.000000000000000000e+00 2.399999999999999911e-01 7.600000000000000089e-01
1.000000000000000000e+00 1.000000000000000000e+00 2.999999999999999889e-01 6.999999999999999556e-01
1.000000000000000000e+00 1.000000000000000000e+00 4.600000000000000200e-01 5.400000000000000355e-01
0.000000000000000000e+00 0.000000000000000000e+00 6.400000000000000133e-01 3.599999999999999867e-01
0.000000000000000000e+00 1.000000000000000000e+00 4.799999999999999822e-01 5.200000000000000178e-01
1.000000000000000000e+00 1.000000000000000000e+00 4.799999999999999822e-01 5.200000000000000178e-01
1.000000000000000000e+00 0.000000000000000000e+00 5.999999999999999778e-01 4.000000000000000222e-01
1.000000000000000000e+00 0.000000000000000000e+00 5.799999999999999600e-01 4.199999999999999845e-01
1.000000000000000000e+00 0.000000000000000000e+00 5.400000000000000355e-01 4.600000000000000200e-01
0.000000000000000000e+00 0.000000000000000000e+00 7.199999999999999734e-01 2.800000000000000266e-01
1.000000000000000000e+00 1.000000000000000000e+00 3.599999999999999867e-01 6.400000000000000133e-01
1.000000000000000000e+00 1.000000000000000000e+00 2.800000000000000266e-01 7.199999999999999734e-01
0.000000000000000000e+00 0.000000000000000000e+00 5.200000000000000178e-01 4.799999999999999822e-01
1.000000000000000000e+00 1.000000000000000000e+00 4.799999999999999822e-01 5.200000000000000178e-01
1.000000000000000000e+00 1.000000000000000000e+00 2.999999999999999889e-01 6.999999999999999556e-01
0.000000000000000000e+00 0.000000000000000000e+00 5.999999999999999778e-01 4.000000000000000222e-01
1.000000000000000000e+00 1.000000000000000000e+00 4.600000000000000200e-01 5.400000000000000355e-01
1.000000000000000000e+00 1.000000000000000000e+00 3.400000000000000244e-01 6.600000000000000311e-01
1.000000000000000000e+00 1.000000000000000000e+00 2.200000000000000011e-01 7.800000000000000266e-01
1.000000000000000000e+00 0.000000000000000000e+00 5.400000000000000355e-01 4.600000000000000200e-01
1.000000000000000000e+00 0.000000000000000000e+00 6.400000000000000133e-01 3.599999999999999867e-01
1.000000000000000000e+00 1.000000000000000000e+00 1.000000000000000056e-01 9.000000000000000222e-01
0.000000000000000000e+00 0.000000000000000000e+00 5.999999999999999778e-01 4.000000000000000222e-01
1.000000000000000000e+00 1.000000000000000000e+00 1.400000000000000133e-01 8.599999999999999867e-01
1.000000000000000000e+00 1.000000000000000000e+00 3.200000000000000067e-01 6.800000000000000488e-01
0.000000000000000000e+00 1.000000000000000000e+00 3.800000000000000044e-01 6.199999999999999956e-01
1.000000000000000000e+00 0.000000000000000000e+00 5.600000000000000533e-01 4.400000000000000022e-01
0.000000000000000000e+00 0.000000000000000000e+00 5.400000000000000355e-01 4.600000000000000200e-01
1.000000000000000000e+00 1.000000000000000000e+00 4.799999999999999822e-01 5.200000000000000178e-01
1.000000000000000000e+00 0.000000000000000000e+00 5.200000000000000178e-01 4.799999999999999822e-01
0.000000000000000000e+00 1.000000000000000000e+00 4.000000000000000222e-01 5.999999999999999778e-01
1.000000000000000000e+00 0.000000000000000000e+00 6.800000000000000488e-01 3.200000000000000067e-01
1.000000000000000000e+00 1.000000000000000000e+00 3.307692307692307598e-01 6.692307692307691847e-01
1.000000000000000000e+00 1.000000000000000000e+00 3.538461538461538658e-01 6.461538461538461897e-01
0.000000000000000000e+00 1.000000000000000000e+00 4.153846153846154077e-01 5.846153846153846478e-01
1.000000000000000000e+00 0.000000000000000000e+00 5.769230769230768718e-01 4.230769230769230727e-01
0.000000000000000000e+00 0.000000000000000000e+00 7.076923076923077316e-01 2.923076923076923239e-01
1.000000000000000000e+00 1.000000000000000000e+00 3.769230769230769162e-01 6.230769230769230838e-01
0.000000000000000000e+00 1.000000000000000000e+00 3.538461538461538658e-01 6.461538461538461897e-01
1.000000000000000000e+00 0.000000000000000000e+00 5.307692307692307709e-01 4.692307692307692291e-01
0.000000000000000000e+00 1.000000000000000000e+00 4.692307692307692291e-01 5.307692307692307709e-01
0.000000000000000000e+00 1.000000000000000000e+00 3.384615384615384803e-01 6.615384615384615197e-01
0.000000000000000000e+00 1.000000000000000000e+00 2.846153846153846034e-01 7.153846153846153966e-01
1.000000000000000000e+00 1.000000000000000000e+00 2.538461538461538325e-01 7.461538461538461675e-01
1.000000000000000000e+00 1.000000000000000000e+00 3.461538461538461453e-01 6.538461538461538547e-01
1.000000000000000000e+00 0.000000000000000000e+00 6.692307692307691847e-01 3.307692307692307598e-01
1.000000000000000000e+00 1.000000000000000000e+00 4.923076923076923350e-01 5.076923076923076650e-01
1.000000000000000000e+00 0.000000000000000000e+00 6.384615384615384137e-01 3.615384615384615308e-01
1.000000000000000000e+00 1.000000000000000000e+00 3.153846153846153744e-01 6.846153846153846256e-01
0.000000000000000000e+00 1.000000000000000000e+00 2.615384615384615530e-01 7.384615384615385025e-01
1.000000000000000000e+00 0.000000000000000000e+00 5.384615384615384359e-01 4.615384615384615641e-01
1.000000000000000000e+00 1.000000000000000000e+00 4.846153846153846145e-01 5.153846153846153300e-01
1.000000000000000000e+00 1.000000000000000000e+00 3.461538461538461453e-01 6.538461538461538547e-01
0.000000000000000000e+00 0.000000000000000000e+00 5.538461538461538769e-01 4.461538461538461786e-01
0.000000000000000000e+00 1.000000000000000000e+00 4.230769230769230727e-01 5.769230769230768718e-01
0.000000000000000000e+00 0.000000000000000000e+00 6.076923076923076428e-01 3.923076923076923017e-01
0.000000000000000000e+00 0.000000000000000000e+00 5.153846153846153300e-01 4.846153846153846145e-01
1.000000000000000000e+00 1.000000000000000000e+00 4.000000000000000222e-01 5.999999999999999778e-01
1.000000000000000000e+00 1.000000000000000000e+00 4.846153846153846145e-01 5.153846153846153300e-01
1.000000000000000000e+00 1.000000000000000000e+00 2.076923076923077038e-01 7.923076923076922684e-01
1.000000000000000000e+00 0.000000000000000000e+00 5.538461538461538769e-01 4.461538461538461786e-01
1.000000000000000000e+00 1.000000000000000000e+00 4.307692307692307931e-01 5.692307692307692069e-01
0.000000000000000000e+00 1.000000000000000000e+00 3.307692307692307598e-01 6.692307692307691847e-01
0.000000000000000000e+00 0.000000000000000000e+00 7.230769230769230616e-01 2.769230769230769384e-01
0.000000000000000000e+00 1.000000000000000000e+00 4.538461538461538436e-01 5.461538461538461009e-01
0.000000000000000000e+00 0.000000000000000000e+00 5.461538461538461009e-01 4.538461538461538436e-01
1.000000000000000000e+00 1.000000000000000000e+00 3.076923076923077094e-01 6.923076923076922906e-01
1.000000000000000000e+00 1.000000000000000000e+00 3.076923076923077094e-01 6.923076923076922906e-01
0.000000000000000000e+00 1.000000000000000000e+00 4.384615384615384581e-01 5.615384615384615419e-01
1.000000000000000000e+00 1.000000000000000000e+00 3.384615384615384803e-01 6.615384615384615197e-01
0.000000000000000000e+00 1.000000000000000000e+00 2.846153846153846034e-01 7.153846153846153966e-01
1.000000000000000000e+00 1.000000000000000000e+00 4.923076923076923350e-01 5.076923076923076650e-01
0.000000000000000000e+00 1.000000000000000000e+00 2.615384615384615530e-01 7.384615384615385025e-01
1.000000000000000000e+00 1.000000000000000000e+00 1.923076923076923184e-01 8.076923076923077094e-01
1.000000000000000000e+00 1.000000000000000000e+00 2.769230769230769384e-01 7.230769230769230616e-01
0.000000000000000000e+00 0.000000000000000000e+00 5.615384615384615419e-01 4.384615384615384581e-01
1.000000000000000000e+00 1.000000000000000000e+00 4.230769230769230727e-01 5.769230769230768718e-01
1.000000000000000000e+00 1.000000000000000000e+00 3.615384615384615308e-01 6.384615384615384137e-01
0.000000000000000000e+00 1.000000000000000000e+00 2.615384615384615530e-01 7.384615384615385025e-01
1.000000000000000000e+00 1.000000000000000000e+00 2.692307692307692180e-01 7.307692307692307265e-01
0.000000000000000000e+00 1.000000000000000000e+00 1.307692307692307765e-01 8.692307692307692513e-01
1.000000000000000000e+00 1.000000000000000000e+00 3.307692307692307598e-01 6.692307692307691847e-01
1.000000000000000000e+00 1.000000000000000000e+00 3.307692307692307598e-01 6.692307692307691847e-01
1.000000000000000000e+00 1.000000000000000000e+00 4.307692307692307931e-01 5.692307692307692069e-01
0.000000000000000000e+00 1.000000000000000000e+00 1.153846153846153910e-01 8.846153846153845812e-01
1.000000000000000000e+00 1.000000000000000000e+00 4.230769230769230727e-01 5.769230769230768718e-01
1.000000000000000000e+00 1.000000000000000000e+00 3.230769230769230949e-01 6.769230769230769607e-01
1.000000000000000000e+00 1.000000000000000000e+00 3.769230769230769162e-01 6.230769230769230838e-01
0.000000000000000000e+00 1.000000000000000000e+00 3.615384615384615308e-01 6.384615384615384137e-01
0.000000000000000000e+00 1.000000000000000000e+00 3.384615384615384803e-01 6.615384615384615197e-01
1.000000000000000000e+00 1.000000000000000000e+00 2.153846153846153966e-01 7.846153846153846034e-01
0.000000000000000000e+00 0.000000000000000000e+00 5.615384615384615419e-01 4.384615384615384581e-01
0.000000000000000000e+00 1.000000000000000000e+00 1.692307692307692402e-01 8.307692307692308153e-01
1.000000000000000000e+00 0.000000000000000000e+00 8.153846153846153744e-01 1.846153846153846256e-01
1.000000000000000000e+00 1.000000000000000000e+00 2.846153846153846034e-01 7.153846153846153966e-01
1.000000000000000000e+00 1.000000000000000000e+00 3.461538461538461453e-01 6.538461538461538547e-01
0.000000000000000000e+00 1.000000000000000000e+00 4.384615384615384581e-01 5.615384615384615419e-01
1.000000000000000000e+00 1.000000000000000000e+00 4.692307692307692291e-01 5.307692307692307709e-01
1.000000000000000000e+00 1.000000000000000000e+00 4.076923076923076872e-01 5.923076923076923128e-01
1.000000000000000000e+00 0.000000000000000000e+00 5.692307692307692069e-01 4.307692307692307931e-01
1.000000000000000000e+00 1.000000000000000000e+00 2.384615384615384748e-01 7.615384615384614975e-01
0.000000000000000000e+00 1.000000000000000000e+00 3.615384615384615308e-01 6.384615384615384137e-01
1.000000000000000000e+00 1.000000000000000000e+00 3.076923076923077094e-01 6.923076923076922906e-01
1.000000000000000000e+00 1.000000000000000000e+00 3.076923076923077094e-01 6.923076923076922906e-01
0.000000000000000000e+00 1.000000000000000000e+00 4.230769230769230727e-01 5.769230769230768718e-01
0.000000000000000000e+00 0.000000000000000000e+00 5.461538461538461009e-01 4.538461538461538436e-01
1.000000000000000000e+00 1.000000000000000000e+00 3.076923076923077094e-01 6.923076923076922906e-01
1.000000000000000000e+00 1.000000000000000000e+00 3.769230769230769162e-01 6.230769230769230838e-01
0.000000000000000000e+00 1.000000000000000000e+00 3.769230769230769162e-01 6.230769230769230838e-01
1.000000000000000000e+00 1.000000000000000000e+00 3.769230769230769162e-01 6.230769230769230838e-01
1.000000000000000000e+00 1.000000000000000000e+00 2.230769230769230893e-01 7.769230769230769384e-01
0.000000000000000000e+00 0.000000000000000000e+00 5.230769230769231060e-01 4.769230769230769496e-01
0.000000000000000000e+00 1.000000000000000000e+00 3.307692307692307598e-01 6.692307692307691847e-01
0.000000000000000000e+00 1.000000000000000000e+00 4.230769230769230727e-01 5.769230769230768718e-01
1.000000000000000000e+00 1.000000000000000000e+00 4.615384615384615641e-01 5.384615384615384359e-01
1.000000000000000000e+00 1.000000000000000000e+00 3.153846153846153744e-01 6.846153846153846256e-01
0.000000000000000000e+00 1.000000000000000000e+00 2.615384615384615530e-01 7.384615384615385025e-01
1.000000000000000000e+00 0.000000000000000000e+00 7.461538461538461675e-01 2.538461538461538325e-01
1.000000000000000000e+00 1.000000000000000000e+00 4.769230769230769496e-01 5.230769230769231060e-01
1.000000000000000000e+00 1.000000000000000000e+00 2.923076923076923239e-01 7.076923076923077316e-01
0.000000000000000000e+00 1.000000000000000000e+00 3.230769230769230949e-01 6.769230769230769607e-01
1.000000000000000000e+00 0.000000000000000000e+00 5.230769230769231060e-01 4.769230769230769496e-01
1.000000000000000000e+00 1.000000000000000000e+00 3.076923076923077094e-01 6.923076923076922906e-01
0.000000000000000000e+00 1.000000000000000000e+00 2.000000000000000111e-01 8.000000000000000444e-01
1.000000000000000000e+00 0.000000000000000000e+00 5.769230769230768718e-01 4.230769230769230727e-01
0.000000000000000000e+00 1.000000000000000000e+00 2.230769230769230893e-01 7.769230769230769384e-01
0.000000000000000000e+00 1.000000000000000000e+00 2.923076923076923239e-01 7.076923076923077316e-01
1.000000000000000000e+00 1.000000000000000000e+00 3.461538461538461453e-01 6.538461538461538547e-01
1.000000000000000000e+00 1.000000000000000000e+00 3.846153846153846367e-01 6.153846153846154188e-01
0.000000000000000000e+00 1.000000000000000000e+00 3.692307692307692513e-01 6.307692307692307487e-01
1.000000000000000000e+00 1.000000000000000000e+00 3.615384615384615308e-01 6.384615384615384137e-01
1.000000000000000000e+00 1.000000000000000000e+00 4.769230769230769496e-01 5.230769230769231060e-01
