1.000000000000000000e+00 1.000000000000000000e+00 4.111111111111110938e-01 5.888888888888889062e-01
0.000000000000000000e+00 0.000000000000000000e+00 5.166666666666667185e-01 4.833333333333333370e-01
1.000000000000000000e+00 0.000000000000000000e+00 5.666666666666666519e-01 4.333333333333333481e-01
1.000000000000000000e+00 1.000000000000000000e+00 2.722222222222221988e-01 7.277777777777777457e-01
1.000000000000000000e+00 1.000000000000000000e+00 3.611111111111111049e-01 6.388888888888888395e-01
0.000000000000000000e+00 0.000000000000000000e+00 6.055555555555555136e-01 3.944444444444444309e-01
1.000000000000000000e+00 1.000000000000000000e+00 3.833333333333333592e-01 6.166666666666666963e-01
0.000000000000000000e+00 1.000000000000000000e+00 2.722222222222221988e-01 7.277777777777777457e-01
1.000000000000000000e+00 1.000000000000000000e+00 3.722222222222222321e-01 6.277777777777777679e-01
1.000000000000000000e+00 1.000000000000000000e+00 3.333333333333333148e-01 6.666666666666666297e-01
0.000000000000000000e+00 1.000000000000000000e+00 4.777777777777778012e-01 5.222222222222222543e-01
0.000000000000000000e+00 0.000000000000000000e+00 5.611111111111111160e-01 4.388888888888888840e-01
0.000000000000000000e+00 1.000000000000000000e+00 2.388888888888889006e-01 7.611111111111110716e-01
0.000000000000000000e+00 0.000000000000000000e+00 7.277777777777777457e-01 2.722222222222221988e-01
0.000000000000000000e+00 1.000000000000000000e+00 4.000000000000000222e-01 5.999999999999999778e-01
1.000000000000000000e+00 1.000000000000000000e+00 4.555555555555555469e-01 5.444444444444443976e-01
1.000000000000000000e+00 0.000000000000000000e+00 7.111111111111111382e-01 2.888888888888888618e-01
1.000000000000000000e+00 1.000000000000000000e+00 4.555555555555555469e-01 5.444444444444443976e-01
1.000000000000000000e+00 0.000000000000000000e+00 5.111111111111110716e-01 4.888888888888888729e-01
1.000000000000000000e+00 1.000000000000000000e+00 3.555555555555555691e-01 6.444444444444444864e-01
1.000000000000000000e+00 0.000000000000000000e+00 5.000000000000000000e-01 5.000000000000000000e-01
1.000000000000000000e+00 0.000000000000000000e+00 6.666666666666666297e-01 3.333333333333333148e-01
1.000000000000000000e+00 0.000000000000000000e+00 6.166666666666666963e-01 3.833333333333333592e-01
1.000000000000000000e+00 1.000000000000000000e+00 2.277777777777777735e-01 7.722222222222222543e-01
1.000000000000000000e+00 1.000000000000000000e+00 3.888888888888888951e-01 6.111111111111111605e-01
0.000000000000000000e+00 1.000000000000000000e+00 4.000000000000000222e-01 5.999999999999999778e-01
1.000000000000000000e+00 0.000000000000000000e+00 5.277777777777777901e-01 4.722222222222222099e-01
1.000000000000000000e+00 1.000000000000000000e+00 1.833333333333333204e-01 8.166666666666666519e-01
1.000000000000000000e+00 0.000000000000000000e+00 5.833333333333333703e-01 4.166666666666666852e-01
1.000000000000000000e+00 1.000000000000000000e+00 2.500000000000000000e-01 7.500000000000000000e-01
1.000000000000000000e+00 1.000000000000000000e+00 3.666666666666666408e-01 6.333333333333333037e-01
0.000000000000000000e+00 1.000000000000000000e+00 4.333333333333333481e-01 5.666666666666666519e-01
1.000000000000000000e+00 1.000000000000000000e+00 4.833333333333333370e-01 5.166666666666667185e-01
0.000000000000000000e+00 1.000000000000000000e+00 2.333333333333333370e-01 7.666666666666667185e-01
1.000000000000000000e+00 0.000000000000000000e+00 5.000000000000000000e-01 5.000000000000000000e-01
0.000000000000000000e+00 1.000000000000000000e+00 6.111111111111110911e-02 9.388888888888888840e-01
0.000000000000000000e+00 1.000000000000000000e+00 3.555555555555555691e-01 6.444444444444444864e-01
1.000000000000000000e+00 0.000000000000000000e+00 5.222222222222222543e-01 4.777777777777778012e-01
1.000000000000000000e+00 1.000000000000000000e+00 3.388888888888889062e-01 6.611111111111110938e-01
1.000000000000000000e+00 1.000000000000000000e+00 4.833333333333333370e-01 5.166666666666667185e-01
1.000000000000000000e+00 1.000000000000000000e+00 2.555555555555555358e-01 7.444444444444444642e-01
0.000000000000000000e+00 0.000000000000000000e+00 5.777777777777777235e-01 4.222222222222222210e-01
1.000000000000000000e+00 1.000000000000000000e+00 1.944444444444444475e-01 8.055555555555555802e-01
1.000000000000000000e+00 0.000000000000000000e+00 6.333333333333333037e-01 3.666666666666666408e-01
0.000000000000000000e+00 1.000000000000000000e+00 2.111111111111111105e-01 7.888888888888888618e-01
1.000000000000000000e+00 1.000000000000000000e+00 3.777777777777777679e-01 6.222222222222222321e-01
0.000000000000000000e+00 1.000000000000000000e+00 2.999999999999999889e-01 6.999999999999999556e-01
0.000000000000000000e+00 0.000000000000000000e+00 5.055555555555555358e-01 4.944444444444444642e-01
0.000000000000000000e+00 1.000000000000000000e+00 3.722222222222222321e-01 6.277777777777777679e-01
0.000000000000000000e+00 1.000000000000000000e+00 4.111111111111110938e-01 5.888888888888889062e-01
1.000000000000000000e+00 1.000000000000000000e+00 2.555555555555555358e-01 7.444444444444444642e-01
1.000000000000000000e+00 1.000000000000000000e+00 3.055555555555555802e-01 6.944444444444444198e-01
1.000000000000000000e+00 1.000000000000000000e+00 4.388888888888888840e-01 5.611111111111111160e-01
1.000000000000000000e+00 1.000000000000000000e+00 4.777777777777778012e-01 5.222222222222222543e-01
1.000000000000000000e+00 0.000000000000000000e+00 8.833333333333333037e-01 1.166666666666666685e-01
1.000000000000000000e+00 0.000000000000000000e+00 5.944444444444444420e-01 4.055555555555555580e-01
1.000000000000000000e+00 1.000000000000000000e+00 3.277777777777777790e-01 6.722222222222222765e-01
1.000000000000000000e+00 0.000000000000000000e+00 5.222222222222222543e-01 4.777777777777778012e-01
1.000000000000000000e+00 1.000000000000000000e+00 4.444444444444444198e-01 5.555555555555555802e-01
1.000000000000000000e+00 0.000000000000000000e+00 5.166666666666667185e-01 4.833333333333333370e-01
1.000000000000000000e+00 0.000000000000000000e+00 5.166666666666667185e-01 4.833333333333333370e-01
1.000000000000000000e+00 0.000000000000000000e+00 6.055555555555555136e-01 3.944444444444444309e-01
0.000000000000000000e+00 1.000000000000000000e+00 2.111111111111111105e-01 7.888888888888888618e-01
0.000000000000000000e+00 1.000000000000000000e+00 3.388888888888889062e-01 6.611111111111110938e-01
1.000000000000000000e+00 0.000000000000000000e+00 6.055555555555555136e-01 3.944444444444444309e-01
0.000000000000000000e+00 0.000000000000000000e+00 5.444444444444443976e-01 4.555555555555555469e-01
1.000000000000000000e+00 1.000000000000000000e+00 2.666666666666666630e-01 7.333333333333332815e-01
0.000000000000000000e+00 0.000000000000000000e+00 6.166666666666666963e-01 3.833333333333333592e-01
1.000000000000000000e+00 0.000000000000000000e+00 6.611111111111110938e-01 3.388888888888889062e-01
1.000000000000000000e+00 0.000000000000000000e+00 5.944444444444444420e-01 4.055555555555555580e-01
0.000000000000000000e+00 1.000000000000000000e+00 2.666666666666666630e-01 7.333333333333332815e-01
1.000000000000000000e+00 0.000000000000000000e+00 5.611111111111111160e-01 4.388888888888888840e-01
1.000000000000000000e+00 0.000000000000000000e+00 5.222222222222222543e-01 4.777777777777778012e-01
0.000000000000000000e+00 1.000000000000000000e+00 3.388888888888889062e-01 6.611111111111110938e-01
1.000000000000000000e+00 1.000000000000000000e+00 4.722222222222222099e-01 5.277777777777777901e-01
1.000000000000000000e+00 0.000000000000000000e+00 8.555555555555555136e-01 1.444444444444444309e-01
0.000000000000000000e+00 1.000000000000000000e+00 2.999999999999999889e-01 6.999999999999999556e-01
1.000000000000000000e+00 1.000000000000000000e+00 3.444444444444444420e-01 6.555555555555555580e-01
1.000000000000000000e+00 1.000000000000000000e+00 4.111111111111110938e-01 5.888888888888889062e-01
1.000000000000000000e+00 1.000000000000000000e+00 3.722222222222222321e-01 6.277777777777777679e-01
0.000000000000000000e+00 1.000000000000000000e+00 1.777777777777777846e-01 8.222222222222221877e-01
1.000000000000000000e+00 0.000000000000000000e+00 6.222222222222222321e-01 3.777777777777777679e-01
0.000000000000000000e+00 1.000000000000000000e+00 3.888888888888888951e-01 6.111111111111111605e-01
1.000000000000000000e+00 1.000000000000000000e+00 4.055555555555555580e-01 5.944444444444444420e-01
1.000000000000000000e+00 0.000000000000000000e+00 5.611111111111111160e-01 4.388888888888888840e-01
0.000000000000000000e+00 1.000000000000000000e+00 2.666666666666666630e-01 7.333333333333332815e-01
1.000000000000000000e+00 1.000000000000000000e+00 2.666666666666666630e-01 7.333333333333332815e-01
0.000000000000000000e+00 1.000000000000000000e+00 3.111111111111111160e-01 6.888888888888888840e-01
1.000000000000000000e+00 1.000000000000000000e+00 4.333333333333333481e-01 5.666666666666666519e-01
1.000000000000000000e+00 1.000000000000000000e+00 4.166666666666666852e-01 5.833333333333333703e-01
0.000000000000000000e+00 0.000000000000000000e+00 5.722222222222221877e-01 4.277777777777777568e-01
1.000000000000000000e+00 1.000000000000000000e+00 3.722222222222222321e-01 6.277777777777777679e-01
1.000000000000000000e+00 0.000000000000000000e+00 5.555555555555555802e-01 4.444444444444444198e-01
1.000000000000000000e+00 1.000000000000000000e+00 2.000000000000000111e-01 8.000000000000000444e-01
0.000000000000000000e+00 1.000000000000000000e+00 4.388888888888888840e-01 5.611111111111111160e-01
0.000000000000000000e+00 1.000000000000000000e+00 4.500000000000000111e-01 5.500000000000000444e-01
1.000000000000000000e+00 1.000000000000000000e+00 2.555555555555555358e-01 7.444444444444444642e-01
0.000000000000000000e+00 1.000000000000000000e+00 2.500000000000000000e-01 7.500000000000000000e-01
1.000000000000000000e+00 0.000000000000000000e+00 7.833333333333333259e-01 2.166666666666666741e-01
0.000000000000000000e+00 0.000000000000000000e+00 6.111111111111111605e-01 3.888888888888888951e-01
1.000000000000000000e+00 1.000000000000000000e+00 3.777777777777777679e-01 6.222222222222222321e-01
0.000000000000000000e+00 1.000000000000000000e+00 4.888888888888888729e-01 5.111111111111110716e-01
1.000000000000000000e+00 0.000000000000000000e+00 5.388888888888888618e-01 4.611111111111111382e-01
1.000000000000000000e+00 1.000000000000000000e+00 4.611111111111111382e-01 5.388888888888888618e-01
1.000000000000000000e+00 1.000000000000000000e+00 4.055555555555555580e-01 5.944444444444444420e-01
0.000000000000000000e+00 1.000000000000000000e+00 4.388888888888888840e-01 5.611111111111111160e-01
1.000000000000000000e+00 1.000000000000000000e+00 3.833333333333333592e-01 6.166666666666666963e-01
0.000000000000000000e+00 0.000000000000000000e+00 5.500000000000000444e-01 4.500000000000000111e-01
1.000000000000000000e+00 1.000000000000000000e+00 3.722222222222222321e-01 6.277777777777777679e-01
1.000000000000000000e+00 1.000000000000000000e+00 2.444444444444444364e-01 7.555555555555555358e-01
0.000000000000000000e+00 1.000000000000000000e+00 3.277777777777777790e-01 6.722222222222222765e-01
0.000000000000000000e+00 1.000000000000000000e+00 3.444444444444444420e-01 6.555555555555555580e-01
1.000000000000000000e+00 1.000000000000000000e+00 4.000000000000000222e-01 5.999999999999999778e-01
1.000000000000000000e+00 1.000000000000000000e+00 2.166666666666666741e-01 7.833333333333333259e-01
0.000000000000000000e+00 1.000000000000000000e+00 3.444444444444444420e-01 6.555555555555555580e-01
1.000000000000000000e+00 1.000000000000000000e+00 4.555555555555555469e-01 5.444444444444443976e-01
1.000000000000000000e+00 0.000000000000000000e+00 6.166666666666666963e-01 3.833333333333333592e-01
1.000000000000000000e+00 1.000000000000000000e+00 4.166666666666666852e-01 5.833333333333333703e-01
1.000000000000000000e+00 1.000000000000000000e+00 3.499999999999999778e-01 6.500000000000000222e-01
0.000000000000000000e+00 1.000000000000000000e+00 1.666666666666666574e-01 8.333333333333333703e-01
1.000000000000000000e+00 1.000000000000000000e+00 3.833333333333333592e-01 6.166666666666666963e-01
1.000000000000000000e+00 1.000000000000000000e+00 4.277777777777777568e-01 5.722222222222221877e-01
0.000000000000000000e+00 1.000000000000000000e+00 2.777777777777777901e-01 7.222222222222222099e-01
1.000000000000000000e+00 1.000000000000000000e+00 4.055555555555555580e-01 5.944444444444444420e-01
0.000000000000000000e+00 1.000000000000000000e+00 2.999999999999999889e-01 6.999999999999999556e-01
0.000000000000000000e+00 1.000000000000000000e+00 4.388888888888888840e-01 5.611111111111111160e-01
0.000000000000000000e+00 1.000000000000000000e+00 2.333333333333333370e-01 7.666666666666667185e-01
0.000000000000000000e+00 1.000000000000000000e+00 3.166666666666666519e-01 6.833333333333333481e-01
1.000000000000000000e+00 1.000000000000000000e+00 2.833333333333333259e-01 7.166666666666666741e-01
1.000000000000000000e+00 1.000000000000000000e+00 3.722222222222222321e-01 6.277777777777777679e-01
1.000000000000000000e+00 1.000000000000000000e+00 3.166666666666666519e-01 6.833333333333333481e-01
0.000000000000000000e+00 1.000000000000000000e+00 4.055555555555555580e-01 5.944444444444444420e-01
1.000000000000000000e+00 1.000000000000000000e+00 2.722222222222221988e-01 7.277777777777777457e-01
0.000000000000000000e+00 0.000000000000000000e+00 6.666666666666666297e-01 3.333333333333333148e-01
1.000000000000000000e+00 0.000000000000000000e+00 5.666666666666666519e-01 4.333333333333333481e-01
1.000000000000000000e+00 0.000000000000000000e+00 7.500000000000000000e-01 2.500000000000000000e-01
1.000000000000000000e+00 1.000000000000000000e+00 4.777777777777778012e-01 5.222222222222222543e-01
1.000000000000000000e+00 0.000000000000000000e+00 5.999999999999999778e-01 4.000000000000000222e-01
0.000000000000000000e+00 1.000000000000000000e+00 4.277777777777777568e-01 5.722222222222221877e-01
1.000000000000000000e+00 1.000000000000000000e+00 2.833333333333333259e-01 7.166666666666666741e-01
1.000000000000000000e+00 1.000000000000000000e+00 1.333333333333333315e-01 8.666666666666666963e-01
1.000000000000000000e+00 0.000000000000000000e+00 5.000000000000000000e-01 5.000000000000000000e-01
0.000000000000000000e+00 0.000000000000000000e+00 5.999999999999999778e-01 4.000000000000000222e-01
1.000000000000000000e+00 1.000000000000000000e+00 4.888888888888888729e-01 5.111111111111110716e-01
1.000000000000000000e+00 1.000000000000000000e+00 4.444444444444444198e-01 5.555555555555555802e-01
1.000000000000000000e+00 1.000000000000000000e+00 3.666666666666666408e-01 6.333333333333333037e-01
0.000000000000000000e+00 1.000000000000000000e+00 4.722222222222222099e-01 5.277777777777777901e-01
1.000000000000000000e+00 1.000000000000000000e+00 4.000000000000000222e-01 5.999999999999999778e-01
1.000000000000000000e+00 1.000000000000000000e+00 3.111111111111111160e-01 6.888888888888888840e-01
0.000000000000000000e+00 1.000000000000000000e+00 3.666666666666666408e-01 6.333333333333333037e-01
1.000000000000000000e+00 1.000000000000000000e+00 4.777777777777778012e-01 5.222222222222222543e-01
1.000000000000000000e+00 1.000000000000000000e+00 2.999999999999999889e-01 6.999999999999999556e-01
1.000000000000000000e+00 1.000000000000000000e+00 4.500000000000000111e-01 5.500000000000000444e-01
1.000000000000000000e+00 1.000000000000000000e+00 3.722222222222222321e-01 6.277777777777777679e-01
1.000000000000000000e+00 0.000000000000000000e+00 5.555555555555555802e-01 4.444444444444444198e-01
0.000000000000000000e+00 1.000000000000000000e+00 4.555555555555555469e-01 5.444444444444443976e-01
1.000000000000000000e+00 1.000000000000000000e+00 4.666666666666666741e-01 5.333333333333333259e-01
0.000000000000000000e+00 0.000000000000000000e+00 6.444444444444444864e-01 3.555555555555555691e-01
1.000000000000000000e+00 1.000000000000000000e+00 3.222222222222222432e-01 6.777777777777778123e-01
0.000000000000000000e+00 1.000000000000000000e+00 4.666666666666666741e-01 5.333333333333333259e-01
0.000000000000000000e+00 0.000000000000000000e+00 5.388888888888888618e-01 4.611111111111111382e-01
1.000000000000000000e+00 0.000000000000000000e+00 7.222222222222222099e-01 2.777777777777777901e-01
1.000000000000000000e+00 1.000000000000000000e+00 4.777777777777778012e-01 5.222222222222222543e-01
0.000000000000000000e+00 1.000000000000000000e+00 3.222222222222222432e-01 6.777777777777778123e-01
0.000000000000000000e+00 1.000000000000000000e+00 3.333333333333333148e-01 6.666666666666666297e-01
1.000000000000000000e+00 1.000000000000000000e+00 4.222222222222222210e-01 5.777777777777777235e-01
1.000000000000000000e+00 1.000000000000000000e+00 4.000000000000000222e-01 5.999999999999999778e-01
1.000000000000000000e+00 1.000000000000000000e+00 4.000000000000000222e-01 5.999999999999999778e-01
1.000000000000000000e+00 0.000000000000000000e+00 5.166666666666667185e-01 4.833333333333333370e-01
1.000000000000000000e+00 0.000000000000000000e+00 6.722222222222222765e-01 3.277777777777777790e-01
0.000000000000000000e+00 1.000000000000000000e+00 4.222222222222222210e-01 5.777777777777777235e-01
1.000000000000000000e+00 1.000000000000000000e+00 4.722222222222222099e-01 5.277777777777777901e-01
1.000000000000000000e+00 1.000000000000000000e+00 3.777777777777777679e-01 6.222222222222222321e-01
0.000000000000000000e+00 1.000000000000000000e+00 4.166666666666666852e-01 5.833333333333333703e-01
1.000000000000000000e+00 1.000000000000000000e+00 4.277777777777777568e-01 5.722222222222221877e-01
0.000000000000000000e+00 1.000000000000000000e+00 4.000000000000000222e-01 5.999999999999999778e-01
1.000000000000000000e+00 1.000000000000000000e+00 2.777777777777777901e-01 7.222222222222222099e-01
0.000000000000000000e+00 1.000000000000000000e+00 4.388888888888888840e-01 5.611111111111111160e-01
0.000000000000000000e+00 1.000000000000000000e+00 2.333333333333333370e-01 7.666666666666667185e-01
1.000000000000000000e+00 1.000000000000000000e+00 3.555555555555555691e-01 6.444444444444444864e-01
1.000000000000000000e+00 1.000000000000000000e+00 4.611111111111111382e-01 5.388888888888888618e-01
1.000000000000000000e+00 1.000000000000000000e+00 2.555555555555555358e-01 7.444444444444444642e-01
1.000000000000000000e+00 1.000000000000000000e+00 3.722222222222222321e-01 6.277777777777777679e-01
0.000000000000000000e+00 0.000000000000000000e+00 6.500000000000000222e-01 3.499999999999999778e-01
1.000000000000000000e+00 0.000000000000000000e+00 7.222222222222222099e-01 2.777777777777777901e-01
1.000000000000000000e+00 1.000000000000000000e+00 4.111111111111110938e-01 5.888888888888889062e-01
0.000000000000000000e+00 1.000000000000000000e+00 3.333333333333333148e-01 6.666666666666666297e-01
1.000000000000000000e+00 0.000000000000000000e+00 5.055555555555555358e-01 4.944444444444444642e-01
1.000000000000000000e+00 1.000000000000000000e+00 1.833333333333333204e-01 8.166666666666666519e-01
1.000000000000000000e+00 1.000000000000000000e+00 3.833333333333333592e-01 6.166666666666666963e-01
1.000000000000000000e+00 1.000000000000000000e+00 3.055555555555555802e-01 6.944444444444444198e-01
1.000000000000000000e+00 0.000000000000000000e+00 5.111111111111110716e-01 4.888888888888888729e-01
1.000000000000000000e+00 1.000000000000000000e+00 2.111111111111111105e-01 7.888888888888888618e-01
1.000000000000000000e+00 1.000000000000000000e+00 4.500000000000000111e-01 5.500000000000000444e-01
1.000000000000000000e+00 1.000000000000000000e+00 2.999999999999999889e-01 6.999999999999999556e-01
1.000000000000000000e+00 0.000000000000000000e+00 8.000000000000000444e-01 2.000000000000000111e-01
1.000000000000000000e+00 1.000000000000000000e+00 3.111111111111111160e-01 6.888888888888888840e-01
0.000000000000000000e+00 1.000000000000000000e+00 4.055555555555555580e-01 5.944444444444444420e-01
0.000000000000000000e+00 0.000000000000000000e+00 6.388888888888888395e-01 3.611111111111111049e-01
1.000000000000000000e+00 1.000000000000000000e+00 3.888888888888888951e-01 6.111111111111111605e-01
1.000000000000000000e+00 1.000000000000000000e+00 4.142857142857143127e-01 5.857142857142857428e-01
1.000000000000000000e+00 1.000000000000000000e+00 2.999999999999999889e-01 6.999999999999999556e-01
1.000000000000000000e+00 0.000000000000000000e+00 6.428571428571429047e-01 3.571428571428571508e-01
1.000000000000000000e+00 0.000000000000000000e+00 5.285714285714285809e-01 4.714285714285714191e-01
1.000000000000000000e+00 1.000000000000000000e+00 3.428571428571428603e-01 6.571428571428571397e-01
1.000000000000000000e+00 1.000000000000000000e+00 3.571428571428571508e-01 6.428571428571429047e-01
1.000000000000000000e+00 1.000000000000000000e+00 4.142857142857143127e-01 5.857142857142857428e-01
1.000000000000000000e+00 0.000000000000000000e+00 5.999999999999999778e-01 4.000000000000000222e-01
1.000000000000000000e+00 0.000000000000000000e+00 6.571428571428571397e-01 3.428571428571428603e-01
1.000000000000000000e+00 0.000000000000000000e+00 6.142857142857143238e-01 3.857142857142857317e-01
1.000000000000000000e+00 1.000000000000000000e+00 3.285714285714285698e-01 6.714285714285713746e-01
1.000000000000000000e+00 0.000000000000000000e+00 5.857142857142857428e-01 4.142857142857143127e-01
1.000000000000000000e+00 1.000000000000000000e+00 4.428571428571428381e-01 5.571428571428571619e-01
1.000000000000000000e+00 0.000000000000000000e+00 5.428571428571428159e-01 4.571428571428571286e-01
1.000000000000000000e+00 1.000000000000000000e+00 4.285714285714285476e-01 5.714285714285713969e-01
0.000000000000000000e+00 1.000000000000000000e+00 2.428571428571428548e-01 7.571428571428571175e-01
0.000000000000000000e+00 0.000000000000000000e+00 5.428571428571428159e-01 4.571428571428571286e-01
1.000000000000000000e+00 1.000000000000000000e+00 4.142857142857143127e-01 5.857142857142857428e-01
0.000000000000000000e+00 1.000000000000000000e+00 4.714285714285714191e-01 5.285714285714285809e-01
1.000000000000000000e+00 1.000000000000000000e+00 2.999999999999999889e-01 6.999999999999999556e-01
0.000000000000000000e+00 0.000000000000000000e+00 6.714285714285713746e-01 3.285714285714285698e-01
0.000000000000000000e+00 1.000000000000000000e+00 3.285714285714285698e-01 6.714285714285713746e-01
1.000000000000000000e+00 1.000000000000000000e+00 2.571428571428571175e-01 7.428571428571428825e-01
1.000000000000000000e+00 1.000000000000000000e+00 4.714285714285714191e-01 5.285714285714285809e-01
1.000000000000000000e+00 1.000000000000000000e+00 3.428571428571428603e-01 6.571428571428571397e-01
0.000000000000000000e+00 1.000000000000000000e+00 3.285714285714285698e-01 6.714285714285713746e-01
1.000000000000000000e+00 1.000000000000000000e+00 3.857142857142857317e-01 6.142857142857143238e-01
1.000000000000000000e+00 0.000000000000000000e+00 5.142857142857142350e-01 4.857142857142857095e-01
1.000000000000000000e+00 1.000000000000000000e+00 4.000000000000000222e-01 5.999999999999999778e-01
1.000000000000000000e+00 1.000000000000000000e+00 3.571428571428571508e-01 6.428571428571429047e-01
1.000000000000000000e+00 0.000000000000000000e+00 7.857142857142856984e-01 2.142857142857142738e-01
1.000000000000000000e+00 1.000000000000000000e+00 3.714285714285714413e-01 6.285714285714285587e-01
1.000000000000000000e+00 1.000000000000000000e+00 2.571428571428571175e-01 7.428571428571428825e-01
1.000000000000000000e+00 1.000000000000000000e+00 3.428571428571428603e-01 6.571428571428571397e-01
0.000000000000000000e+00 1.000000000000000000e+00 4.857142857142857095e-01 5.142857142857142350e-01
1.000000000000000000e+00 1.000000000000000000e+00 4.285714285714285476e-01 5.714285714285713969e-01
1.000000000000000000e+00 0.000000000000000000e+00 5.714285714285713969e-01 4.285714285714285476e-01
1.000000000000000000e+00 1.000000000000000000e+00 3.285714285714285698e-01 6.714285714285713746e-01
0.000000000000000000e+00 1.000000000000000000e+00 4.714285714285714191e-01 5.285714285714285809e-01
1.000000000000000000e+00 0.000000000000000000e+00 5.857142857142857428e-01 4.142857142857143127e-01
1.000000000000000000e+00 1.000000000000000000e+00 2.714285714285714080e-01 7.285714285714285365e-01
1.000000000000000000e+00 1.000000000000000000e+00 3.714285714285714413e-01 6.285714285714285587e-01
1.000000000000000000e+00 0.000000000000000000e+00 6.142857142857143238e-01 3.857142857142857317e-01
0.000000000000000000e+00 1.000000000000000000e+00 4.428571428571428381e-01 5.571428571428571619e-01
0.000000000000000000e+00 1.000000000000000000e+00 4.428571428571428381e-01 5.571428571428571619e-01
0.000000000000000000e+00 1.000000000000000000e+00 4.428571428571428381e-01 5.571428571428571619e-01
0.000000000000000000e+00 0.000000000000000000e+00 5.285714285714285809e-01 4.714285714285714191e-01
1.000000000000000000e+00 0.000000000000000000e+00 5.142857142857142350e-01 4.857142857142857095e-01
0.000000000000000000e+00 1.000000000000000000e+00 4.285714285714285476e-01 5.714285714285713969e-01
1.000000000000000000e+00 1.000000000000000000e+00 3.428571428571428603e-01 6.571428571428571397e-01
0.000000000000000000e+00 0.000000000000000000e+00 6.428571428571429047e-01 3.571428571428571508e-01
0.000000000000000000e+00 1.000000000000000000e+00 3.714285714285714413e-01 6.285714285714285587e-01
1.000000000000000000e+00 1.000000000000000000e+00 2.285714285714285643e-01 7.714285714285714635e-01
1.000000000000000000e+00 1.000000000000000000e+00 2.285714285714285643e-01 7.714285714285714635e-01
1.000000000000000000e+00 1.000000000000000000e+00 4.857142857142857095e-01 5.142857142857142350e-01
1.000000000000000000e+00 0.000000000000000000e+00 5.142857142857142350e-01 4.857142857142857095e-01
0.000000000000000000e+00 1.000000000000000000e+00 4.571428571428571286e-01 5.428571428571428159e-01
0.000000000000000000e+00 0.000000000000000000e+00 6.142857142857143238e-01 3.857142857142857317e-01
0.000000000000000000e+00 0.000000000000000000e+00 5.857142857142857428e-01 4.142857142857143127e-01
0.000000000000000000e+00 1.000000000000000000e+00 2.428571428571428548e-01 7.571428571428571175e-01
1.000000000000000000e+00 1.000000000000000000e+00 2.714285714285714080e-01 7.285714285714285365e-01
0.000000000000000000e+00 0.000000000000000000e+00 5.285714285714285809e-01 4.714285714285714191e-01
1.000000000000000000e+00 0.000000000000000000e+00 5.999999999999999778e-01 4.000000000000000222e-01
1.000000000000000000e+00 1.000000000000000000e+00 4.857142857142857095e-01 5.142857142857142350e-01
1.000000000000000000e+00 1.000000000000000000e+00 4.142857142857143127e-01 5.857142857142857428e-01
0.000000000000000000e+00 1.000000000000000000e+00 1.714285714285714302e-01 8.285714285714286254e-01
1.000000000000000000e+00 0.000000000000000000e+00 5.000000000000000000e-01 5.000000000000000000e-01
1.000000000000000000e+00 0.000000000000000000e+00 5.999999999999999778e-01 4.000000000000000222e-01
1.000000000000000000e+00 1.000000000000000000e+00 4.142857142857143127e-01 5.857142857142857428e-01
1.000000000000000000e+00 0.000000000000000000e+00 5.142857142857142350e-01 4.857142857142857095e-01
1.000000000000000000e+00 1.000000000000000000e+00 4.000000000000000222e-01 5.999999999999999778e-01
0.000000000000000000e+00 1.000000000000000000e+00 2.000000000000000111e-01 8.000000000000000444e-01
1.000000000000000000e+00 1.000000000000000000e+00 4.142857142857143127e-01 5.857142857142857428e-01
0.000000000000000000e+00 1.000000000000000000e+00 3.714285714285714413e-01 6.285714285714285587e-01
1.000000000000000000e+00 1.000000000000000000e+00 3.857142857142857317e-01 6.142857142857143238e-01
0.000000000000000000e+00 1.000000000000000000e+00 2.714285714285714080e-01 7.285714285714285365e-01
1.000000000000000000e+00 0.000000000000000000e+00 5.000000000000000000e-01 5.000000000000000000e-01
1.000000000000000000e+00 1.000000000000000000e+00 2.714285714285714080e-01 7.285714285714285365e-01
1.000000000000000000e+00 1.000000000000000000e+00 1.428571428571428492e-01 8.571428571428570953e-01
1.000000000000000000e+00 1.000000000000000000e+00 2.714285714285714080e-01 7.285714285714285365e-01
0.000000000000000000e+00 1.000000000000000000e+00 3.285714285714285698e-01 6.714285714285713746e-01
1.000000000000000000e+00 0.000000000000000000e+00 5.857142857142857428e-01 4.142857142857143127e-01
1.000000000000000000e+00 0.000000000000000000e+00 5.571428571428571619e-01 4.428571428571428381e-01
0.000000000000000000e+00 1.000000000000000000e+00 2.857142857142856984e-01 7.142857142857143016e-01
1.000000000000000000e+00 1.000000000000000000e+00 2.142857142857142738e-01 7.857142857142856984e-01
1.000000000000000000e+00 0.000000000000000000e+00 7.571428571428571175e-01 2.428571428571428548e-01
1.000000000000000000e+00 1.000000000000000000e+00 3.857142857142857317e-01 6.142857142857143238e-01
1.000000000000000000e+00 1.000000000000000000e+00 4.857142857142857095e-01 5.142857142857142350e-01
1.000000000000000000e+00 1.000000000000000000e+00 2.857142857142856984e-01 7.142857142857143016e-01
0.000000000000000000e+00 0.000000000000000000e+00 5.857142857142857428e-01 4.142857142857143127e-01
0.000000000000000000e+00 1.000000000000000000e+00 3.285714285714285698e-01 6.714285714285713746e-01
0.000000000000000000e+00 0.000000000000000000e+00 5.142857142857142350e-01 4.857142857142857095e-01
1.000000000000000000e+00 1.000000000000000000e+00 3.428571428571428603e-01 6.571428571428571397e-01
1.000000000000000000e+00 0.000000000000000000e+00 6.714285714285713746e-01 3.285714285714285698e-01
1.000000000000000000e+00 1.000000000000000000e+00 4.142857142857143127e-01 5.857142857142857428e-01
0.000000000000000000e+00 1.000000000000000000e+00 3.428571428571428603e-01 6.571428571428571397e-01
1.000000000000000000e+00 0.000000000000000000e+00 6.142857142857143238e-01 3.857142857142857317e-01
1.000000000000000000e+00 1.000000000000000000e+00 3.285714285714285698e-01 6.714285714285713746e-01
0.000000000000000000e+00 1.000000000000000000e+00 2.857142857142856984e-01 7.142857142857143016e-01
0.000000000000000000e+00 1.000000000000000000e+00 2.285714285714285643e-01 7.714285714285714635e-01
