1.000000000000000000e+00 0.000000000000000000e+00 5.866550383499994359e-01 4.133449616500005641e-01
1.000000000000000000e+00 1.000000000000000000e+00 4.511034578874510981e-01 5.488965421125487909e-01
1.000000000000000000e+00 0.000000000000000000e+00 4.923845105858270510e-01 5.076154894141728935e-01
1.000000000000000000e+00 1.000000000000000000e+00 3.709959602844500881e-01 6.290040397155499674e-01
1.000000000000000000e+00 1.000000000000000000e+00 4.697481353296756312e-01 5.302518646703243688e-01
1.000000000000000000e+00 0.000000000000000000e+00 5.236794309117308588e-01 4.763205690882690857e-01
1.000000000000000000e+00 0.000000000000000000e+00 5.190110980454556433e-01 4.809889019545442457e-01
0.000000000000000000e+00 1.000000000000000000e+00 4.012266317863901199e-01 5.987733682136099356e-01
0.000000000000000000e+00 0.000000000000000000e+00 7.062465795035962612e-01 2.937534204964036832e-01
0.000000000000000000e+00 0.000000000000000000e+00 7.780903571139965447e-01 2.219096428860036774e-01
0.000000000000000000e+00 1.000000000000000000e+00 3.921192603201604787e-01 6.078807396798395768e-01
0.000000000000000000e+00 0.000000000000000000e+00 5.122550691168598069e-01 4.877449308831403596e-01
0.000000000000000000e+00 0.000000000000000000e+00 5.764429687968092297e-01 4.235570312031905482e-01
1.000000000000000000e+00 1.000000000000000000e+00 4.550816950705064423e-01 5.449183049294935577e-01
1.000000000000000000e+00 0.000000000000000000e+00 5.753138053891221348e-01 4.246861946108779207e-01
1.000000000000000000e+00 1.000000000000000000e+00 4.219985694595314030e-01 5.780014305404684860e-01
1.000000000000000000e+00 0.000000000000000000e+00 6.815936278639000978e-01 3.184063721360998467e-01
1.000000000000000000e+00 1.000000000000000000e+00 4.626171084855548732e-01 5.373828915144451823e-01
1.000000000000000000e+00 0.000000000000000000e+00 5.679609312495559337e-01 4.320390687504442329e-01
1.000000000000000000e+00 1.000000000000000000e+00 3.989592466351093436e-01 6.010407533648907119e-01
1.000000000000000000e+00 1.000000000000000000e+00 2.896117835424740772e-01 7.103882164575260338e-01
0.000000000000000000e+00 0.000000000000000000e+00 5.191329935932235129e-01 4.808670064067763761e-01
1.000000000000000000e+00 0.000000000000000000e+00 5.000000000000000000e-01 5.000000000000000000e-01
0.000000000000000000e+00 1.000000000000000000e+00 3.297196694378732307e-01 6.702803305621267693e-01
0.000000000000000000e+00 1.000000000000000000e+00 2.715358784045814322e-01 7.284641215954185123e-01
1.000000000000000000e+00 0.000000000000000000e+00 5.748690839657418783e-01 4.251309160342579552e-01
0.000000000000000000e+00 1.000000000000000000e+00 3.750154885187811926e-01 6.249845114812186964e-01
1.000000000000000000e+00 1.000000000000000000e+00 3.581533785932547453e-01 6.418466214067450881e-01
1.000000000000000000e+00 0.000000000000000000e+00 5.333621886863547656e-01 4.666378113136451788e-01
0.000000000000000000e+00 1.000000000000000000e+00 2.317689242013473983e-01 7.682310757986525740e-01
1.000000000000000000e+00 0.000000000000000000e+00 5.504575507337952089e-01 4.495424492662045690e-01
1.000000000000000000e+00 1.000000000000000000e+00 2.210018682794991918e-01 7.789981317205005862e-01
0.000000000000000000e+00 1.000000000000000000e+00 2.267220296971720062e-01 7.732779703028280771e-01
0.000000000000000000e+00 1.000000000000000000e+00 4.426663464210242593e-01 5.573336535789756851e-01
1.000000000000000000e+00 0.000000000000000000e+00 5.320255812805823048e-01 4.679744187194176952e-01
0.000000000000000000e+00 1.000000000000000000e+00 4.345906592507239874e-01 5.654093407492760681e-01
1.000000000000000000e+00 0.000000000000000000e+00 6.565819494099851550e-01 3.434180505900149560e-01
0.000000000000000000e+00 1.000000000000000000e+00 3.391623674401764155e-01 6.608376325598237511e-01
0.000000000000000000e+00 1.000000000000000000e+00 4.683044585410957028e-01 5.316955414589044082e-01
1.000000000000000000e+00 0.000000000000000000e+00 6.131557808070077220e-01 3.868442191929923335e-01
1.000000000000000000e+00 1.000000000000000000e+00 3.377201667200280255e-01 6.622798332799719745e-01
1.000000000000000000e+00 1.000000000000000000e+00 4.373389669157132786e-01 5.626610330842869434e-01
1.000000000000000000e+00 0.000000000000000000e+00 7.237178610364207731e-01 2.762821389635789493e-01
1.000000000000000000e+00 0.000000000000000000e+00 6.813280171188473844e-01 3.186719828811526156e-01
0.000000000000000000e+00 1.000000000000000000e+00 3.745884259450463771e-01 6.254115740549536229e-01
1.000000000000000000e+00 1.000000000000000000e+00 4.494911136146616526e-01 5.505088863853384584e-01
1.000000000000000000e+00 0.000000000000000000e+00 5.219757957207905585e-01 4.780242042792096080e-01
1.000000000000000000e+00 0.000000000000000000e+00 5.346334582739661334e-01 4.653665417260338666e-01
1.000000000000000000e+00 1.000000000000000000e+00 4.063334467800692185e-01 5.936665532199307815e-01
0.000000000000000000e+00 1.000000000000000000e+00 4.795461249527788183e-01 5.204538750472211817e-01
1.000000000000000000e+00 0.000000000000000000e+00 5.459247639622569759e-01 4.540752360377428576e-01
0.000000000000000000e+00 1.000000000000000000e+00 3.925497347194598641e-01 6.074502652805401359e-01
0.000000000000000000e+00 0.000000000000000000e+00 6.696502310639491640e-01 3.303497689360507805e-01
0.000000000000000000e+00 0.000000000000000000e+00 6.491787411723342061e-01 3.508212588276656829e-01
0.000000000000000000e+00 1.000000000000000000e+00 3.078120898279548823e-01 6.921879101720452843e-01
0.000000000000000000e+00 0.000000000000000000e+00 5.407318223329837803e-01 4.592681776670161642e-01
1.000000000000000000e+00 1.000000000000000000e+00 2.499077725865721800e-01 7.500922274134276257e-01
0.000000000000000000e+00 0.000000000000000000e+00 6.709223440735707644e-01 3.290776559264292911e-01
1.000000000000000000e+00 1.000000000000000000e+00 4.717675210498427640e-01 5.282324789501572360e-01
1.000000000000000000e+00 1.000000000000000000e+00 3.671389302433960000e-01 6.328610697566039445e-01
1.000000000000000000e+00 1.000000000000000000e+00 4.085807868331652326e-01 5.914192131668347674e-01
1.000000000000000000e+00 1.000000000000000000e+00 2.895899250054016494e-01 7.104100749945984061e-01
1.000000000000000000e+00 0.000000000000000000e+00 5.208192819481910485e-01 4.791807180518090625e-01
1.000000000000000000e+00 1.000000000000000000e+00 3.957034703028990963e-01 6.042965296971009037e-01
1.000000000000000000e+00 0.000000000000000000e+00 7.132527703965750865e-01 2.867472296034249690e-01
0.000000000000000000e+00 1.000000000000000000e+00 4.367755122288931591e-01 5.632244877711067854e-01
1.000000000000000000e+00 0.000000000000000000e+00 5.538649416607119846e-01 4.461350583392880709e-01
1.000000000000000000e+00 0.000000000000000000e+00 5.800705089003477255e-01 4.199294910996524410e-01
1.000000000000000000e+00 1.000000000000000000e+00 4.888295739251959371e-01 5.111704260748042294e-01
1.000000000000000000e+00 0.000000000000000000e+00 6.275008195477016493e-01 3.724991804522982952e-01
1.000000000000000000e+00 1.000000000000000000e+00 4.265598250665573188e-01 5.734401749334426812e-01
0.000000000000000000e+00 0.000000000000000000e+00 6.832939531206478900e-01 3.167060468793519434e-01
1.000000000000000000e+00 1.000000000000000000e+00 3.770078307395553496e-01 6.229921692604445393e-01
1.000000000000000000e+00 1.000000000000000000e+00 3.934694547535039222e-01 6.065305452464960778e-01
0.000000000000000000e+00 1.000000000000000000e+00 3.534414623603326921e-01 6.465585376396670858e-01
0.000000000000000000e+00 1.000000000000000000e+00 4.285602092488423054e-01 5.714397907511574726e-01
0.000000000000000000e+00 0.000000000000000000e+00 6.147413584948270282e-01 3.852586415051730828e-01
1.000000000000000000e+00 1.000000000000000000e+00 4.603327119632059095e-01 5.396672880367939795e-01
0.000000000000000000e+00 0.000000000000000000e+00 5.366673355570348303e-01 4.633326644429650032e-01
1.000000000000000000e+00 1.000000000000000000e+00 4.029249795203517781e-01 5.970750204796482219e-01
1.000000000000000000e+00 1.000000000000000000e+00 3.855641832879995179e-01 6.144358167120005376e-01
0.000000000000000000e+00 1.000000000000000000e+00 4.189605430121207674e-01 5.810394569878790660e-01
0.000000000000000000e+00 1.000000000000000000e+00 3.648339549627321876e-01 6.351660450372680344e-01
1.000000000000000000e+00 1.000000000000000000e+00 3.213026781173621838e-01 6.786973218826376497e-01
0.000000000000000000e+00 1.000000000000000000e+00 3.647748487533081785e-01 6.352251512466916550e-01
1.000000000000000000e+00 1.000000000000000000e+00 4.377025140563523542e-01 5.622974859436477013e-01
0.000000000000000000e+00 0.000000000000000000e+00 5.689103394525049096e-01 4.310896605474950349e-01
1.000000000000000000e+00 0.000000000000000000e+00 6.036163492211417125e-01 3.963836507788581209e-01
1.000000000000000000e+00 1.000000000000000000e+00 1.797444771266539232e-01 8.202555228733459103e-01
1.000000000000000000e+00 0.000000000000000000e+00 6.120339407107586727e-01 3.879660592892413828e-01
1.000000000000000000e+00 0.000000000000000000e+00 6.126258694852160236e-01 3.873741305147840319e-01
1.000000000000000000e+00 1.000000000000000000e+00 3.930782477295254318e-01 6.069217522704744017e-01
1.000000000000000000e+00 0.000000000000000000e+00 5.950562688924120325e-01 4.049437311075880785e-01
1.000000000000000000e+00 0.000000000000000000e+00 6.407162803816206509e-01 3.592837196183793491e-01
1.000000000000000000e+00 0.000000000000000000e+00 5.066388240987870217e-01 4.933611759012129783e-01
1.000000000000000000e+00 0.000000000000000000e+00 5.288782319283406030e-01 4.711217680716595635e-01
1.000000000000000000e+00 1.000000000000000000e+00 4.113006598042063811e-01 5.886993401957933969e-01
0.000000000000000000e+00 0.000000000000000000e+00 5.810689129226564997e-01 4.189310870773435558e-01
0.000000000000000000e+00 0.000000000000000000e+00 5.158953423558034768e-01 4.841046576441966898e-01
1.000000000000000000e+00 0.000000000000000000e+00 7.094414004380390493e-01 2.905585995619611173e-01
0.000000000000000000e+00 0.000000000000000000e+00 5.355785330921518650e-01 4.644214669078481905e-01
1.000000000000000000e+00 1.000000000000000000e+00 4.748394550965905903e-01 5.251605449034095763e-01
1.000000000000000000e+00 0.000000000000000000e+00 5.508258003370671840e-01 4.491741996629329270e-01
1.000000000000000000e+00 1.000000000000000000e+00 4.169681908030403727e-01 5.830318091969595162e-01
1.000000000000000000e+00 0.000000000000000000e+00 5.824986177516479069e-01 4.175013822483520376e-01
1.000000000000000000e+00 0.000000000000000000e+00 5.560121307808336688e-01 4.439878692191665532e-01
1.000000000000000000e+00 1.000000000000000000e+00 4.718753401060740704e-01 5.281246598939259851e-01
0.000000000000000000e+00 1.000000000000000000e+00 4.621598745412097142e-01 5.378401254587902303e-01
0.000000000000000000e+00 0.000000000000000000e+00 6.363903236796979446e-01 3.636096763203020554e-01
1.000000000000000000e+00 1.000000000000000000e+00 3.776393643955487933e-01 6.223606356044512067e-01
1.000000000000000000e+00 0.000000000000000000e+00 7.634317913308509285e-01 2.365682086691490438e-01
1.000000000000000000e+00 1.000000000000000000e+00 4.517418158765991731e-01 5.482581841234007713e-01
1.000000000000000000e+00 1.000000000000000000e+00 4.079879664299316255e-01 5.920120335700684855e-01
0.000000000000000000e+00 0.000000000000000000e+00 5.050689713231465428e-01 4.949310286768534572e-01
1.000000000000000000e+00 1.000000000000000000e+00 3.790765974213324285e-01 6.209234025786674049e-01
0.000000000000000000e+00 1.000000000000000000e+00 4.083994695385865237e-01 5.916005304614133653e-01
1.000000000000000000e+00 0.000000000000000000e+00 5.336846414347792278e-01 4.663153585652208832e-01
0.000000000000000000e+00 1.000000000000000000e+00 4.303541633883188333e-01 5.696458366116811112e-01
1.000000000000000000e+00 1.000000000000000000e+00 3.426259843673975514e-01 6.573740156326021156e-01
0.000000000000000000e+00 0.000000000000000000e+00 6.873088831152046607e-01 3.126911168847954503e-01
1.000000000000000000e+00 0.000000000000000000e+00 6.047091679161813449e-01 3.952908320838185441e-01
1.000000000000000000e+00 0.000000000000000000e+00 6.806894859401604325e-01 3.193105140598397340e-01
1.000000000000000000e+00 0.000000000000000000e+00 6.970451000726993751e-01 3.029548999273008469e-01
1.000000000000000000e+00 0.000000000000000000e+00 5.915289726598179643e-01 4.084710273401819802e-01
1.000000000000000000e+00 0.000000000000000000e+00 5.774215651096891166e-01 4.225784348903108834e-01
1.000000000000000000e+00 0.000000000000000000e+00 5.703605364396019395e-01 4.296394635603980050e-01
1.000000000000000000e+00 0.000000000000000000e+00 5.651440187234264556e-01 4.348559812765735444e-01
1.000000000000000000e+00 1.000000000000000000e+00 3.878292445128371235e-01 6.121707554871629320e-01
1.000000000000000000e+00 0.000000000000000000e+00 5.000000000000000000e-01 5.000000000000000000e-01
0.000000000000000000e+00 0.000000000000000000e+00 5.372580574789925789e-01 4.627419425210072546e-01
1.000000000000000000e+00 1.000000000000000000e+00 3.649966809284803659e-01 6.350033190715196341e-01
1.000000000000000000e+00 0.000000000000000000e+00 8.238069041559489269e-01 1.761930958440510731e-01
1.000000000000000000e+00 1.000000000000000000e+00 4.626466953442961993e-01 5.373533046557037451e-01
1.000000000000000000e+00 0.000000000000000000e+00 6.512741586645971470e-01 3.487258413354028530e-01
0.000000000000000000e+00 1.000000000000000000e+00 4.407067863251833972e-01 5.592932136748166583e-01
0.000000000000000000e+00 1.000000000000000000e+00 4.677089099921039050e-01 5.322910900078960950e-01
0.000000000000000000e+00 0.000000000000000000e+00 5.862666590035181535e-01 4.137333409964818465e-01
0.000000000000000000e+00 0.000000000000000000e+00 7.097209576122143204e-01 2.902790423877857906e-01
0.000000000000000000e+00 0.000000000000000000e+00 6.935297656357938267e-01 3.064702343642063953e-01
0.000000000000000000e+00 0.000000000000000000e+00 5.355689987200890068e-01 4.644310012799110488e-01
1.000000000000000000e+00 0.000000000000000000e+00 6.295860517037348281e-01 3.704139482962652274e-01
1.000000000000000000e+00 1.000000000000000000e+00 4.158693516842024152e-01 5.841306483157977514e-01
1.000000000000000000e+00 1.000000000000000000e+00 3.981615557381114612e-01 6.018384442618885943e-01
1.000000000000000000e+00 1.000000000000000000e+00 4.508767867871626978e-01 5.491232132128371912e-01
1.000000000000000000e+00 1.000000000000000000e+00 4.803847461091457771e-01 5.196152538908542784e-01
1.000000000000000000e+00 0.000000000000000000e+00 5.968147866924118361e-01 4.031852133075881084e-01
1.000000000000000000e+00 0.000000000000000000e+00 6.280094692865030304e-01 3.719905307134969141e-01
0.000000000000000000e+00 0.000000000000000000e+00 5.118069452021322130e-01 4.881930547978678425e-01
1.000000000000000000e+00 0.000000000000000000e+00 4.866825309526072174e-01 5.133174690473928381e-01
1.000000000000000000e+00 1.000000000000000000e+00 4.257688827188302327e-01 5.742311172811698228e-01
1.000000000000000000e+00 1.000000000000000000e+00 4.362514648141684326e-01 5.637485351858315674e-01
1.000000000000000000e+00 1.000000000000000000e+00 4.306983216801912318e-01 5.693016783198087127e-01
1.000000000000000000e+00 0.000000000000000000e+00 6.269818468682313295e-01 3.730181531317685040e-01
1.000000000000000000e+00 1.000000000000000000e+00 3.633917402494588056e-01 6.366082597505411389e-01
1.000000000000000000e+00 1.000000000000000000e+00 3.519722270395790886e-01 6.480277729604210224e-01
1.000000000000000000e+00 0.000000000000000000e+00 6.860199713500574337e-01 3.139800286499425108e-01
0.000000000000000000e+00 1.000000000000000000e+00 2.925174912522577886e-01 7.074825087477422114e-01
1.000000000000000000e+00 0.000000000000000000e+00 4.912143871419116237e-01 5.087856128580882098e-01
1.000000000000000000e+00 0.000000000000000000e+00 5.233694087359420655e-01 4.766305912640578790e-01
1.000000000000000000e+00 1.000000000000000000e+00 3.750135132627457346e-01 6.249864867372543209e-01
1.000000000000000000e+00 0.000000000000000000e+00 5.602171614698780999e-01 4.397828385301220111e-01
0.000000000000000000e+00 0.000000000000000000e+00 5.346992494934645901e-01 4.653007505065353544e-01
1.000000000000000000e+00 1.000000000000000000e+00 3.408483150661086869e-01 6.591516849338914241e-01
1.000000000000000000e+00 0.000000000000000000e+00 7.747343214947725043e-01 2.252656785052273847e-01
0.000000000000000000e+00 0.000000000000000000e+00 6.054307720119281866e-01 3.945692279880718134e-01
0.000000000000000000e+00 1.000000000000000000e+00 3.891554334647950864e-01 6.108445665352049136e-01
0.000000000000000000e+00 0.000000000000000000e+00 5.972752226065205505e-01 4.027247773934795605e-01
0.000000000000000000e+00 0.000000000000000000e+00 5.992755278590533585e-01 4.007244721409466970e-01
1.000000000000000000e+00 1.000000000000000000e+00 2.993577136794013938e-01 7.006422863205986618e-01
0.000000000000000000e+00 1.000000000000000000e+00 4.381164143492920493e-01 5.618835856507078397e-01
1.000000000000000000e+00 0.000000000000000000e+00 5.684147857921678648e-01 4.315852142078320242e-01
1.000000000000000000e+00 1.000000000000000000e+00 4.702994986794803989e-01 5.297005013205196011e-01
1.000000000000000000e+00 1.000000000000000000e+00 3.719278841662457813e-01 6.280721158337542187e-01
1.000000000000000000e+00 1.000000000000000000e+00 3.696504519086535878e-01 6.303495480913462456e-01
0.000000000000000000e+00 1.000000000000000000e+00 4.651024845739183955e-01 5.348975154260816600e-01
0.000000000000000000e+00 1.000000000000000000e+00 3.970022414145733536e-01 6.029977585854267019e-01
1.000000000000000000e+00 0.000000000000000000e+00 5.000000000000000000e-01 5.000000000000000000e-01
0.000000000000000000e+00 1.000000000000000000e+00 2.720671501815189464e-01 7.279328498184811647e-01
0.000000000000000000e+00 1.000000000000000000e+00 3.502298284813185059e-01 6.497701715186814386e-01
0.000000000000000000e+00 0.000000000000000000e+00 5.395169399081809480e-01 4.604830600918190520e-01
1.000000000000000000e+00 1.000000000000000000e+00 2.752557349005784748e-01 7.247442650994214697e-01
0.000000000000000000e+00 1.000000000000000000e+00 4.646063535243117881e-01 5.353936464756882119e-01
1.000000000000000000e+00 0.000000000000000000e+00 7.112430301003404010e-01 2.887569698996598766e-01
1.000000000000000000e+00 0.000000000000000000e+00 7.051627855930520106e-01 2.948372144069479339e-01
0.000000000000000000e+00 1.000000000000000000e+00 4.356771057532339841e-01 5.643228942467660714e-01
0.000000000000000000e+00 1.000000000000000000e+00 3.446001684128549014e-01 6.553998315871450986e-01
1.000000000000000000e+00 1.000000000000000000e+00 4.569573065062659811e-01 5.430426934937340189e-01
1.000000000000000000e+00 1.000000000000000000e+00 4.656250441695849451e-01 5.343749558304149438e-01
1.000000000000000000e+00 0.000000000000000000e+00 5.059925927743158525e-01 4.940074072256840920e-01
0.000000000000000000e+00 0.000000000000000000e+00 5.340997058338994297e-01 4.659002941661005148e-01
1.000000000000000000e+00 0.000000000000000000e+00 5.000000000000000000e-01 5.000000000000000000e-01
1.000000000000000000e+00 0.000000000000000000e+00 7.577740285058134351e-01 2.422259714941864817e-01
1.000000000000000000e+00 1.000000000000000000e+00 4.362209580748033222e-01 5.637790419251966778e-01
0.000000000000000000e+00 0.000000000000000000e+00 5.255650296197952320e-01 4.744349703802048790e-01
0.000000000000000000e+00 0.000000000000000000e+00 5.421964265168975894e-01 4.578035734831024661e-01
1.000000000000000000e+00 1.000000000000000000e+00 4.314339834328965728e-01 5.685660165671033717e-01
0.000000000000000000e+00 0.000000000000000000e+00 6.877290314697293017e-01 3.122709685302707538e-01
0.000000000000000000e+00 0.000000000000000000e+00 7.502351062954942806e-01 2.497648937045058581e-01
1.000000000000000000e+00 0.000000000000000000e+00 4.895545782600079221e-01 5.104454217399920779e-01
1.000000000000000000e+00 1.000000000000000000e+00 3.258586232169501939e-01 6.741413767830498616e-01
1.000000000000000000e+00 0.000000000000000000e+00 4.943922400654119920e-01 5.056077599345879525e-01
0.000000000000000000e+00 1.000000000000000000e+00 4.225809449218910774e-01 5.774190550781088671e-01
0.000000000000000000e+00 1.000000000000000000e+00 4.585832312069804684e-01 5.414167687930195871e-01
1.000000000000000000e+00 0.000000000000000000e+00 5.000000000000000000e-01 5.000000000000000000e-01
1.000000000000000000e+00 0.000000000000000000e+00 5.402392493007167618e-01 4.597607506992831827e-01
1.000000000000000000e+00 0.000000000000000000e+00 5.575179979901118132e-01 4.424820020098880757e-01
0.000000000000000000e+00 1.000000000000000000e+00 4.601722284458736878e-01 5.398277715541260902e-01
0.000000000000000000e+00 0.000000000000000000e+00 5.718809933528123945e-01 4.281190066471876055e-01
1.000000000000000000e+00 1.000000000000000000e+00 4.093334067310377411e-01 5.906665932689623144e-01
0.000000000000000000e+00 0.000000000000000000e+00 5.080351168091578051e-01 4.919648831908420838e-01
1.000000000000000000e+00 1.000000000000000000e+00 4.628834578321085469e-01 5.371165421678915086e-01
1.000000000000000000e+00 0.000000000000000000e+00 5.953817829848569998e-01 4.046182170151430557e-01
1.000000000000000000e+00 1.000000000000000000e+00 3.814074725739418081e-01 6.185925274260583029e-01
0.000000000000000000e+00 1.000000000000000000e+00 3.553400305115271829e-01 6.446599694884728171e-01
0.000000000000000000e+00 1.000000000000000000e+00 4.482699414795098813e-01 5.517300585204899521e-01
1.000000000000000000e+00 0.000000000000000000e+00 5.116316956878124156e-01 4.883683043121875289e-01
1.000000000000000000e+00 1.000000000000000000e+00 4.405326773408226315e-01 5.594673226591773130e-01
1.000000000000000000e+00 0.000000000000000000e+00 5.597322627539879081e-01 4.402677372460120919e-01
1.000000000000000000e+00 1.000000000000000000e+00 4.773197305114205147e-01 5.226802694885794853e-01
1.000000000000000000e+00 0.000000000000000000e+00 6.367693662679634325e-01 3.632306337320366785e-01
1.000000000000000000e+00 0.000000000000000000e+00 5.064903520255309433e-01 4.935096479744690012e-01
1.000000000000000000e+00 0.000000000000000000e+00 6.003424762519915525e-01 3.996575237480084475e-01
0.000000000000000000e+00 0.000000000000000000e+00 5.000000000000000000e-01 5.000000000000000000e-01
1.000000000000000000e+00 1.000000000000000000e+00 2.025505547875605938e-01 7.974494452124394339e-01
0.000000000000000000e+00 0.000000000000000000e+00 5.400043519858170882e-01 4.599956480141830784e-01
1.000000000000000000e+00 1.000000000000000000e+00 4.016408747888461916e-01 5.983591252111537528e-01
0.000000000000000000e+00 1.000000000000000000e+00 4.775867995653479969e-01 5.224132004346517810e-01
1.000000000000000000e+00 0.000000000000000000e+00 5.163285412767398830e-01 4.836714587232603946e-01
0.000000000000000000e+00 1.000000000000000000e+00 3.510906288443610412e-01 6.489093711556388477e-01
1.000000000000000000e+00 1.000000000000000000e+00 3.513076172855256196e-01 6.486923827144742694e-01
0.000000000000000000e+00 0.000000000000000000e+00 5.513197963966273152e-01 4.486802036033726848e-01
1.000000000000000000e+00 1.000000000000000000e+00 4.502583099355788598e-01 5.497416900644209736e-01
1.000000000000000000e+00 1.000000000000000000e+00 4.419245995296409713e-01 5.580754004703590843e-01
0.000000000000000000e+00 1.000000000000000000e+00 4.571379201726791797e-01 5.428620798273205983e-01
1.000000000000000000e+00 1.000000000000000000e+00 3.908935598832385394e-01 6.091064401167614051e-01
1.000000000000000000e+00 1.000000000000000000e+00 3.565346188045598885e-01 6.434653811954401670e-01
1.000000000000000000e+00 1.000000000000000000e+00 4.286027737091467893e-01 5.713972262908530997e-01
0.000000000000000000e+00 0.000000000000000000e+00 5.278931568179748846e-01 4.721068431820253930e-01
0.000000000000000000e+00 0.000000000000000000e+00 5.872087623279915736e-01 4.127912376720084264e-01
1.000000000000000000e+00 1.000000000000000000e+00 3.088088664914951376e-01 6.911911335085046959e-01
1.000000000000000000e+00 0.000000000000000000e+00 5.394006077353598050e-01 4.605993922646400840e-01
0.000000000000000000e+00 1.000000000000000000e+00 4.667520169918493722e-01 5.332479830081505723e-01
1.000000000000000000e+00 0.000000000000000000e+00 5.322846210417069290e-01 4.677153789582930710e-01
1.000000000000000000e+00 1.000000000000000000e+00 4.554257155494815801e-01 5.445742844505184754e-01
1.000000000000000000e+00 0.000000000000000000e+00 5.160612414466120290e-01 4.839387585533879155e-01
0.000000000000000000e+00 0.000000000000000000e+00 5.823487024064084583e-01 4.176512975935917638e-01
1.000000000000000000e+00 0.000000000000000000e+00 5.090417464236247636e-01 4.909582535763752920e-01
1.000000000000000000e+00 0.000000000000000000e+00 6.185464348089664277e-01 3.814535651910334613e-01
1.000000000000000000e+00 1.000000000000000000e+00 4.438696612499605232e-01 5.561303387500393658e-01
1.000000000000000000e+00 1.000000000000000000e+00 3.827437012512485137e-01 6.172562987487515418e-01
1.000000000000000000e+00 0.000000000000000000e+00 5.186893760070292458e-01 4.813106239929708097e-01
1.000000000000000000e+00 1.000000000000000000e+00 4.294510263341309031e-01 5.705489736658692079e-01
1.000000000000000000e+00 0.000000000000000000e+00 5.105190845919930220e-01 4.894809154080069225e-01
1.000000000000000000e+00 0.000000000000000000e+00 5.718075193073128837e-01 4.281924806926871718e-01
1.000000000000000000e+00 0.000000000000000000e+00 5.674647272381718732e-01 4.325352727618281268e-01
1.000000000000000000e+00 0.000000000000000000e+00 5.088201061269811420e-01 4.911798938730189690e-01
1.000000000000000000e+00 1.000000000000000000e+00 4.401215092836207599e-01 5.598784907163794067e-01
1.000000000000000000e+00 1.000000000000000000e+00 4.119008985665448264e-01 5.880991014334551181e-01
1.000000000000000000e+00 1.000000000000000000e+00 4.454856828990144679e-01 5.545143171009854210e-01
1.000000000000000000e+00 0.000000000000000000e+00 5.300679551416517254e-01 4.699320448583483856e-01
0.000000000000000000e+00 0.000000000000000000e+00 5.088028672990303480e-01 4.911971327009696520e-01
1.000000000000000000e+00 0.000000000000000000e+00 5.686162839614403719e-01 4.313837160385596836e-01
1.000000000000000000e+00 1.000000000000000000e+00 4.654973629138311475e-01 5.345026370861690745e-01
1.000000000000000000e+00 1.000000000000000000e+00 4.739714199725121313e-01 5.260285800274877577e-01
0.000000000000000000e+00 0.000000000000000000e+00 5.000000000000000000e-01 5.000000000000000000e-01
1.000000000000000000e+00 1.000000000000000000e+00 4.581306948834381054e-01 5.418693051165618391e-01
1.000000000000000000e+00 0.000000000000000000e+00 6.326786410966246388e-01 3.673213589033753612e-01
1.000000000000000000e+00 1.000000000000000000e+00 2.963153434274354292e-01 7.036846565725646263e-01
1.000000000000000000e+00 0.000000000000000000e+00 6.059915080943777399e-01 3.940084919056222601e-01
1.000000000000000000e+00 0.000000000000000000e+00 5.994814916170014829e-01 4.005185083829985171e-01
1.000000000000000000e+00 0.000000000000000000e+00 5.940449085404814200e-01 4.059550914595185800e-01
0.000000000000000000e+00 1.000000000000000000e+00 4.701815091592239093e-01 5.298184908407761462e-01
0.000000000000000000e+00 0.000000000000000000e+00 5.792031765743748117e-01 4.207968234256251883e-01
0.000000000000000000e+00 1.000000000000000000e+00 3.640538996712346376e-01 6.359461003287653069e-01
1.000000000000000000e+00 1.000000000000000000e+00 3.224604558200181437e-01 6.775395441799819674e-01
1.000000000000000000e+00 0.000000000000000000e+00 4.932039301373560281e-01 5.067960698626439164e-01
0.000000000000000000e+00 0.000000000000000000e+00 6.092290703497776905e-01 3.907709296502224205e-01
1.000000000000000000e+00 0.000000000000000000e+00 5.120673403881457197e-01 4.879326596118544468e-01
1.000000000000000000e+00 0.000000000000000000e+00 5.364189193879089768e-01 4.635810806120911343e-01
1.000000000000000000e+00 0.000000000000000000e+00 6.110628388549153023e-01 3.889371611450845867e-01
1.000000000000000000e+00 1.000000000000000000e+00 4.179000907873348103e-01 5.820999092126650787e-01
0.000000000000000000e+00 1.000000000000000000e+00 4.015996757333427647e-01 5.984003242666573463e-01
0.000000000000000000e+00 1.000000000000000000e+00 4.466417717998047987e-01 5.533582282001953123e-01
1.000000000000000000e+00 1.000000000000000000e+00 4.811768129224122670e-01 5.188231870775876775e-01
0.000000000000000000e+00 0.000000000000000000e+00 5.648232414963449965e-01 4.351767585036551145e-01
1.000000000000000000e+00 1.000000000000000000e+00 4.229544026606974483e-01 5.770455973393024962e-01
1.000000000000000000e+00 1.000000000000000000e+00 4.534435951504835471e-01 5.465564048495165084e-01
1.000000000000000000e+00 0.000000000000000000e+00 4.919859846464983977e-01 5.080140153535015468e-01
1.000000000000000000e+00 0.000000000000000000e+00 5.761123730751667171e-01 4.238876269248331163e-01
1.000000000000000000e+00 0.000000000000000000e+00 6.007958647865712098e-01 3.992041352134289012e-01
1.000000000000000000e+00 0.000000000000000000e+00 4.936906615252695252e-01 5.063093384747303638e-01
1.000000000000000000e+00 1.000000000000000000e+00 4.829772907431291729e-01 5.170227092568708827e-01
0.000000000000000000e+00 1.000000000000000000e+00 3.293535137946011493e-01 6.706464862053987952e-01
1.000000000000000000e+00 0.000000000000000000e+00 5.000000000000000000e-01 5.000000000000000000e-01
1.000000000000000000e+00 0.000000000000000000e+00 5.000000000000000000e-01 5.000000000000000000e-01
1.000000000000000000e+00 0.000000000000000000e+00 6.026270393625430266e-01 3.973729606374570289e-01
0.000000000000000000e+00 1.000000000000000000e+00 4.545543035114549268e-01 5.454456964885450176e-01
1.000000000000000000e+00 0.000000000000000000e+00 4.949179800584718181e-01 5.050820199415281264e-01
0.000000000000000000e+00 0.000000000000000000e+00 5.974489173613042325e-01 4.025510826386957675e-01
1.000000000000000000e+00 1.000000000000000000e+00 4.391703573621380530e-01 5.608296426378618360e-01
