0.000000000000000000e+00 0.000000000000000000e+00 7.055555555555556024e-01 2.944444444444444531e-01
0.000000000000000000e+00 1.000000000000000000e+00 4.444444444444444198e-01 5.555555555555555802e-01
1.000000000000000000e+00 0.000000000000000000e+00 6.055555555555555136e-01 3.944444444444444309e-01
0.000000000000000000e+00 0.000000000000000000e+00 5.999999999999999778e-01 4.000000000000000222e-01
1.000000000000000000e+00 1.000000000000000000e+00 2.555555555555555358e-01 7.444444444444444642e-01
0.000000000000000000e+00 1.000000000000000000e+00 4.500000000000000111e-01 5.500000000000000444e-01
1.000000000000000000e+00 1.000000000000000000e+00 4.000000000000000222e-01 5.999999999999999778e-01
1.000000000000000000e+00 0.000000000000000000e+00 6.555555555555555580e-01 3.444444444444444420e-01
1.000000000000000000e+00 0.000000000000000000e+00 5.000000000000000000e-01 5.000000000000000000e-01
0.000000000000000000e+00 0.000000000000000000e+00 7.111111111111111382e-01 2.888888888888888618e-01
1.000000000000000000e+00 1.000000000000000000e+00 2.444444444444444364e-01 7.555555555555555358e-01
1.000000000000000000e+00 0.000000000000000000e+00 5.000000000000000000e-01 5.000000000000000000e-01
0.000000000000000000e+00 1.000000000000000000e+00 4.055555555555555580e-01 5.944444444444444420e-01
1.000000000000000000e+00 1.000000000000000000e+00 2.166666666666666741e-01 7.833333333333333259e-01
1.000000000000000000e+00 0.000000000000000000e+00 6.500000000000000222e-01 3.499999999999999778e-01
0.000000000000000000e+00 1.000000000000000000e+00 3.499999999999999778e-01 6.500000000000000222e-01
1.000000000000000000e+00 0.000000000000000000e+00 5.333333333333333259e-01 4.666666666666666741e-01
1.000000000000000000e+00 1.000000000000000000e+00 3.166666666666666519e-01 6.833333333333333481e-01
0.000000000000000000e+00 0.000000000000000000e+00 5.833333333333333703e-01 4.166666666666666852e-01
1.000000000000000000e+00 1.000000000000000000e+00 4.333333333333333481e-01 5.666666666666666519e-01
1.000000000000000000e+00 1.000000000000000000e+00 1.555555555555555580e-01 8.444444444444444420e-01
1.000000000000000000e+00 1.000000000000000000e+00 2.666666666666666630e-01 7.333333333333332815e-01
1.000000000000000000e+00 1.000000000000000000e+00 4.166666666666666852e-01 5.833333333333333703e-01
0.000000000000000000e+00 0.000000000000000000e+00 5.888888888888889062e-01 4.111111111111110938e-01
1.000000000000000000e+00 1.000000000000000000e+00 2.833333333333333259e-01 7.166666666666666741e-01
1.000000000000000000e+00 1.000000000000000000e+00 3.722222222222222321e-01 6.277777777777777679e-01
0.000000000000000000e+00 1.000000000000000000e+00 2.833333333333333259e-01 7.166666666666666741e-01
0.000000000000000000e+00 1.000000000000000000e+00 3.722222222222222321e-01 6.277777777777777679e-01
1.000000000000000000e+00 0.000000000000000000e+00 5.888888888888889062e-01 4.111111111111110938e-01
0.000000000000000000e+00 0.000000000000000000e+00 5.333333333333333259e-01 4.666666666666666741e-01
1.000000000000000000e+00 1.000000000000000000e+00 1.555555555555555580e-01 8.444444444444444420e-01
0.000000000000000000e+00 1.000000000000000000e+00 3.333333333333333148e-01 6.666666666666666297e-01
1.000000000000000000e+00 0.000000000000000000e+00 5.888888888888889062e-01 4.111111111111110938e-01
1.000000000000000000e+00 1.000000000000000000e+00 2.833333333333333259e-01 7.166666666666666741e-01
0.000000000000000000e+00 1.000000000000000000e+00 2.833333333333333259e-01 7.166666666666666741e-01
1.000000000000000000e+00 1.000000000000000000e+00 1.555555555555555580e-01 8.444444444444444420e-01
0.000000000000000000e+00 1.000000000000000000e+00 2.555555555555555358e-01 7.444444444444444642e-01
1.000000000000000000e+00 1.000000000000000000e+00 3.277777777777777790e-01 6.722222222222222765e-01
0.000000000000000000e+00 0.000000000000000000e+00 6.166666666666666963e-01 3.833333333333333592e-01
0.000000000000000000e+00 1.000000000000000000e+00 2.500000000000000000e-01 7.500000000000000000e-01
1.000000000000000000e+00 1.000000000000000000e+00 3.388888888888889062e-01 6.611111111111110938e-01
1.000000000000000000e+00 1.000000000000000000e+00 2.444444444444444364e-01 7.555555555555555358e-01
0.000000000000000000e+00 1.000000000000000000e+00 4.166666666666666852e-01 5.833333333333333703e-01
1.000000000000000000e+00 1.000000000000000000e+00 4.555555555555555469e-01 5.444444444444443976e-01
0.000000000000000000e+00 1.000000000000000000e+00 4.333333333333333481e-01 5.666666666666666519e-01
0.000000000000000000e+00 0.000000000000000000e+00 5.777777777777777235e-01 4.222222222222222210e-01
1.000000000000000000e+00 0.000000000000000000e+00 6.055555555555555136e-01 3.944444444444444309e-01
1.000000000000000000e+00 1.000000000000000000e+00 2.611111111111111271e-01 7.388888888888889284e-01
1.000000000000000000e+00 1.000000000000000000e+00 4.444444444444444198e-01 5.555555555555555802e-01
1.000000000000000000e+00 0.000000000000000000e+00 6.277777777777777679e-01 3.722222222222222321e-01
0.000000000000000000e+00 0.000000000000000000e+00 7.111111111111111382e-01 2.888888888888888618e-01
0.000000000000000000e+00 0.000000000000000000e+00 5.722222222222221877e-01 4.277777777777777568e-01
1.000000000000000000e+00 1.000000000000000000e+00 4.277777777777777568e-01 5.722222222222221877e-01
0.000000000000000000e+00 1.000000000000000000e+00 2.777777777777777901e-01 7.222222222222222099e-01
1.000000000000000000e+00 0.000000000000000000e+00 5.388888888888888618e-01 4.611111111111111382e-01
1.000000000000000000e+00 1.000000000000000000e+00 2.166666666666666741e-01 7.833333333333333259e-01
1.000000000000000000e+00 0.000000000000000000e+00 7.555555555555555358e-01 2.444444444444444364e-01
1.000000000000000000e+00 0.000000000000000000e+00 7.888888888888888618e-01 2.111111111111111105e-01
0.000000000000000000e+00 1.000000000000000000e+00 3.111111111111111160e-01 6.888888888888888840e-01
0.000000000000000000e+00 1.000000000000000000e+00 2.611111111111111271e-01 7.388888888888889284e-01
1.000000000000000000e+00 1.000000000000000000e+00 3.555555555555555691e-01 6.444444444444444864e-01
0.000000000000000000e+00 1.000000000000000000e+00 4.333333333333333481e-01 5.666666666666666519e-01
0.000000000000000000e+00 0.000000000000000000e+00 6.277777777777777679e-01 3.722222222222222321e-01
0.000000000000000000e+00 1.000000000000000000e+00 4.277777777777777568e-01 5.722222222222221877e-01
1.000000000000000000e+00 1.000000000000000000e+00 1.611111111111111216e-01 8.388888888888889062e-01
1.000000000000000000e+00 1.000000000000000000e+00 3.888888888888888951e-01 6.111111111111111605e-01
1.000000000000000000e+00 1.000000000000000000e+00 3.444444444444444420e-01 6.555555555555555580e-01
1.000000000000000000e+00 0.000000000000000000e+00 5.388888888888888618e-01 4.611111111111111382e-01
1.000000000000000000e+00 0.000000000000000000e+00 6.222222222222222321e-01 3.777777777777777679e-01
1.000000000000000000e+00 1.000000000000000000e+00 2.333333333333333370e-01 7.666666666666667185e-01
1.000000000000000000e+00 0.000000000000000000e+00 5.944444444444444420e-01 4.055555555555555580e-01
1.000000000000000000e+00 0.000000000000000000e+00 6.111111111111111605e-01 3.888888888888888951e-01
0.000000000000000000e+00 0.000000000000000000e+00 5.111111111111110716e-01 4.888888888888888729e-01
0.000000000000000000e+00 1.000000000000000000e+00 4.277777777777777568e-01 5.722222222222221877e-01
1.000000000000000000e+00 1.000000000000000000e+00 4.166666666666666852e-01 5.833333333333333703e-01
0.000000000000000000e+00 1.000000000000000000e+00 2.500000000000000000e-01 7.500000000000000000e-01
0.000000000000000000e+00 0.000000000000000000e+00 5.166666666666667185e-01 4.833333333333333370e-01
1.000000000000000000e+00 1.000000000000000000e+00 4.555555555555555469e-01 5.444444444444443976e-01
1.000000000000000000e+00 0.000000000000000000e+00 8.666666666666666963e-01 1.333333333333333315e-01
1.000000000000000000e+00 1.000000000000000000e+00 3.777777777777777679e-01 6.222222222222222321e-01
1.000000000000000000e+00 1.000000000000000000e+00 4.555555555555555469e-01 5.444444444444443976e-01
1.000000000000000000e+00 1.000000000000000000e+00 3.222222222222222432e-01 6.777777777777778123e-01
1.000000000000000000e+00 1.000000000000000000e+00 2.166666666666666741e-01 7.833333333333333259e-01
0.000000000000000000e+00 0.000000000000000000e+00 5.722222222222221877e-01 4.277777777777777568e-01
1.000000000000000000e+00 0.000000000000000000e+00 6.277777777777777679e-01 3.722222222222222321e-01
1.000000000000000000e+00 1.000000000000000000e+00 4.777777777777778012e-01 5.222222222222222543e-01
0.000000000000000000e+00 1.000000000000000000e+00 4.777777777777778012e-01 5.222222222222222543e-01
1.000000000000000000e+00 1.000000000000000000e+00 1.388888888888888951e-01 8.611111111111111605e-01
0.000000000000000000e+00 1.000000000000000000e+00 2.222222222222222099e-01 7.777777777777777901e-01
1.000000000000000000e+00 0.000000000000000000e+00 6.111111111111111605e-01 3.888888888888888951e-01
1.000000000000000000e+00 1.000000000000000000e+00 4.722222222222222099e-01 5.277777777777777901e-01
1.000000000000000000e+00 0.000000000000000000e+00 5.999999999999999778e-01 4.000000000000000222e-01
1.000000000000000000e+00 0.000000000000000000e+00 5.722222222222221877e-01 4.277777777777777568e-01
1.000000000000000000e+00 1.000000000000000000e+00 4.111111111111110938e-01 5.888888888888889062e-01
1.000000000000000000e+00 1.000000000000000000e+00 3.333333333333333148e-01 6.666666666666666297e-01
1.000000000000000000e+00 0.000000000000000000e+00 5.888888888888889062e-01 4.111111111111110938e-01
1.000000000000000000e+00 1.000000000000000000e+00 1.611111111111111216e-01 8.388888888888889062e-01
1.000000000000000000e+00 0.000000000000000000e+00 6.999999999999999556e-01 2.999999999999999889e-01
1.000000000000000000e+00 1.000000000000000000e+00 3.277777777777777790e-01 6.722222222222222765e-01
1.000000000000000000e+00 0.000000000000000000e+00 5.611111111111111160e-01 4.388888888888888840e-01
1.000000000000000000e+00 1.000000000000000000e+00 4.692307692307692291e-01 5.307692307692307709e-01
1.000000000000000000e+00 1.000000000000000000e+00 3.230769230769230949e-01 6.769230769230769607e-01
0.000000000000000000e+00 0.000000000000000000e+00 5.076923076923076650e-01 4.923076923076923350e-01
1.000000000000000000e+00 1.000000000000000000e+00 3.615384615384615308e-01 6.384615384615384137e-01
0.000000000000000000e+00 0.000000000000000000e+00 5.461538461538461009e-01 4.538461538461538436e-01
1.000000000000000000e+00 1.000000000000000000e+00 3.076923076923077094e-01 6.923076923076922906e-01
1.000000000000000000e+00 0.000000000000000000e+00 5.153846153846153300e-01 4.846153846153846145e-01
1.000000000000000000e+00 0.000000000000000000e+00 5.999999999999999778e-01 4.000000000000000222e-01
0.000000000000000000e+00 1.000000000000000000e+00 4.153846153846154077e-01 5.846153846153846478e-01
1.000000000000000000e+00 0.000000000000000000e+00 7.076923076923077316e-01 2.923076923076923239e-01
1.000000000000000000e+00 1.000000000000000000e+00 4.769230769230769496e-01 5.230769230769231060e-01
1.000000000000000000e+00 1.000000000000000000e+00 3.692307692307692513e-01 6.307692307692307487e-01
1.000000000000000000e+00 1.000000000000000000e+00 2.384615384615384748e-01 7.615384615384614975e-01
1.000000000000000000e+00 0.000000000000000000e+00 6.538461538461538547e-01 3.461538461538461453e-01
0.000000000000000000e+00 1.000000000000000000e+00 2.692307692307692180e-01 7.307692307692307265e-01
1.000000000000000000e+00 1.000000000000000000e+00 3.615384615384615308e-01 6.384615384615384137e-01
1.000000000000000000e+00 0.000000000000000000e+00 6.384615384615384137e-01 3.615384615384615308e-01
1.000000000000000000e+00 1.000000000000000000e+00 3.076923076923077094e-01 6.923076923076922906e-01
1.000000000000000000e+00 1.000000000000000000e+00 2.461538461538461675e-01 7.538461538461538325e-01
1.000000000000000000e+00 1.000000000000000000e+00 2.769230769230769384e-01 7.230769230769230616e-01
1.000000000000000000e+00 1.000000000000000000e+00 3.769230769230769162e-01 6.230769230769230838e-01
0.000000000000000000e+00 1.000000000000000000e+00 3.923076923076923017e-01 6.076923076923076428e-01
1.000000000000000000e+00 0.000000000000000000e+00 5.615384615384615419e-01 4.384615384615384581e-01
0.000000000000000000e+00 1.000000000000000000e+00 2.769230769230769384e-01 7.230769230769230616e-01
0.000000000000000000e+00 1.000000000000000000e+00 4.692307692307692291e-01 5.307692307692307709e-01
1.000000000000000000e+00 0.000000000000000000e+00 6.076923076923076428e-01 3.923076923076923017e-01
0.000000000000000000e+00 0.000000000000000000e+00 5.076923076923076650e-01 4.923076923076923350e-01
0.000000000000000000e+00 0.000000000000000000e+00 5.384615384615384359e-01 4.615384615384615641e-01
0.000000000000000000e+00 1.000000000000000000e+00 2.692307692307692180e-01 7.307692307692307265e-01
1.000000000000000000e+00 0.000000000000000000e+00 6.461538461538461897e-01 3.538461538461538658e-01
0.000000000000000000e+00 1.000000000000000000e+00 4.692307692307692291e-01 5.307692307692307709e-01
1.000000000000000000e+00 1.000000000000000000e+00 4.692307692307692291e-01 5.307692307692307709e-01
1.000000000000000000e+00 1.000000000000000000e+00 3.692307692307692513e-01 6.307692307692307487e-01
1.000000000000000000e+00 1.000000000000000000e+00 4.461538461538461786e-01 5.538461538461538769e-01
1.000000000000000000e+00 1.000000000000000000e+00 3.230769230769230949e-01 6.769230769230769607e-01
0.000000000000000000e+00 1.000000000000000000e+00 3.615384615384615308e-01 6.384615384615384137e-01
1.000000000000000000e+00 1.000000000000000000e+00 2.923076923076923239e-01 7.076923076923077316e-01
1.000000000000000000e+00 1.000000000000000000e+00 3.923076923076923017e-01 6.076923076923076428e-01
0.000000000000000000e+00 1.000000000000000000e+00 3.923076923076923017e-01 6.076923076923076428e-01
1.000000000000000000e+00 0.000000000000000000e+00 7.846153846153846034e-01 2.153846153846153966e-01
1.000000000000000000e+00 0.000000000000000000e+00 6.307692307692307487e-01 3.692307692307692513e-01
1.000000000000000000e+00 1.000000000000000000e+00 3.846153846153846367e-01 6.153846153846154188e-01
0.000000000000000000e+00 1.000000000000000000e+00 1.615384615384615474e-01 8.384615384615384803e-01
1.000000000000000000e+00 1.000000000000000000e+00 2.307692307692307820e-01 7.692307692307692735e-01
0.000000000000000000e+00 0.000000000000000000e+00 5.538461538461538769e-01 4.461538461538461786e-01
0.000000000000000000e+00 1.000000000000000000e+00 3.769230769230769162e-01 6.230769230769230838e-01
1.000000000000000000e+00 0.000000000000000000e+00 7.923076923076922684e-01 2.076923076923077038e-01
1.000000000000000000e+00 1.000000000000000000e+00 3.153846153846153744e-01 6.846153846153846256e-01
1.000000000000000000e+00 1.000000000000000000e+00 3.615384615384615308e-01 6.384615384615384137e-01
1.000000000000000000e+00 0.000000000000000000e+00 8.769230769230769162e-01 1.230769230769230838e-01
0.000000000000000000e+00 1.000000000000000000e+00 4.923076923076923350e-01 5.076923076923076650e-01
0.000000000000000000e+00 1.000000000000000000e+00 1.076923076923076983e-01 8.923076923076923572e-01
0.000000000000000000e+00 1.000000000000000000e+00 3.461538461538461453e-01 6.538461538461538547e-01
1.000000000000000000e+00 1.000000000000000000e+00 4.076923076923076872e-01 5.923076923076923128e-01
0.000000000000000000e+00 1.000000000000000000e+00 2.769230769230769384e-01 7.230769230769230616e-01
1.000000000000000000e+00 0.000000000000000000e+00 6.307692307692307487e-01 3.692307692307692513e-01
0.000000000000000000e+00 1.000000000000000000e+00 4.846153846153846145e-01 5.153846153846153300e-01
1.000000000000000000e+00 1.000000000000000000e+00 4.846153846153846145e-01 5.153846153846153300e-01
1.000000000000000000e+00 1.000000000000000000e+00 2.230769230769230893e-01 7.769230769230769384e-01
1.000000000000000000e+00 1.000000000000000000e+00 1.538461538461538547e-01 8.461538461538461453e-01
0.000000000000000000e+00 1.000000000000000000e+00 2.769230769230769384e-01 7.230769230769230616e-01
1.000000000000000000e+00 0.000000000000000000e+00 6.153846153846154188e-01 3.846153846153846367e-01
1.000000000000000000e+00 0.000000000000000000e+00 5.000000000000000000e-01 5.000000000000000000e-01
1.000000000000000000e+00 0.000000000000000000e+00 5.769230769230768718e-01 4.230769230769230727e-01
1.000000000000000000e+00 1.000000000000000000e+00 3.615384615384615308e-01 6.384615384615384137e-01
1.000000000000000000e+00 1.000000000000000000e+00 2.769230769230769384e-01 7.230769230769230616e-01
0.000000000000000000e+00 1.000000000000000000e+00 2.692307692307692180e-01 7.307692307692307265e-01
1.000000000000000000e+00 0.000000000000000000e+00 6.692307692307691847e-01 3.307692307692307598e-01
0.000000000000000000e+00 1.000000000000000000e+00 3.538461538461538658e-01 6.461538461538461897e-01
0.000000000000000000e+00 1.000000000000000000e+00 3.153846153846153744e-01 6.846153846153846256e-01
1.000000000000000000e+00 1.000000000000000000e+00 1.692307692307692402e-01 8.307692307692308153e-01
0.000000000000000000e+00 1.000000000000000000e+00 4.538461538461538436e-01 5.461538461538461009e-01
1.000000000000000000e+00 0.000000000000000000e+00 6.846153846153846256e-01 3.153846153846153744e-01
1.000000000000000000e+00 1.000000000000000000e+00 4.230769230769230727e-01 5.769230769230768718e-01
1.000000000000000000e+00 1.000000000000000000e+00 4.692307692307692291e-01 5.307692307692307709e-01
0.000000000000000000e+00 1.000000000000000000e+00 2.000000000000000111e-01 8.000000000000000444e-01
1.000000000000000000e+00 1.000000000000000000e+00 6.923076923076923461e-02 9.307692307692307931e-01
0.000000000000000000e+00 0.000000000000000000e+00 5.000000000000000000e-01 5.000000000000000000e-01
0.000000000000000000e+00 1.000000000000000000e+00 4.153846153846154077e-01 5.846153846153846478e-01
1.000000000000000000e+00 0.000000000000000000e+00 5.461538461538461009e-01 4.538461538461538436e-01
1.000000000000000000e+00 1.000000000000000000e+00 2.461538461538461675e-01 7.538461538461538325e-01
0.000000000000000000e+00 0.000000000000000000e+00 5.692307692307692069e-01 4.307692307692307931e-01
0.000000000000000000e+00 1.000000000000000000e+00 2.076923076923077038e-01 7.923076923076922684e-01
1.000000000000000000e+00 1.000000000000000000e+00 2.000000000000000111e-01 8.000000000000000444e-01
1.000000000000000000e+00 1.000000000000000000e+00 2.692307692307692180e-01 7.307692307692307265e-01
1.000000000000000000e+00 0.000000000000000000e+00 5.538461538461538769e-01 4.461538461538461786e-01
1.000000000000000000e+00 0.000000000000000000e+00 5.923076923076923128e-01 4.076923076923076872e-01
0.000000000000000000e+00 1.000000000000000000e+00 4.538461538461538436e-01 5.461538461538461009e-01
0.000000000000000000e+00 1.000000000000000000e+00 2.461538461538461675e-01 7.538461538461538325e-01
1.000000000000000000e+00 1.000000000000000000e+00 4.923076923076923350e-01 5.076923076923076650e-01
1.000000000000000000e+00 1.000000000000000000e+00 2.692307692307692180e-01 7.307692307692307265e-01
1.000000000000000000e+00 1.000000000000000000e+00 4.307692307692307931e-01 5.692307692307692069e-01
1.000000000000000000e+00 1.000000000000000000e+00 4.538461538461538436e-01 5.461538461538461009e-01
1.000000000000000000e+00 1.000000000000000000e+00 3.153846153846153744e-01 6.846153846153846256e-01
1.000000000000000000e+00 0.000000000000000000e+00 6.076923076923076428e-01 3.923076923076923017e-01
0.000000000000000000e+00 0.000000000000000000e+00 5.692307692307692069e-01 4.307692307692307931e-01
1.000000000000000000e+00 0.000000000000000000e+00 5.769230769230768718e-01 4.230769230769230727e-01
1.000000000000000000e+00 1.000000000000000000e+00 1.307692307692307765e-01 8.692307692307692513e-01
1.000000000000000000e+00 0.000000000000000000e+00 6.615384615384615197e-01 3.384615384615384803e-01
1.000000000000000000e+00 1.000000000000000000e+00 4.076923076923076872e-01 5.923076923076923128e-01
1.000000000000000000e+00 0.000000000000000000e+00 5.333333333333333259e-01 4.666666666666666741e-01
1.000000000000000000e+00 1.000000000000000000e+00 2.555555555555555358e-01 7.444444444444444642e-01
1.000000000000000000e+00 1.000000000000000000e+00 4.000000000000000222e-01 5.999999999999999778e-01
0.000000000000000000e+00 1.000000000000000000e+00 3.444444444444444420e-01 6.555555555555555580e-01
0.000000000000000000e+00 1.000000000000000000e+00 4.555555555555555469e-01 5.444444444444443976e-01
0.000000000000000000e+00 1.000000000000000000e+00 3.666666666666666408e-01 6.333333333333333037e-01
0.000000000000000000e+00 1.000000000000000000e+00 2.000000000000000111e-01 8.000000000000000444e-01
1.000000000000000000e+00 1.000000000000000000e+00 2.999999999999999889e-01 6.999999999999999556e-01
1.000000000000000000e+00 0.000000000000000000e+00 7.222222222222222099e-01 2.777777777777777901e-01
0.000000000000000000e+00 1.000000000000000000e+00 3.444444444444444420e-01 6.555555555555555580e-01
1.000000000000000000e+00 1.000000000000000000e+00 1.444444444444444309e-01 8.555555555555555136e-01
1.000000000000000000e+00 1.000000000000000000e+00 3.777777777777777679e-01 6.222222222222222321e-01
0.000000000000000000e+00 1.000000000000000000e+00 3.888888888888888951e-01 6.111111111111111605e-01
0.000000000000000000e+00 1.000000000000000000e+00 4.666666666666666741e-01 5.333333333333333259e-01
1.000000000000000000e+00 1.000000000000000000e+00 3.666666666666666408e-01 6.333333333333333037e-01
0.000000000000000000e+00 0.000000000000000000e+00 5.666666666666666519e-01 4.333333333333333481e-01
1.000000000000000000e+00 1.000000000000000000e+00 3.222222222222222432e-01 6.777777777777778123e-01
0.000000000000000000e+00 0.000000000000000000e+00 6.888888888888888840e-01 3.111111111111111160e-01
1.000000000000000000e+00 0.000000000000000000e+00 5.111111111111110716e-01 4.888888888888888729e-01
1.000000000000000000e+00 1.000000000000000000e+00 3.111111111111111160e-01 6.888888888888888840e-01
1.000000000000000000e+00 1.000000000000000000e+00 2.666666666666666630e-01 7.333333333333332815e-01
1.000000000000000000e+00 0.000000000000000000e+00 5.999999999999999778e-01 4.000000000000000222e-01
1.000000000000000000e+00 1.000000000000000000e+00 1.555555555555555580e-01 8.444444444444444420e-01
1.000000000000000000e+00 0.000000000000000000e+00 5.111111111111110716e-01 4.888888888888888729e-01
1.000000000000000000e+00 1.000000000000000000e+00 1.777777777777777846e-01 8.222222222222221877e-01
0.000000000000000000e+00 1.000000000000000000e+00 2.555555555555555358e-01 7.444444444444444642e-01
1.000000000000000000e+00 1.000000000000000000e+00 2.333333333333333370e-01 7.666666666666667185e-01
1.000000000000000000e+00 0.000000000000000000e+00 5.888888888888889062e-01 4.111111111111110938e-01
1.000000000000000000e+00 1.000000000000000000e+00 3.111111111111111160e-01 6.888888888888888840e-01
0.000000000000000000e+00 1.000000000000000000e+00 2.666666666666666630e-01 7.333333333333332815e-01
1.000000000000000000e+00 1.000000000000000000e+00 3.222222222222222432e-01 6.777777777777778123e-01
1.000000000000000000e+00 0.000000000000000000e+00 6.111111111111111605e-01 3.888888888888888951e-01
1.000000000000000000e+00 1.000000000000000000e+00 3.888888888888888951e-01 6.111111111111111605e-01
1.000000000000000000e+00 1.000000000000000000e+00 3.222222222222222432e-01 6.777777777777778123e-01
0.000000000000000000e+00 1.000000000000000000e+00 4.666666666666666741e-01 5.333333333333333259e-01
1.000000000000000000e+00 1.000000000000000000e+00 4.666666666666666741e-01 5.333333333333333259e-01
1.000000000000000000e+00 1.000000000000000000e+00 2.555555555555555358e-01 7.444444444444444642e-01
1.000000000000000000e+00 1.000000000000000000e+00 3.333333333333333148e-01 6.666666666666666297e-01
0.000000000000000000e+00 1.000000000000000000e+00 3.777777777777777679e-01 6.222222222222222321e-01
1.000000000000000000e+00 0.000000000000000000e+00 6.333333333333333037e-01 3.666666666666666408e-01
1.000000000000000000e+00 0.000000000000000000e+00 6.333333333333333037e-01 3.666666666666666408e-01
1.000000000000000000e+00 0.000000000000000000e+00 5.333333333333333259e-01 4.666666666666666741e-01
1.000000000000000000e+00 1.000000000000000000e+00 3.333333333333333148e-01 6.666666666666666297e-01
0.000000000000000000e+00 1.000000000000000000e+00 2.777777777777777901e-01 7.222222222222222099e-01
1.000000000000000000e+00 1.000000000000000000e+00 3.666666666666666408e-01 6.333333333333333037e-01
1.000000000000000000e+00 1.000000000000000000e+00 3.444444444444444420e-01 6.555555555555555580e-01
1.000000000000000000e+00 0.000000000000000000e+00 6.555555555555555580e-01 3.444444444444444420e-01
1.000000000000000000e+00 1.000000000000000000e+00 3.555555555555555691e-01 6.444444444444444864e-01
1.000000000000000000e+00 1.000000000000000000e+00 4.666666666666666741e-01 5.333333333333333259e-01
0.000000000000000000e+00 0.000000000000000000e+00 8.222222222222221877e-01 1.777777777777777846e-01
0.000000000000000000e+00 1.000000000000000000e+00 4.333333333333333481e-01 5.666666666666666519e-01
1.000000000000000000e+00 0.000000000000000000e+00 6.666666666666666297e-01 3.333333333333333148e-01
1.000000000000000000e+00 1.000000000000000000e+00 3.555555555555555691e-01 6.444444444444444864e-01
1.000000000000000000e+00 1.000000000000000000e+00 3.222222222222222432e-01 6.777777777777778123e-01
0.000000000000000000e+00 1.000000000000000000e+00 2.888888888888888618e-01 7.111111111111111382e-01
1.000000000000000000e+00 0.000000000000000000e+00 5.111111111111110716e-01 4.888888888888888729e-01
0.000000000000000000e+00 1.000000000000000000e+00 4.777777777777778012e-01 5.222222222222222543e-01
1.000000000000000000e+00 1.000000000000000000e+00 4.333333333333333481e-01 5.666666666666666519e-01
1.000000000000000000e+00 0.000000000000000000e+00 8.000000000000000444e-01 2.000000000000000111e-01
1.000000000000000000e+00 1.000000000000000000e+00 4.222222222222222210e-01 5.777777777777777235e-01
1.000000000000000000e+00 0.000000000000000000e+00 5.222222222222222543e-01 4.777777777777778012e-01
1.000000000000000000e+00 1.000000000000000000e+00 4.888888888888888729e-01 5.111111111111110716e-01
1.000000000000000000e+00 1.000000000000000000e+00 2.111111111111111105e-01 7.888888888888888618e-01
0.000000000000000000e+00 0.000000000000000000e+00 5.888888888888889062e-01 4.111111111111110938e-01
1.000000000000000000e+00 1.000000000000000000e+00 1.777777777777777846e-01 8.222222222222221877e-01
0.000000000000000000e+00 0.000000000000000000e+00 5.333333333333333259e-01 4.666666666666666741e-01
1.000000000000000000e+00 1.000000000000000000e+00 4.777777777777778012e-01 5.222222222222222543e-01
0.000000000000000000e+00 1.000000000000000000e+00 2.999999999999999889e-01 6.999999999999999556e-01
1.000000000000000000e+00 1.000000000000000000e+00 3.222222222222222432e-01 6.777777777777778123e-01
0.000000000000000000e+00 0.000000000000000000e+00 6.222222222222222321e-01 3.777777777777777679e-01
0.000000000000000000e+00 1.000000000000000000e+00 3.888888888888888951e-01 6.111111111111111605e-01
1.000000000000000000e+00 0.000000000000000000e+00 6.999999999999999556e-01 2.999999999999999889e-01
1.000000000000000000e+00 1.000000000000000000e+00 2.222222222222222099e-01 7.777777777777777901e-01
0.000000000000000000e+00 1.000000000000000000e+00 4.444444444444444198e-01 5.555555555555555802e-01
1.000000000000000000e+00 1.000000000000000000e+00 3.333333333333333148e-01 6.666666666666666297e-01
1.000000000000000000e+00 1.000000000000000000e+00 2.000000000000000111e-01 8.000000000000000444e-01
1.000000000000000000e+00 1.000000000000000000e+00 4.222222222222222210e-01 5.777777777777777235e-01
0.000000000000000000e+00 1.000000000000000000e+00 2.333333333333333370e-01 7.666666666666667185e-01
1.000000000000000000e+00 1.000000000000000000e+00 3.555555555555555691e-01 6.444444444444444864e-01
1.000000000000000000e+00 1.000000000000000000e+00 2.333333333333333370e-01 7.666666666666667185e-01
1.000000000000000000e+00 0.000000000000000000e+00 5.666666666666666519e-01 4.333333333333333481e-01
1.000000000000000000e+00 1.000000000000000000e+00 3.777777777777777679e-01 6.222222222222222321e-01
1.000000000000000000e+00 1.000000000000000000e+00 4.111111111111110938e-01 5.888888888888889062e-01
1.000000000000000000e+00 1.000000000000000000e+00 4.555555555555555469e-01 5.444444444444443976e-01
0.000000000000000000e+00 1.000000000000000000e+00 3.222222222222222432e-01 6.777777777777778123e-01
0.000000000000000000e+00 1.000000000000000000e+00 4.888888888888888729e-01 5.111111111111110716e-01
1.000000000000000000e+00 1.000000000000000000e+00 2.333333333333333370e-01 7.666666666666667185e-01
0.000000000000000000e+00 1.000000000000000000e+00 2.888888888888888618e-01 7.111111111111111382e-01
0.000000000000000000e+00 1.000000000000000000e+00 3.666666666666666408e-01 6.333333333333333037e-01
1.000000000000000000e+00 1.000000000000000000e+00 2.777777777777777901e-01 7.222222222222222099e-01
1.000000000000000000e+00 1.000000000000000000e+00 2.000000000000000111e-01 8.000000000000000444e-01
1.000000000000000000e+00 0.000000000000000000e+00 5.000000000000000000e-01 5.000000000000000000e-01
0.000000000000000000e+00 1.000000000000000000e+00 4.666666666666666741e-01 5.333333333333333259e-01
1.000000000000000000e+00 0.000000000000000000e+00 5.555555555555555802e-01 4.444444444444444198e-01
1.000000000000000000e+00 1.000000000000000000e+00 2.666666666666666630e-01 7.333333333333332815e-01
1.000000000000000000e+00 1.000000000000000000e+00 1.777777777777777846e-01 8.222222222222221877e-01
1.000000000000000000e+00 0.000000000000000000e+00 6.444444444444444864e-01 3.555555555555555691e-01
0.000000000000000000e+00 1.000000000000000000e+00 4.555555555555555469e-01 5.444444444444443976e-01
1.000000000000000000e+00 1.000000000000000000e+00 4.777777777777778012e-01 5.222222222222222543e-01
1.000000000000000000e+00 1.000000000000000000e+00 2.444444444444444364e-01 7.555555555555555358e-01
