0.000000000000000000e+00 0.000000000000000000e+00 5.400129406079590133e-01 4.599870593920410422e-01
0.000000000000000000e+00 1.000000000000000000e+00 4.011654339267173297e-01 5.988345660732827813e-01
1.000000000000000000e+00 0.000000000000000000e+00 5.000000000000000000e-01 5.000000000000000000e-01
0.000000000000000000e+00 0.000000000000000000e+00 5.937888908447850334e-01 4.062111091552148556e-01
1.000000000000000000e+00 1.000000000000000000e+00 2.920342735258534828e-01 7.079657264741465728e-01
0.000000000000000000e+00 1.000000000000000000e+00 4.318352328458264777e-01 5.681647671541736333e-01
1.000000000000000000e+00 1.000000000000000000e+00 2.024224237700102125e-01 7.975775762299897043e-01
0.000000000000000000e+00 0.000000000000000000e+00 5.351726412714520320e-01 4.648273587285478015e-01
1.000000000000000000e+00 1.000000000000000000e+00 3.650626702141475666e-01 6.349373297858524889e-01
0.000000000000000000e+00 0.000000000000000000e+00 5.954927310977685684e-01 4.045072689022314316e-01
1.000000000000000000e+00 0.000000000000000000e+00 6.122584515615120404e-01 3.877415484384880151e-01
1.000000000000000000e+00 1.000000000000000000e+00 4.806554149377603724e-01 5.193445850622396831e-01
1.000000000000000000e+00 0.000000000000000000e+00 6.154441245920093673e-01 3.845558754079906882e-01
1.000000000000000000e+00 0.000000000000000000e+00 5.191843738749430948e-01 4.808156261250570718e-01
0.000000000000000000e+00 0.000000000000000000e+00 5.376814520449841872e-01 4.623185479550157018e-01
1.000000000000000000e+00 1.000000000000000000e+00 4.605240789501608978e-01 5.394759210498388802e-01
1.000000000000000000e+00 0.000000000000000000e+00 5.098802535495253752e-01 4.901197464504745138e-01
1.000000000000000000e+00 1.000000000000000000e+00 4.166802589272948776e-01 5.833197410727051224e-01
0.000000000000000000e+00 1.000000000000000000e+00 4.236409187661298592e-01 5.763590812338702518e-01
1.000000000000000000e+00 1.000000000000000000e+00 4.071174328987207103e-01 5.928825671012794007e-01
0.000000000000000000e+00 1.000000000000000000e+00 3.869299168118537358e-01 6.130700831881463753e-01
1.000000000000000000e+00 1.000000000000000000e+00 4.586249023658341972e-01 5.413750976341656918e-01
1.000000000000000000e+00 0.000000000000000000e+00 4.895727648715281211e-01 5.104272351284717679e-01
0.000000000000000000e+00 1.000000000000000000e+00 4.476219345161091545e-01 5.523780654838907900e-01
1.000000000000000000e+00 1.000000000000000000e+00 3.744753889360598609e-01 6.255246110639401946e-01
0.000000000000000000e+00 0.000000000000000000e+00 5.512500700803103504e-01 4.487499299196896496e-01
0.000000000000000000e+00 1.000000000000000000e+00 4.083097074005376248e-01 5.916902925994622642e-01
0.000000000000000000e+00 0.000000000000000000e+00 7.574033219331909317e-01 2.425966780668091793e-01
0.000000000000000000e+00 0.000000000000000000e+00 5.637409883097537211e-01 4.362590116902463344e-01
0.000000000000000000e+00 1.000000000000000000e+00 4.771593358622774339e-01 5.228406641377225661e-01
1.000000000000000000e+00 1.000000000000000000e+00 3.209849454065095697e-01 6.790150545934904303e-01
0.000000000000000000e+00 0.000000000000000000e+00 5.683094429181675400e-01 4.316905570818325155e-01
1.000000000000000000e+00 1.000000000000000000e+00 3.799152946135748721e-01 6.200847053864251279e-01
1.000000000000000000e+00 0.000000000000000000e+00 5.944575175085827778e-01 4.055424824914172222e-01
1.000000000000000000e+00 1.000000000000000000e+00 4.136291266880225970e-01 5.863708733119775696e-01
1.000000000000000000e+00 0.000000000000000000e+00 4.885916010220048844e-01 5.114083989779949491e-01
1.000000000000000000e+00 0.000000000000000000e+00 5.156897778016176215e-01 4.843102221983825451e-01
1.000000000000000000e+00 0.000000000000000000e+00 5.645252066134792690e-01 4.354747933865207310e-01
1.000000000000000000e+00 1.000000000000000000e+00 3.590552919568198997e-01 6.409447080431800448e-01
1.000000000000000000e+00 1.000000000000000000e+00 4.065653371425617668e-01 5.934346628574380667e-01
1.000000000000000000e+00 0.000000000000000000e+00 6.161866915192647509e-01 3.838133084807351381e-01
1.000000000000000000e+00 1.000000000000000000e+00 2.728854964316849152e-01 7.271145035683149738e-01
1.000000000000000000e+00 1.000000000000000000e+00 3.923555263965761153e-01 6.076444736034239957e-01
1.000000000000000000e+00 1.000000000000000000e+00 2.382703827920296946e-01 7.617296172079703886e-01
1.000000000000000000e+00 1.000000000000000000e+00 4.636532003373959876e-01 5.363467996626039014e-01
0.000000000000000000e+00 1.000000000000000000e+00 3.855522162257236651e-01 6.144477837742763349e-01
1.000000000000000000e+00 0.000000000000000000e+00 5.174388685396464904e-01 4.825611314603533986e-01
0.000000000000000000e+00 0.000000000000000000e+00 5.264706857376035831e-01 4.735293142623961948e-01
1.000000000000000000e+00 0.000000000000000000e+00 6.940832537376252498e-01 3.059167462623748057e-01
1.000000000000000000e+00 1.000000000000000000e+00 4.496241346894228608e-01 5.503758653105771392e-01
0.000000000000000000e+00 0.000000000000000000e+00 5.571703097456202070e-01 4.428296902543799596e-01
0.000000000000000000e+00 0.000000000000000000e+00 5.348260835409806013e-01 4.651739164590194542e-01
1.000000000000000000e+00 0.000000000000000000e+00 5.300878479536768051e-01 4.699121520463231394e-01
1.000000000000000000e+00 0.000000000000000000e+00 7.060245215239735472e-01 2.939754784760266748e-01
1.000000000000000000e+00 0.000000000000000000e+00 5.000000000000000000e-01 5.000000000000000000e-01
1.000000000000000000e+00 0.000000000000000000e+00 4.859437726768143784e-01 5.140562273231856771e-01
1.000000000000000000e+00 1.000000000000000000e+00 4.382007492718172914e-01 5.617992507281828196e-01
0.000000000000000000e+00 1.000000000000000000e+00 2.669005620638174037e-01 7.330994379361825963e-01
1.000000000000000000e+00 1.000000000000000000e+00 4.238961495927278667e-01 5.761038504072721889e-01
1.000000000000000000e+00 1.000000000000000000e+00 4.351713171033588790e-01 5.648286828966410100e-01
1.000000000000000000e+00 1.000000000000000000e+00 3.630210092662171650e-01 6.369789907337830570e-01
1.000000000000000000e+00 0.000000000000000000e+00 6.723105351917739725e-01 3.276894648082262496e-01
1.000000000000000000e+00 0.000000000000000000e+00 4.881066239810421536e-01 5.118933760189579019e-01
1.000000000000000000e+00 0.000000000000000000e+00 5.000000000000000000e-01 5.000000000000000000e-01
0.000000000000000000e+00 1.000000000000000000e+00 4.561882463584222003e-01 5.438117536415778552e-01
0.000000000000000000e+00 1.000000000000000000e+00 4.163082464746601929e-01 5.836917535253397515e-01
1.000000000000000000e+00 0.000000000000000000e+00 5.841813432329172606e-01 4.158186567670827394e-01
1.000000000000000000e+00 0.000000000000000000e+00 6.544118711634109298e-01 3.455881288365890702e-01
0.000000000000000000e+00 1.000000000000000000e+00 3.553554916304617062e-01 6.446445083695382383e-01
0.000000000000000000e+00 1.000000000000000000e+00 2.971297112254685513e-01 7.028702887745317263e-01
0.000000000000000000e+00 0.000000000000000000e+00 6.165528052194382269e-01 3.834471947805616621e-01
0.000000000000000000e+00 0.000000000000000000e+00 8.190060885830771076e-01 1.809939114169229479e-01
1.000000000000000000e+00 1.000000000000000000e+00 4.432094680760821914e-01 5.567905319239176976e-01
0.000000000000000000e+00 1.000000000000000000e+00 4.699665507070250325e-01 5.300334492929750230e-01
1.000000000000000000e+00 0.000000000000000000e+00 5.431367373500026741e-01 4.568632626499972704e-01
1.000000000000000000e+00 0.000000000000000000e+00 6.710659486171668409e-01 3.289340513828331036e-01
1.000000000000000000e+00 1.000000000000000000e+00 2.131690656213917345e-01 7.868309343786081822e-01
0.000000000000000000e+00 0.000000000000000000e+00 6.103361555159114715e-01 3.896638444840885840e-01
0.000000000000000000e+00 0.000000000000000000e+00 5.242315886168101846e-01 4.757684113831898154e-01
0.000000000000000000e+00 0.000000000000000000e+00 6.304748347127469010e-01 3.695251652872531545e-01
1.000000000000000000e+00 1.000000000000000000e+00 3.533109371215329975e-01 6.466890628784668360e-01
1.000000000000000000e+00 0.000000000000000000e+00 5.306876323680527197e-01 4.693123676319475024e-01
1.000000000000000000e+00 1.000000000000000000e+00 4.007979991843559353e-01 5.992020008156441202e-01
1.000000000000000000e+00 0.000000000000000000e+00 5.719877238913453343e-01 4.280122761086546102e-01
1.000000000000000000e+00 1.000000000000000000e+00 3.978968670637917926e-01 6.021031329362080964e-01
1.000000000000000000e+00 1.000000000000000000e+00 4.758021280301664158e-01 5.241978719698336953e-01
1.000000000000000000e+00 0.000000000000000000e+00 5.194918837592187311e-01 4.805081162407813244e-01
1.000000000000000000e+00 1.000000000000000000e+00 4.073351712284374315e-01 5.926648287715625685e-01
0.000000000000000000e+00 0.000000000000000000e+00 5.197238947061257885e-01 4.802761052938740449e-01
1.000000000000000000e+00 1.000000000000000000e+00 4.473973098510521940e-01 5.526026901489475840e-01
0.000000000000000000e+00 0.000000000000000000e+00 5.353429487923598851e-01 4.646570512076401149e-01
1.000000000000000000e+00 1.000000000000000000e+00 4.055851462642330874e-01 5.944148537357668571e-01
1.000000000000000000e+00 0.000000000000000000e+00 5.315421645786383431e-01 4.684578354213616014e-01
1.000000000000000000e+00 0.000000000000000000e+00 6.081069586388770931e-01 3.918930413611229069e-01
1.000000000000000000e+00 0.000000000000000000e+00 6.005612011046153054e-01 3.994387988953848612e-01
1.000000000000000000e+00 1.000000000000000000e+00 2.923433747246798609e-01 7.076566252753198061e-01
1.000000000000000000e+00 1.000000000000000000e+00 3.462714101978518477e-01 6.537285898021484298e-01
1.000000000000000000e+00 1.000000000000000000e+00 3.448830675601240459e-01 6.551169324398757876e-01
1.000000000000000000e+00 1.000000000000000000e+00 3.410520179553944153e-01 6.589479820446055847e-01
0.000000000000000000e+00 0.000000000000000000e+00 5.151165344423246362e-01 4.848834655576755304e-01
0.000000000000000000e+00 0.000000000000000000e+00 5.630984787345555409e-01 4.369015212654446256e-01
0.000000000000000000e+00 0.000000000000000000e+00 5.160415674709440959e-01 4.839584325290556266e-01
1.000000000000000000e+00 1.000000000000000000e+00 4.877710777699800770e-01 5.122289222300199230e-01
0.000000000000000000e+00 1.000000000000000000e+00 4.918356285725762334e-01 5.081643714274237666e-01
0.000000000000000000e+00 0.000000000000000000e+00 5.349845278847543684e-01 4.650154721152455206e-01
1.000000000000000000e+00 0.000000000000000000e+00 6.479724583632958668e-01 3.520275416367041332e-01
1.000000000000000000e+00 0.000000000000000000e+00 5.638989895428098142e-01 4.361010104571901858e-01
1.000000000000000000e+00 0.000000000000000000e+00 5.795692988322559414e-01 4.204307011677441697e-01
0.000000000000000000e+00 1.000000000000000000e+00 4.643120742044575255e-01 5.356879257955424745e-01
0.000000000000000000e+00 0.000000000000000000e+00 5.895582337606143364e-01 4.104417662393856081e-01
1.000000000000000000e+00 0.000000000000000000e+00 5.423015093319365487e-01 4.576984906680636178e-01
1.000000000000000000e+00 0.000000000000000000e+00 5.776414756260438432e-01 4.223585243739562123e-01
1.000000000000000000e+00 1.000000000000000000e+00 4.596701088174495742e-01 5.403298911825504813e-01
1.000000000000000000e+00 0.000000000000000000e+00 5.453033599172824042e-01 4.546966400827174848e-01
0.000000000000000000e+00 0.000000000000000000e+00 5.726619750165525824e-01 4.273380249834474731e-01
1.000000000000000000e+00 0.000000000000000000e+00 5.000000000000000000e-01 5.000000000000000000e-01
1.000000000000000000e+00 1.000000000000000000e+00 4.670612503444020458e-01 5.329387496555981762e-01
0.000000000000000000e+00 0.000000000000000000e+00 5.214427171328491761e-01 4.785572828671508239e-01
0.000000000000000000e+00 0.000000000000000000e+00 6.346723309042628935e-01 3.653276690957370509e-01
1.000000000000000000e+00 1.000000000000000000e+00 4.637708254303207211e-01 5.362291745696792233e-01
0.000000000000000000e+00 0.000000000000000000e+00 6.242266744413982327e-01 3.757733255586018228e-01
1.000000000000000000e+00 1.000000000000000000e+00 4.269500669939453874e-01 5.730499330060545571e-01
1.000000000000000000e+00 0.000000000000000000e+00 6.047687666576860854e-01 3.952312333423138035e-01
1.000000000000000000e+00 0.000000000000000000e+00 5.148945187138705970e-01 4.851054812861293475e-01
1.000000000000000000e+00 1.000000000000000000e+00 4.547816622537756426e-01 5.452183377462243019e-01
1.000000000000000000e+00 1.000000000000000000e+00 4.377739277901284143e-01 5.622260722098717522e-01
1.000000000000000000e+00 0.000000000000000000e+00 5.637635105408734804e-01 4.362364894591267417e-01
0.000000000000000000e+00 1.000000000000000000e+00 3.930870634402455210e-01 6.069129365597545345e-01
1.000000000000000000e+00 0.000000000000000000e+00 5.754758078940710453e-01 4.245241921059289547e-01
1.000000000000000000e+00 0.000000000000000000e+00 5.166098053519488920e-01 4.833901946480508860e-01
0.000000000000000000e+00 1.000000000000000000e+00 3.738109509654753970e-01 6.261890490345244364e-01
1.000000000000000000e+00 1.000000000000000000e+00 4.930133624070046627e-01 5.069866375929953373e-01
1.000000000000000000e+00 1.000000000000000000e+00 4.466045452775153635e-01 5.533954547224847476e-01
1.000000000000000000e+00 1.000000000000000000e+00 3.772099620071427406e-01 6.227900379928572594e-01
0.000000000000000000e+00 1.000000000000000000e+00 3.942940051800325474e-01 6.057059948199674526e-01
1.000000000000000000e+00 1.000000000000000000e+00 3.480069809269915604e-01 6.519930190730086617e-01
0.000000000000000000e+00 1.000000000000000000e+00 4.292314835490015357e-01 5.707685164509984643e-01
0.000000000000000000e+00 1.000000000000000000e+00 4.198802210061250983e-01 5.801197789938747906e-01
1.000000000000000000e+00 1.000000000000000000e+00 3.975941508208602482e-01 6.024058491791397518e-01
1.000000000000000000e+00 0.000000000000000000e+00 7.126595568953075777e-01 2.873404431046925334e-01
1.000000000000000000e+00 0.000000000000000000e+00 6.230973007614942771e-01 3.769026992385056674e-01
1.000000000000000000e+00 1.000000000000000000e+00 4.472620557733302804e-01 5.527379442266698861e-01
1.000000000000000000e+00 1.000000000000000000e+00 4.627712006249414256e-01 5.372287993750586299e-01
1.000000000000000000e+00 1.000000000000000000e+00 4.174963485728846457e-01 5.825036514271153543e-01
1.000000000000000000e+00 1.000000000000000000e+00 4.792870899319648936e-01 5.207129100680352174e-01
1.000000000000000000e+00 1.000000000000000000e+00 3.604218120473994258e-01 6.395781879526004632e-01
0.000000000000000000e+00 0.000000000000000000e+00 6.311744301447861361e-01 3.688255698552138639e-01
0.000000000000000000e+00 1.000000000000000000e+00 4.332351357887811449e-01 5.667648642112189661e-01
1.000000000000000000e+00 0.000000000000000000e+00 5.374893906677432609e-01 4.625106093322565726e-01
1.000000000000000000e+00 0.000000000000000000e+00 5.000000000000000000e-01 5.000000000000000000e-01
1.000000000000000000e+00 1.000000000000000000e+00 3.251216368870871176e-01 6.748783631129127158e-01
1.000000000000000000e+00 0.000000000000000000e+00 5.149800344854171819e-01 4.850199655145826516e-01
0.000000000000000000e+00 1.000000000000000000e+00 3.023390708790314463e-01 6.976609291209685537e-01
1.000000000000000000e+00 0.000000000000000000e+00 5.181650635848937814e-01 4.818349364151062186e-01
1.000000000000000000e+00 0.000000000000000000e+00 5.271769356842264109e-01 4.728230643157733670e-01
0.000000000000000000e+00 0.000000000000000000e+00 5.000000000000000000e-01 5.000000000000000000e-01
1.000000000000000000e+00 1.000000000000000000e+00 3.823245221897363377e-01 6.176754778102636623e-01
0.000000000000000000e+00 0.000000000000000000e+00 5.090311126042950107e-01 4.909688873957052668e-01
1.000000000000000000e+00 0.000000000000000000e+00 5.497331688447356646e-01 4.502668311552645575e-01
1.000000000000000000e+00 1.000000000000000000e+00 4.089568680781329735e-01 5.910431319218670820e-01
1.000000000000000000e+00 1.000000000000000000e+00 4.714346744083612317e-01 5.285653255916387128e-01
1.000000000000000000e+00 1.000000000000000000e+00 3.677993481397518472e-01 6.322006518602480973e-01
1.000000000000000000e+00 0.000000000000000000e+00 5.000000000000000000e-01 5.000000000000000000e-01
0.000000000000000000e+00 1.000000000000000000e+00 4.466752419398596907e-01 5.533247580601403648e-01
1.000000000000000000e+00 1.000000000000000000e+00 3.464437781466657706e-01 6.535562218533341738e-01
1.000000000000000000e+00 1.000000000000000000e+00 3.854522875288292627e-01 6.145477124711706818e-01
1.000000000000000000e+00 1.000000000000000000e+00 4.787173888268716482e-01 5.212826111731282408e-01
1.000000000000000000e+00 0.000000000000000000e+00 5.220788504836474386e-01 4.779211495163525059e-01
0.000000000000000000e+00 1.000000000000000000e+00 4.122294112482682293e-01 5.877705887517317151e-01
0.000000000000000000e+00 0.000000000000000000e+00 5.196158504649454057e-01 4.803841495350545943e-01
1.000000000000000000e+00 1.000000000000000000e+00 3.437591872133025084e-01 6.562408127866974361e-01
0.000000000000000000e+00 0.000000000000000000e+00 5.322583025836776782e-01 4.677416974163220997e-01
1.000000000000000000e+00 0.000000000000000000e+00 6.119389740985616832e-01 3.880610259014383723e-01
1.000000000000000000e+00 0.000000000000000000e+00 5.172719185249747831e-01 4.827280814750252724e-01
1.000000000000000000e+00 1.000000000000000000e+00 4.838336482930498117e-01 5.161663517069502438e-01
0.000000000000000000e+00 0.000000000000000000e+00 5.000000000000000000e-01 5.000000000000000000e-01
0.000000000000000000e+00 1.000000000000000000e+00 4.735452756608341529e-01 5.264547243391657361e-01
1.000000000000000000e+00 0.000000000000000000e+00 5.196170682516990658e-01 4.803829317483007677e-01
1.000000000000000000e+00 0.000000000000000000e+00 5.940007418825872243e-01 4.059992581174127202e-01
0.000000000000000000e+00 1.000000000000000000e+00 4.189310240037505961e-01 5.810689759962491818e-01
1.000000000000000000e+00 0.000000000000000000e+00 5.774520901855759725e-01 4.225479098144239720e-01
0.000000000000000000e+00 0.000000000000000000e+00 5.606823202028002884e-01 4.393176797971998226e-01
1.000000000000000000e+00 1.000000000000000000e+00 2.548944715825425256e-01 7.451055284174575855e-01
0.000000000000000000e+00 1.000000000000000000e+00 4.597368038374180510e-01 5.402631961625818935e-01
1.000000000000000000e+00 0.000000000000000000e+00 5.137684791539678386e-01 4.862315208460321059e-01
1.000000000000000000e+00 1.000000000000000000e+00 4.876259781598928922e-01 5.123740218401071633e-01
0.000000000000000000e+00 0.000000000000000000e+00 5.000000000000000000e-01 5.000000000000000000e-01
0.000000000000000000e+00 1.000000000000000000e+00 4.335690664627249169e-01 5.664309335372749166e-01
1.000000000000000000e+00 1.000000000000000000e+00 3.746438227391652442e-01 6.253561772608347002e-01
1.000000000000000000e+00 1.000000000000000000e+00 3.522841106992126159e-01 6.477158893007873841e-01
1.000000000000000000e+00 0.000000000000000000e+00 6.313413377783778646e-01 3.686586622216221354e-01
0.000000000000000000e+00 0.000000000000000000e+00 5.273909593565415665e-01 4.726090406434585445e-01
1.000000000000000000e+00 1.000000000000000000e+00 3.552226441531453616e-01 6.447773558468545829e-01
1.000000000000000000e+00 0.000000000000000000e+00 5.318232122348283131e-01 4.681767877651715759e-01
1.000000000000000000e+00 1.000000000000000000e+00 4.685047394100881335e-01 5.314952605899117000e-01
1.000000000000000000e+00 1.000000000000000000e+00 3.244901185524506348e-01 6.755098814475494207e-01
0.000000000000000000e+00 1.000000000000000000e+00 4.139897236701617356e-01 5.860102763298382644e-01
1.000000000000000000e+00 1.000000000000000000e+00 3.817011485716778063e-01 6.182988514283221937e-01
0.000000000000000000e+00 1.000000000000000000e+00 3.688798891975514915e-01 6.311201108024483419e-01
1.000000000000000000e+00 1.000000000000000000e+00 4.699752311293481366e-01 5.300247688706518634e-01
1.000000000000000000e+00 0.000000000000000000e+00 6.641012571870459347e-01 3.358987428129540098e-01
0.000000000000000000e+00 1.000000000000000000e+00 4.053268236837341831e-01 5.946731763162659279e-01
0.000000000000000000e+00 0.000000000000000000e+00 6.521629228049442561e-01 3.478370771950557439e-01
0.000000000000000000e+00 1.000000000000000000e+00 2.991305512160601365e-01 7.008694487839398635e-01
1.000000000000000000e+00 1.000000000000000000e+00 4.633298261843347698e-01 5.366701738156650636e-01
1.000000000000000000e+00 0.000000000000000000e+00 5.622684900351569981e-01 4.377315099648430574e-01
0.000000000000000000e+00 0.000000000000000000e+00 6.068755973334014620e-01 3.931244026665985380e-01
0.000000000000000000e+00 1.000000000000000000e+00 5.000000000000000000e-01 5.000000000000000000e-01
0.000000000000000000e+00 0.000000000000000000e+00 7.066038793587110511e-01 2.933961206412890599e-01
1.000000000000000000e+00 0.000000000000000000e+00 6.275669889296228154e-01 3.724330110703770735e-01
0.000000000000000000e+00 0.000000000000000000e+00 5.209838100696499996e-01 4.790161899303499449e-01
1.000000000000000000e+00 0.000000000000000000e+00 6.671859906133523754e-01 3.328140093866476801e-01
1.000000000000000000e+00 0.000000000000000000e+00 5.934041819638372628e-01 4.065958180361626262e-01
1.000000000000000000e+00 0.000000000000000000e+00 6.455742844742013986e-01 3.544257155257986569e-01
0.000000000000000000e+00 0.000000000000000000e+00 6.972965817692178270e-01 3.027034182307818400e-01
1.000000000000000000e+00 1.000000000000000000e+00 3.038051503230425054e-01 6.961948496769575501e-01
1.000000000000000000e+00 0.000000000000000000e+00 7.441136793934598481e-01 2.558863206065404849e-01
0.000000000000000000e+00 0.000000000000000000e+00 7.610282667440436688e-01 2.389717332559562202e-01
1.000000000000000000e+00 0.000000000000000000e+00 6.215093442511249178e-01 3.784906557488750822e-01
0.000000000000000000e+00 0.000000000000000000e+00 5.216902820055462353e-01 4.783097179944537092e-01
1.000000000000000000e+00 0.000000000000000000e+00 7.512771990612547857e-01 2.487228009387453809e-01
0.000000000000000000e+00 1.000000000000000000e+00 3.165414810419289182e-01 6.834585189580708597e-01
0.000000000000000000e+00 0.000000000000000000e+00 6.803788376527903914e-01 3.196211623472096086e-01
1.000000000000000000e+00 0.000000000000000000e+00 5.130296587065212854e-01 4.869703412934787146e-01
0.000000000000000000e+00 0.000000000000000000e+00 7.860776086890230996e-01 2.139223913109769837e-01
1.000000000000000000e+00 0.000000000000000000e+00 6.373952503986833884e-01 3.626047496013165561e-01
0.000000000000000000e+00 0.000000000000000000e+00 5.768493586147178664e-01 4.231506413852821891e-01
1.000000000000000000e+00 0.000000000000000000e+00 7.482605950918742588e-01 2.517394049081257967e-01
1.000000000000000000e+00 0.000000000000000000e+00 5.657945817605483096e-01 4.342054182394516904e-01
1.000000000000000000e+00 0.000000000000000000e+00 7.464687551898687712e-01 2.535312448101312288e-01
1.000000000000000000e+00 0.000000000000000000e+00 7.937050509562711964e-01 2.062949490437286371e-01
1.000000000000000000e+00 1.000000000000000000e+00 3.512696424887095659e-01 6.487303575112906007e-01
0.000000000000000000e+00 0.000000000000000000e+00 7.252733966542221911e-01 2.747266033457776979e-01
1.000000000000000000e+00 0.000000000000000000e+00 5.891472847947062386e-01 4.108527152052938169e-01
1.000000000000000000e+00 1.000000000000000000e+00 4.898799993736088210e-01 5.101200006263910680e-01
1.000000000000000000e+00 0.000000000000000000e+00 6.551189519075242274e-01 3.448810480924756616e-01
1.000000000000000000e+00 0.000000000000000000e+00 5.511779084017833785e-01 4.488220915982166215e-01
1.000000000000000000e+00 0.000000000000000000e+00 5.245685127580809182e-01 4.754314872419189153e-01
1.000000000000000000e+00 1.000000000000000000e+00 2.930390074468420814e-01 7.069609925531579186e-01
1.000000000000000000e+00 0.000000000000000000e+00 5.198361150463389757e-01 4.801638849536609688e-01
1.000000000000000000e+00 1.000000000000000000e+00 4.461054334239730190e-01 5.538945665760270920e-01
1.000000000000000000e+00 0.000000000000000000e+00 5.242513769927774625e-01 4.757486230072225930e-01
1.000000000000000000e+00 1.000000000000000000e+00 3.468109834490394339e-01 6.531890165509603996e-01
1.000000000000000000e+00 0.000000000000000000e+00 5.927372786569865548e-01 4.072627213430135562e-01
1.000000000000000000e+00 1.000000000000000000e+00 3.566270200725361050e-01 6.433729799274640060e-01
1.000000000000000000e+00 0.000000000000000000e+00 5.096524470679104635e-01 4.903475529320894255e-01
1.000000000000000000e+00 1.000000000000000000e+00 4.651222096861962751e-01 5.348777903138037804e-01
1.000000000000000000e+00 1.000000000000000000e+00 4.034636857847831992e-01 5.965363142152166898e-01
1.000000000000000000e+00 0.000000000000000000e+00 5.599631805770916015e-01 4.400368194229083429e-01
1.000000000000000000e+00 0.000000000000000000e+00 5.102382321289659073e-01 4.897617678710340372e-01
1.000000000000000000e+00 1.000000000000000000e+00 4.166658146010233099e-01 5.833341853989767456e-01
1.000000000000000000e+00 1.000000000000000000e+00 3.950448186169303044e-01 6.049551813830696956e-01
1.000000000000000000e+00 0.000000000000000000e+00 6.033663873555975554e-01 3.966336126444024446e-01
1.000000000000000000e+00 1.000000000000000000e+00 3.514363569442174318e-01 6.485636430557827348e-01
1.000000000000000000e+00 1.000000000000000000e+00 4.947335577090848369e-01 5.052664422909151076e-01
1.000000000000000000e+00 1.000000000000000000e+00 4.864948482035586497e-01 5.135051517964411838e-01
1.000000000000000000e+00 1.000000000000000000e+00 3.054955293612671152e-01 6.945044706387328848e-01
0.000000000000000000e+00 1.000000000000000000e+00 4.615080562205429171e-01 5.384919437794570829e-01
1.000000000000000000e+00 1.000000000000000000e+00 4.917230861949183351e-01 5.082769138050815538e-01
1.000000000000000000e+00 1.000000000000000000e+00 4.651014784360681387e-01 5.348985215639320279e-01
0.000000000000000000e+00 1.000000000000000000e+00 4.143100638759855125e-01 5.856899361240143209e-01
0.000000000000000000e+00 1.000000000000000000e+00 3.457341958135279336e-01 6.542658041864719554e-01
1.000000000000000000e+00 1.000000000000000000e+00 2.135333131740285162e-01 7.864666868259713173e-01
0.000000000000000000e+00 1.000000000000000000e+00 2.398599632689078498e-01 7.601400367310920947e-01
1.000000000000000000e+00 0.000000000000000000e+00 6.357437194433751548e-01 3.642562805566247897e-01
1.000000000000000000e+00 0.000000000000000000e+00 5.752947850763159288e-01 4.247052149236841823e-01
0.000000000000000000e+00 1.000000000000000000e+00 2.292540595815825422e-01 7.707459404184175966e-01
1.000000000000000000e+00 0.000000000000000000e+00 5.919171736623840552e-01 4.080828263376158338e-01
1.000000000000000000e+00 1.000000000000000000e+00 4.648056592921823160e-01 5.351943407078176840e-01
0.000000000000000000e+00 0.000000000000000000e+00 7.160735415527413883e-01 2.839264584472587782e-01
0.000000000000000000e+00 1.000000000000000000e+00 4.239938809770768535e-01 5.760061190229230910e-01
1.000000000000000000e+00 1.000000000000000000e+00 5.000000000000000000e-01 5.000000000000000000e-01
1.000000000000000000e+00 1.000000000000000000e+00 2.946202266221033539e-01 7.053797733778969237e-01
1.000000000000000000e+00 0.000000000000000000e+00 5.382743605222565231e-01 4.617256394777436990e-01
1.000000000000000000e+00 1.000000000000000000e+00 2.900735456538039436e-01 7.099264543461960564e-01
1.000000000000000000e+00 1.000000000000000000e+00 3.215785405124296781e-01 6.784214594875701554e-01
1.000000000000000000e+00 1.000000000000000000e+00 3.028969332227817723e-01 6.971030667772183387e-01
1.000000000000000000e+00 1.000000000000000000e+00 4.806188230500327840e-01 5.193811769499673270e-01
1.000000000000000000e+00 1.000000000000000000e+00 3.337485842281410209e-01 6.662514157718590901e-01
0.000000000000000000e+00 1.000000000000000000e+00 3.553813040633042042e-01 6.446186959366958513e-01
1.000000000000000000e+00 0.000000000000000000e+00 6.167983326993986548e-01 3.832016673006014562e-01
1.000000000000000000e+00 0.000000000000000000e+00 6.834231470020321053e-01 3.165768529979676726e-01
1.000000000000000000e+00 0.000000000000000000e+00 5.524584497771359848e-01 4.475415502228640707e-01
1.000000000000000000e+00 1.000000000000000000e+00 4.423679766595076668e-01 5.576320233404923332e-01
1.000000000000000000e+00 0.000000000000000000e+00 5.867473680830741500e-01 4.132526319169258500e-01
1.000000000000000000e+00 1.000000000000000000e+00 4.735235964229615457e-01 5.264764035770385098e-01
0.000000000000000000e+00 1.000000000000000000e+00 4.125092116998425040e-01 5.874907883001575515e-01
0.000000000000000000e+00 0.000000000000000000e+00 5.855691439537321630e-01 4.144308560462677815e-01
0.000000000000000000e+00 1.000000000000000000e+00 4.395194732738020860e-01 5.604805267261979695e-01
1.000000000000000000e+00 1.000000000000000000e+00 4.574376579985235391e-01 5.425623420014764609e-01
0.000000000000000000e+00 1.000000000000000000e+00 4.503650090422727792e-01 5.496349909577271653e-01
1.000000000000000000e+00 0.000000000000000000e+00 5.982753510423195475e-01 4.017246489576804525e-01
0.000000000000000000e+00 1.000000000000000000e+00 4.944310732142863651e-01 5.055689267857136349e-01
0.000000000000000000e+00 1.000000000000000000e+00 4.586736998667906295e-01 5.413263001332093705e-01
1.000000000000000000e+00 1.000000000000000000e+00 4.242425406189445636e-01 5.757574593810552699e-01
0.000000000000000000e+00 1.000000000000000000e+00 3.984313011027341700e-01 6.015686988972657190e-01
1.000000000000000000e+00 1.000000000000000000e+00 2.875968431140350501e-01 7.124031568859652275e-01
0.000000000000000000e+00 1.000000000000000000e+00 3.523160401547920650e-01 6.476839598452078794e-01
1.000000000000000000e+00 0.000000000000000000e+00 5.431021276573895218e-01 4.568978723426104227e-01
0.000000000000000000e+00 0.000000000000000000e+00 5.850770560399731757e-01 4.149229439600267133e-01
