1.000000000000000000e+00 1.000000000000000000e+00 2.374999999999999889e-01 7.624999999999999556e-01
1.000000000000000000e+00 0.000000000000000000e+00 5.124999999999999556e-01 4.874999999999999889e-01
0.000000000000000000e+00 1.000000000000000000e+00 2.750000000000000222e-01 7.249999999999999778e-01
1.000000000000000000e+00 1.000000000000000000e+00 4.375000000000000000e-01 5.625000000000000000e-01
0.000000000000000000e+00 1.000000000000000000e+00 4.937500000000000222e-01 5.062499999999999778e-01
0.000000000000000000e+00 0.000000000000000000e+00 6.125000000000000444e-01 3.875000000000000111e-01
1.000000000000000000e+00 1.000000000000000000e+00 3.375000000000000222e-01 6.624999999999999778e-01
1.000000000000000000e+00 1.000000000000000000e+00 3.499999999999999778e-01 6.500000000000000222e-01
1.000000000000000000e+00 0.000000000000000000e+00 5.937500000000000000e-01 4.062500000000000000e-01
1.000000000000000000e+00 0.000000000000000000e+00 6.312499999999999778e-01 3.687500000000000222e-01
0.000000000000000000e+00 1.000000000000000000e+00 3.812499999999999778e-01 6.187500000000000222e-01
0.000000000000000000e+00 1.000000000000000000e+00 3.187499999999999778e-01 6.812500000000000222e-01
1.000000000000000000e+00 1.000000000000000000e+00 2.124999999999999944e-01 7.874999999999999778e-01
1.000000000000000000e+00 1.000000000000000000e+00 4.937500000000000222e-01 5.062499999999999778e-01
0.000000000000000000e+00 1.000000000000000000e+00 1.812499999999999944e-01 8.187499999999999778e-01
1.000000000000000000e+00 1.000000000000000000e+00 3.062500000000000222e-01 6.937499999999999778e-01
1.000000000000000000e+00 1.000000000000000000e+00 3.437500000000000000e-01 6.562500000000000000e-01
0.000000000000000000e+00 1.000000000000000000e+00 4.625000000000000222e-01 5.374999999999999778e-01
1.000000000000000000e+00 1.000000000000000000e+00 4.124999999999999778e-01 5.875000000000000222e-01
0.000000000000000000e+00 1.000000000000000000e+00 4.937500000000000222e-01 5.062499999999999778e-01
1.000000000000000000e+00 1.000000000000000000e+00 2.812500000000000000e-01 7.187500000000000000e-01
1.000000000000000000e+00 0.000000000000000000e+00 5.625000000000000000e-01 4.375000000000000000e-01
1.000000000000000000e+00 1.000000000000000000e+00 3.062500000000000222e-01 6.937499999999999778e-01
1.000000000000000000e+00 1.000000000000000000e+00 4.749999999999999778e-01 5.250000000000000222e-01
1.000000000000000000e+00 1.000000000000000000e+00 2.687499999999999889e-01 7.312499999999999556e-01
1.000000000000000000e+00 1.000000000000000000e+00 2.937500000000000111e-01 7.062500000000000444e-01
1.000000000000000000e+00 1.000000000000000000e+00 3.312499999999999889e-01 6.687499999999999556e-01
1.000000000000000000e+00 1.000000000000000000e+00 1.937500000000000056e-01 8.062500000000000222e-01
0.000000000000000000e+00 1.000000000000000000e+00 1.187499999999999944e-01 8.812499999999999778e-01
1.000000000000000000e+00 1.000000000000000000e+00 2.374999999999999889e-01 7.624999999999999556e-01
1.000000000000000000e+00 1.000000000000000000e+00 3.375000000000000222e-01 6.624999999999999778e-01
1.000000000000000000e+00 1.000000000000000000e+00 2.625000000000000111e-01 7.375000000000000444e-01
0.000000000000000000e+00 1.000000000000000000e+00 3.437500000000000000e-01 6.562500000000000000e-01
1.000000000000000000e+00 1.000000000000000000e+00 4.625000000000000222e-01 5.374999999999999778e-01
0.000000000000000000e+00 1.000000000000000000e+00 4.375000000000000000e-01 5.625000000000000000e-01
1.000000000000000000e+00 1.000000000000000000e+00 3.125000000000000000e-01 6.875000000000000000e-01
1.000000000000000000e+00 0.000000000000000000e+00 5.875000000000000222e-01 4.124999999999999778e-01
1.000000000000000000e+00 1.000000000000000000e+00 3.499999999999999778e-01 6.500000000000000222e-01
1.000000000000000000e+00 1.000000000000000000e+00 4.312500000000000222e-01 5.687499999999999778e-01
1.000000000000000000e+00 1.000000000000000000e+00 4.937500000000000222e-01 5.062499999999999778e-01
1.000000000000000000e+00 1.000000000000000000e+00 2.937500000000000111e-01 7.062500000000000444e-01
0.000000000000000000e+00 1.000000000000000000e+00 3.562500000000000111e-01 6.437500000000000444e-01
0.000000000000000000e+00 1.000000000000000000e+00 2.374999999999999889e-01 7.624999999999999556e-01
1.000000000000000000e+00 1.000000000000000000e+00 2.000000000000000111e-01 8.000000000000000444e-01
1.000000000000000000e+00 1.000000000000000000e+00 4.437499999999999778e-01 5.562500000000000222e-01
1.000000000000000000e+00 1.000000000000000000e+00 4.687500000000000000e-01 5.312500000000000000e-01
1.000000000000000000e+00 0.000000000000000000e+00 8.562499999999999556e-01 1.437499999999999889e-01
0.000000000000000000e+00 0.000000000000000000e+00 5.437499999999999556e-01 4.562499999999999889e-01
0.000000000000000000e+00 1.000000000000000000e+00 3.437500000000000000e-01 6.562500000000000000e-01
1.000000000000000000e+00 1.000000000000000000e+00 4.500000000000000111e-01 5.500000000000000444e-01
0.000000000000000000e+00 0.000000000000000000e+00 6.250000000000000000e-01 3.750000000000000000e-01
1.000000000000000000e+00 0.000000000000000000e+00 7.062500000000000444e-01 2.937500000000000111e-01
1.000000000000000000e+00 0.000000000000000000e+00 5.562500000000000222e-01 4.437499999999999778e-01
0.000000000000000000e+00 0.000000000000000000e+00 5.749999999999999556e-01 4.249999999999999889e-01
1.000000000000000000e+00 1.000000000000000000e+00 2.874999999999999778e-01 7.125000000000000222e-01
0.000000000000000000e+00 1.000000000000000000e+00 2.187500000000000000e-01 7.812500000000000000e-01
1.000000000000000000e+00 0.000000000000000000e+00 7.624999999999999556e-01 2.374999999999999889e-01
0.000000000000000000e+00 1.000000000000000000e+00 2.874999999999999778e-01 7.125000000000000222e-01
1.000000000000000000e+00 0.000000000000000000e+00 5.250000000000000222e-01 4.749999999999999778e-01
1.000000000000000000e+00 1.000000000000000000e+00 4.312500000000000222e-01 5.687499999999999778e-01
0.000000000000000000e+00 1.000000000000000000e+00 3.624999999999999889e-01 6.374999999999999556e-01
1.000000000000000000e+00 1.000000000000000000e+00 4.625000000000000222e-01 5.374999999999999778e-01
1.000000000000000000e+00 1.000000000000000000e+00 4.062500000000000000e-01 5.937500000000000000e-01
1.000000000000000000e+00 1.000000000000000000e+00 2.562499999999999778e-01 7.437500000000000222e-01
0.000000000000000000e+00 1.000000000000000000e+00 3.062500000000000222e-01 6.937499999999999778e-01
0.000000000000000000e+00 1.000000000000000000e+00 4.937500000000000222e-01 5.062499999999999778e-01
1.000000000000000000e+00 1.000000000000000000e+00 4.812500000000000111e-01 5.187500000000000444e-01
1.000000000000000000e+00 1.000000000000000000e+00 4.187500000000000111e-01 5.812500000000000444e-01
1.000000000000000000e+00 0.000000000000000000e+00 6.687499999999999556e-01 3.312499999999999889e-01
0.000000000000000000e+00 0.000000000000000000e+00 6.875000000000000000e-01 3.125000000000000000e-01
1.000000000000000000e+00 1.000000000000000000e+00 4.124999999999999778e-01 5.875000000000000222e-01
1.000000000000000000e+00 1.000000000000000000e+00 2.187500000000000000e-01 7.812500000000000000e-01
0.000000000000000000e+00 0.000000000000000000e+00 6.500000000000000222e-01 3.499999999999999778e-01
1.000000000000000000e+00 0.000000000000000000e+00 6.624999999999999778e-01 3.375000000000000222e-01
0.000000000000000000e+00 1.000000000000000000e+00 2.312500000000000111e-01 7.687500000000000444e-01
1.000000000000000000e+00 0.000000000000000000e+00 7.375000000000000444e-01 2.625000000000000111e-01
1.000000000000000000e+00 1.000000000000000000e+00 4.062500000000000000e-01 5.937500000000000000e-01
0.000000000000000000e+00 1.000000000000000000e+00 2.187500000000000000e-01 7.812500000000000000e-01
1.000000000000000000e+00 1.000000000000000000e+00 2.312500000000000111e-01 7.687500000000000444e-01
0.000000000000000000e+00 0.000000000000000000e+00 8.249999999999999556e-01 1.749999999999999889e-01
1.000000000000000000e+00 1.000000000000000000e+00 2.312500000000000111e-01 7.687500000000000444e-01
1.000000000000000000e+00 1.000000000000000000e+00 3.812499999999999778e-01 6.187500000000000222e-01
1.000000000000000000e+00 1.000000000000000000e+00 2.812500000000000000e-01 7.187500000000000000e-01
1.000000000000000000e+00 1.000000000000000000e+00 3.312499999999999889e-01 6.687499999999999556e-01
0.000000000000000000e+00 1.000000000000000000e+00 2.374999999999999889e-01 7.624999999999999556e-01
0.000000000000000000e+00 1.000000000000000000e+00 4.312500000000000222e-01 5.687499999999999778e-01
1.000000000000000000e+00 1.000000000000000000e+00 3.937499999999999889e-01 6.062499999999999556e-01
1.000000000000000000e+00 1.000000000000000000e+00 4.687500000000000000e-01 5.312500000000000000e-01
0.000000000000000000e+00 1.000000000000000000e+00 4.937500000000000222e-01 5.062499999999999778e-01
1.000000000000000000e+00 1.000000000000000000e+00 3.750000000000000000e-01 6.250000000000000000e-01
1.000000000000000000e+00 1.000000000000000000e+00 3.875000000000000111e-01 6.125000000000000444e-01
1.000000000000000000e+00 1.000000000000000000e+00 4.812500000000000111e-01 5.187500000000000444e-01
0.000000000000000000e+00 0.000000000000000000e+00 6.125000000000000444e-01 3.875000000000000111e-01
0.000000000000000000e+00 1.000000000000000000e+00 4.625000000000000222e-01 5.374999999999999778e-01
0.000000000000000000e+00 0.000000000000000000e+00 5.437499999999999556e-01 4.562499999999999889e-01
1.000000000000000000e+00 0.000000000000000000e+00 6.187500000000000222e-01 3.812499999999999778e-01
1.000000000000000000e+00 0.000000000000000000e+00 7.437500000000000222e-01 2.562499999999999778e-01
1.000000000000000000e+00 1.000000000000000000e+00 3.499999999999999778e-01 6.500000000000000222e-01
1.000000000000000000e+00 1.000000000000000000e+00 2.687499999999999889e-01 7.312499999999999556e-01
0.000000000000000000e+00 0.000000000000000000e+00 5.250000000000000222e-01 4.749999999999999778e-01
1.000000000000000000e+00 1.000000000000000000e+00 3.285714285714285698e-01 6.714285714285713746e-01
0.000000000000000000e+00 1.000000000000000000e+00 1.285714285714285587e-01 8.714285714285714413e-01
1.000000000000000000e+00 0.000000000000000000e+00 6.714285714285713746e-01 3.285714285714285698e-01
1.000000000000000000e+00 0.000000000000000000e+00 5.285714285714285809e-01 4.714285714285714191e-01
1.000000000000000000e+00 0.000000000000000000e+00 6.142857142857143238e-01 3.857142857142857317e-01
1.000000000000000000e+00 1.000000000000000000e+00 4.571428571428571286e-01 5.428571428571428159e-01
0.000000000000000000e+00 1.000000000000000000e+00 3.357142857142856873e-01 6.642857142857142572e-01
0.000000000000000000e+00 0.000000000000000000e+00 5.500000000000000444e-01 4.500000000000000111e-01
0.000000000000000000e+00 1.000000000000000000e+00 1.499999999999999944e-01 8.499999999999999778e-01
1.000000000000000000e+00 0.000000000000000000e+00 5.999999999999999778e-01 4.000000000000000222e-01
1.000000000000000000e+00 1.000000000000000000e+00 3.285714285714285698e-01 6.714285714285713746e-01
1.000000000000000000e+00 0.000000000000000000e+00 5.428571428571428159e-01 4.571428571428571286e-01
1.000000000000000000e+00 1.000000000000000000e+00 4.000000000000000222e-01 5.999999999999999778e-01
1.000000000000000000e+00 1.000000000000000000e+00 4.285714285714285476e-01 5.714285714285713969e-01
1.000000000000000000e+00 1.000000000000000000e+00 2.142857142857142738e-01 7.857142857142856984e-01
0.000000000000000000e+00 0.000000000000000000e+00 6.285714285714285587e-01 3.714285714285714413e-01
0.000000000000000000e+00 1.000000000000000000e+00 1.357142857142857040e-01 8.642857142857143238e-01
1.000000000000000000e+00 1.000000000000000000e+00 2.642857142857142905e-01 7.357142857142857650e-01
1.000000000000000000e+00 1.000000000000000000e+00 4.071428571428571397e-01 5.928571428571428603e-01
1.000000000000000000e+00 1.000000000000000000e+00 2.857142857142856984e-01 7.142857142857143016e-01
1.000000000000000000e+00 1.000000000000000000e+00 4.928571428571428825e-01 5.071428571428571175e-01
0.000000000000000000e+00 1.000000000000000000e+00 4.000000000000000222e-01 5.999999999999999778e-01
1.000000000000000000e+00 0.000000000000000000e+00 6.142857142857143238e-01 3.857142857142857317e-01
0.000000000000000000e+00 1.000000000000000000e+00 1.928571428571428659e-01 8.071428571428571619e-01
1.000000000000000000e+00 1.000000000000000000e+00 1.000000000000000056e-01 9.000000000000000222e-01
1.000000000000000000e+00 1.000000000000000000e+00 4.500000000000000111e-01 5.500000000000000444e-01
1.000000000000000000e+00 1.000000000000000000e+00 4.428571428571428381e-01 5.571428571428571619e-01
0.000000000000000000e+00 0.000000000000000000e+00 6.285714285714285587e-01 3.714285714285714413e-01
1.000000000000000000e+00 1.000000000000000000e+00 2.142857142857142738e-01 7.857142857142856984e-01
1.000000000000000000e+00 1.000000000000000000e+00 4.142857142857143127e-01 5.857142857142857428e-01
1.000000000000000000e+00 0.000000000000000000e+00 7.642857142857142350e-01 2.357142857142857095e-01
1.000000000000000000e+00 1.000000000000000000e+00 1.428571428571428492e-01 8.571428571428570953e-01
1.000000000000000000e+00 1.000000000000000000e+00 4.428571428571428381e-01 5.571428571428571619e-01
0.000000000000000000e+00 1.000000000000000000e+00 3.785714285714285587e-01 6.214285714285714413e-01
0.000000000000000000e+00 0.000000000000000000e+00 5.642857142857142794e-01 4.357142857142857206e-01
1.000000000000000000e+00 1.000000000000000000e+00 4.571428571428571286e-01 5.428571428571428159e-01
1.000000000000000000e+00 0.000000000000000000e+00 5.785714285714286254e-01 4.214285714285714302e-01
1.000000000000000000e+00 0.000000000000000000e+00 6.928571428571428381e-01 3.071428571428571619e-01
1.000000000000000000e+00 0.000000000000000000e+00 5.857142857142857428e-01 4.142857142857143127e-01
0.000000000000000000e+00 1.000000000000000000e+00 4.214285714285714302e-01 5.785714285714286254e-01
1.000000000000000000e+00 0.000000000000000000e+00 6.500000000000000222e-01 3.499999999999999778e-01
1.000000000000000000e+00 1.000000000000000000e+00 4.142857142857143127e-01 5.857142857142857428e-01
1.000000000000000000e+00 1.000000000000000000e+00 3.785714285714285587e-01 6.214285714285714413e-01
1.000000000000000000e+00 0.000000000000000000e+00 5.357142857142856984e-01 4.642857142857143016e-01
1.000000000000000000e+00 1.000000000000000000e+00 2.857142857142856984e-01 7.142857142857143016e-01
1.000000000000000000e+00 0.000000000000000000e+00 6.928571428571428381e-01 3.071428571428571619e-01
0.000000000000000000e+00 1.000000000000000000e+00 3.071428571428571619e-01 6.928571428571428381e-01
1.000000000000000000e+00 0.000000000000000000e+00 5.857142857142857428e-01 4.142857142857143127e-01
0.000000000000000000e+00 0.000000000000000000e+00 5.071428571428571175e-01 4.928571428571428825e-01
1.000000000000000000e+00 1.000000000000000000e+00 7.142857142857142461e-02 9.285714285714286031e-01
0.000000000000000000e+00 1.000000000000000000e+00 4.571428571428571286e-01 5.428571428571428159e-01
1.000000000000000000e+00 1.000000000000000000e+00 4.785714285714285920e-01 5.214285714285714635e-01
0.000000000000000000e+00 0.000000000000000000e+00 6.857142857142857206e-01 3.142857142857142794e-01
0.000000000000000000e+00 0.000000000000000000e+00 7.714285714285714635e-01 2.285714285714285643e-01
1.000000000000000000e+00 1.000000000000000000e+00 3.357142857142856873e-01 6.642857142857142572e-01
1.000000000000000000e+00 0.000000000000000000e+00 6.928571428571428381e-01 3.071428571428571619e-01
1.000000000000000000e+00 1.000000000000000000e+00 1.928571428571428659e-01 8.071428571428571619e-01
0.000000000000000000e+00 0.000000000000000000e+00 5.428571428571428159e-01 4.571428571428571286e-01
0.000000000000000000e+00 1.000000000000000000e+00 4.285714285714285476e-01 5.714285714285713969e-01
1.000000000000000000e+00 1.000000000000000000e+00 3.785714285714285587e-01 6.214285714285714413e-01
1.000000000000000000e+00 1.000000000000000000e+00 4.214285714285714302e-01 5.785714285714286254e-01
0.000000000000000000e+00 1.000000000000000000e+00 4.500000000000000111e-01 5.500000000000000444e-01
1.000000000000000000e+00 1.000000000000000000e+00 2.285714285714285643e-01 7.714285714285714635e-01
1.000000000000000000e+00 0.000000000000000000e+00 7.642857142857142350e-01 2.357142857142857095e-01
1.000000000000000000e+00 0.000000000000000000e+00 5.928571428571428603e-01 4.071428571428571397e-01
1.000000000000000000e+00 0.000000000000000000e+00 5.928571428571428603e-01 4.071428571428571397e-01
1.000000000000000000e+00 1.000000000000000000e+00 3.642857142857142683e-01 6.357142857142856762e-01
1.000000000000000000e+00 0.000000000000000000e+00 5.714285714285713969e-01 4.285714285714285476e-01
1.000000000000000000e+00 0.000000000000000000e+00 7.071428571428571841e-01 2.928571428571428714e-01
1.000000000000000000e+00 0.000000000000000000e+00 6.999999999999999556e-01 2.999999999999999889e-01
1.000000000000000000e+00 0.000000000000000000e+00 5.928571428571428603e-01 4.071428571428571397e-01
0.000000000000000000e+00 0.000000000000000000e+00 5.000000000000000000e-01 5.000000000000000000e-01
1.000000000000000000e+00 0.000000000000000000e+00 5.928571428571428603e-01 4.071428571428571397e-01
1.000000000000000000e+00 0.000000000000000000e+00 6.928571428571428381e-01 3.071428571428571619e-01
0.000000000000000000e+00 0.000000000000000000e+00 5.785714285714286254e-01 4.214285714285714302e-01
1.000000000000000000e+00 1.000000000000000000e+00 2.714285714285714080e-01 7.285714285714285365e-01
1.000000000000000000e+00 1.000000000000000000e+00 3.857142857142857317e-01 6.142857142857143238e-01
0.000000000000000000e+00 0.000000000000000000e+00 5.071428571428571175e-01 4.928571428571428825e-01
1.000000000000000000e+00 1.000000000000000000e+00 3.785714285714285587e-01 6.214285714285714413e-01
1.000000000000000000e+00 1.000000000000000000e+00 2.500000000000000000e-01 7.500000000000000000e-01
0.000000000000000000e+00 0.000000000000000000e+00 7.285714285714285365e-01 2.714285714285714080e-01
0.000000000000000000e+00 1.000000000000000000e+00 2.714285714285714080e-01 7.285714285714285365e-01
0.000000000000000000e+00 1.000000000000000000e+00 4.285714285714285476e-01 5.714285714285713969e-01
1.000000000000000000e+00 0.000000000000000000e+00 5.000000000000000000e-01 5.000000000000000000e-01
1.000000000000000000e+00 1.000000000000000000e+00 3.357142857142856873e-01 6.642857142857142572e-01
1.000000000000000000e+00 1.000000000000000000e+00 4.785714285714285920e-01 5.214285714285714635e-01
0.000000000000000000e+00 0.000000000000000000e+00 5.142857142857142350e-01 4.857142857142857095e-01
0.000000000000000000e+00 0.000000000000000000e+00 5.999999999999999778e-01 4.000000000000000222e-01
1.000000000000000000e+00 0.000000000000000000e+00 7.142857142857143016e-01 2.857142857142856984e-01
0.000000000000000000e+00 0.000000000000000000e+00 5.285714285714285809e-01 4.714285714285714191e-01
1.000000000000000000e+00 0.000000000000000000e+00 6.500000000000000222e-01 3.499999999999999778e-01
1.000000000000000000e+00 1.000000000000000000e+00 3.785714285714285587e-01 6.214285714285714413e-01
0.000000000000000000e+00 0.000000000000000000e+00 5.500000000000000444e-01 4.500000000000000111e-01
0.000000000000000000e+00 0.000000000000000000e+00 5.785714285714286254e-01 4.214285714285714302e-01
1.000000000000000000e+00 0.000000000000000000e+00 5.214285714285714635e-01 4.785714285714285920e-01
1.000000000000000000e+00 0.000000000000000000e+00 7.214285714285714191e-01 2.785714285714285809e-01
0.000000000000000000e+00 1.000000000000000000e+00 4.285714285714285476e-01 5.714285714285713969e-01
0.000000000000000000e+00 0.000000000000000000e+00 5.000000000000000000e-01 5.000000000000000000e-01
1.000000000000000000e+00 1.000000000000000000e+00 3.642857142857142683e-01 6.357142857142856762e-01
1.000000000000000000e+00 0.000000000000000000e+00 6.285714285714285587e-01 3.714285714285714413e-01
0.000000000000000000e+00 1.000000000000000000e+00 4.500000000000000111e-01 5.500000000000000444e-01
1.000000000000000000e+00 1.000000000000000000e+00 3.375000000000000222e-01 6.624999999999999778e-01
1.000000000000000000e+00 1.000000000000000000e+00 3.125000000000000000e-01 6.875000000000000000e-01
1.000000000000000000e+00 0.000000000000000000e+00 5.187500000000000444e-01 4.812500000000000111e-01
0.000000000000000000e+00 1.000000000000000000e+00 3.125000000000000000e-01 6.875000000000000000e-01
1.000000000000000000e+00 1.000000000000000000e+00 3.937499999999999889e-01 6.062499999999999556e-01
1.000000000000000000e+00 1.000000000000000000e+00 3.499999999999999778e-01 6.500000000000000222e-01
0.000000000000000000e+00 1.000000000000000000e+00 3.687500000000000222e-01 6.312499999999999778e-01
1.000000000000000000e+00 1.000000000000000000e+00 1.812499999999999944e-01 8.187499999999999778e-01
1.000000000000000000e+00 0.000000000000000000e+00 5.374999999999999778e-01 4.625000000000000222e-01
1.000000000000000000e+00 1.000000000000000000e+00 3.187499999999999778e-01 6.812500000000000222e-01
0.000000000000000000e+00 0.000000000000000000e+00 5.000000000000000000e-01 5.000000000000000000e-01
0.000000000000000000e+00 0.000000000000000000e+00 5.374999999999999778e-01 4.625000000000000222e-01
1.000000000000000000e+00 1.000000000000000000e+00 4.812500000000000111e-01 5.187500000000000444e-01
1.000000000000000000e+00 1.000000000000000000e+00 4.937500000000000222e-01 5.062499999999999778e-01
0.000000000000000000e+00 1.000000000000000000e+00 2.999999999999999889e-01 6.999999999999999556e-01
1.000000000000000000e+00 0.000000000000000000e+00 5.000000000000000000e-01 5.000000000000000000e-01
0.000000000000000000e+00 0.000000000000000000e+00 5.374999999999999778e-01 4.625000000000000222e-01
1.000000000000000000e+00 0.000000000000000000e+00 5.312500000000000000e-01 4.687500000000000000e-01
0.000000000000000000e+00 1.000000000000000000e+00 4.687500000000000000e-01 5.312500000000000000e-01
0.000000000000000000e+00 1.000000000000000000e+00 4.500000000000000111e-01 5.500000000000000444e-01
0.000000000000000000e+00 1.000000000000000000e+00 4.437499999999999778e-01 5.562500000000000222e-01
0.000000000000000000e+00 0.000000000000000000e+00 5.937500000000000000e-01 4.062500000000000000e-01
1.000000000000000000e+00 0.000000000000000000e+00 6.250000000000000000e-01 3.750000000000000000e-01
1.000000000000000000e+00 1.000000000000000000e+00 3.875000000000000111e-01 6.125000000000000444e-01
1.000000000000000000e+00 1.000000000000000000e+00 3.562500000000000111e-01 6.437500000000000444e-01
0.000000000000000000e+00 0.000000000000000000e+00 5.312500000000000000e-01 4.687500000000000000e-01
0.000000000000000000e+00 1.000000000000000000e+00 3.750000000000000000e-01 6.250000000000000000e-01
0.000000000000000000e+00 0.000000000000000000e+00 5.562500000000000222e-01 4.437499999999999778e-01
1.000000000000000000e+00 1.000000000000000000e+00 4.187500000000000111e-01 5.812500000000000444e-01
1.000000000000000000e+00 1.000000000000000000e+00 3.687500000000000222e-01 6.312499999999999778e-01
1.000000000000000000e+00 1.000000000000000000e+00 1.937500000000000056e-01 8.062500000000000222e-01
0.000000000000000000e+00 1.000000000000000000e+00 3.312499999999999889e-01 6.687499999999999556e-01
1.000000000000000000e+00 1.000000000000000000e+00 2.000000000000000111e-01 8.000000000000000444e-01
1.000000000000000000e+00 1.000000000000000000e+00 4.625000000000000222e-01 5.374999999999999778e-01
1.000000000000000000e+00 1.000000000000000000e+00 3.187499999999999778e-01 6.812500000000000222e-01
1.000000000000000000e+00 1.000000000000000000e+00 3.125000000000000000e-01 6.875000000000000000e-01
0.000000000000000000e+00 1.000000000000000000e+00 2.937500000000000111e-01 7.062500000000000444e-01
1.000000000000000000e+00 1.000000000000000000e+00 4.625000000000000222e-01 5.374999999999999778e-01
1.000000000000000000e+00 1.000000000000000000e+00 4.187500000000000111e-01 5.812500000000000444e-01
1.000000000000000000e+00 1.000000000000000000e+00 3.687500000000000222e-01 6.312499999999999778e-01
1.000000000000000000e+00 0.000000000000000000e+00 6.750000000000000444e-01 3.250000000000000111e-01
1.000000000000000000e+00 1.000000000000000000e+00 4.500000000000000111e-01 5.500000000000000444e-01
1.000000000000000000e+00 1.000000000000000000e+00 4.562499999999999889e-01 5.437499999999999556e-01
0.000000000000000000e+00 0.000000000000000000e+00 6.624999999999999778e-01 3.375000000000000222e-01
0.000000000000000000e+00 0.000000000000000000e+00 5.500000000000000444e-01 4.500000000000000111e-01
1.000000000000000000e+00 0.000000000000000000e+00 5.562500000000000222e-01 4.437499999999999778e-01
0.000000000000000000e+00 1.000000000000000000e+00 4.687500000000000000e-01 5.312500000000000000e-01
1.000000000000000000e+00 1.000000000000000000e+00 3.624999999999999889e-01 6.374999999999999556e-01
1.000000000000000000e+00 0.000000000000000000e+00 6.062499999999999556e-01 3.937499999999999889e-01
1.000000000000000000e+00 0.000000000000000000e+00 6.687499999999999556e-01 3.312499999999999889e-01
0.000000000000000000e+00 1.000000000000000000e+00 3.437500000000000000e-01 6.562500000000000000e-01
1.000000000000000000e+00 1.000000000000000000e+00 4.562499999999999889e-01 5.437499999999999556e-01
0.000000000000000000e+00 1.000000000000000000e+00 2.750000000000000222e-01 7.249999999999999778e-01
0.000000000000000000e+00 1.000000000000000000e+00 4.249999999999999889e-01 5.749999999999999556e-01
1.000000000000000000e+00 1.000000000000000000e+00 4.687500000000000000e-01 5.312500000000000000e-01
1.000000000000000000e+00 1.000000000000000000e+00 4.500000000000000111e-01 5.500000000000000444e-01
1.000000000000000000e+00 1.000000000000000000e+00 3.312499999999999889e-01 6.687499999999999556e-01
1.000000000000000000e+00 0.000000000000000000e+00 5.999999999999999778e-01 4.000000000000000222e-01
0.000000000000000000e+00 1.000000000000000000e+00 4.562499999999999889e-01 5.437499999999999556e-01
1.000000000000000000e+00 0.000000000000000000e+00 6.562500000000000000e-01 3.437500000000000000e-01
1.000000000000000000e+00 1.000000000000000000e+00 2.874999999999999778e-01 7.125000000000000222e-01
1.000000000000000000e+00 1.000000000000000000e+00 4.000000000000000222e-01 5.999999999999999778e-01
1.000000000000000000e+00 0.000000000000000000e+00 5.437499999999999556e-01 4.562499999999999889e-01
1.000000000000000000e+00 1.000000000000000000e+00 3.187499999999999778e-01 6.812500000000000222e-01
0.000000000000000000e+00 1.000000000000000000e+00 4.937500000000000222e-01 5.062499999999999778e-01
1.000000000000000000e+00 1.000000000000000000e+00 2.750000000000000222e-01 7.249999999999999778e-01
1.000000000000000000e+00 1.000000000000000000e+00 4.437499999999999778e-01 5.562500000000000222e-01
0.000000000000000000e+00 1.000000000000000000e+00 2.437499999999999944e-01 7.562499999999999778e-01
1.000000000000000000e+00 1.000000000000000000e+00 4.124999999999999778e-01 5.875000000000000222e-01
0.000000000000000000e+00 1.000000000000000000e+00 2.625000000000000111e-01 7.375000000000000444e-01
0.000000000000000000e+00 1.000000000000000000e+00 4.937500000000000222e-01 5.062499999999999778e-01
0.000000000000000000e+00 1.000000000000000000e+00 3.812499999999999778e-01 6.187500000000000222e-01
1.000000000000000000e+00 0.000000000000000000e+00 5.875000000000000222e-01 4.124999999999999778e-01
0.000000000000000000e+00 0.000000000000000000e+00 5.062499999999999778e-01 4.937500000000000222e-01
1.000000000000000000e+00 0.000000000000000000e+00 6.687499999999999556e-01 3.312499999999999889e-01
1.000000000000000000e+00 1.000000000000000000e+00 1.562500000000000000e-01 8.437500000000000000e-01
1.000000000000000000e+00 1.000000000000000000e+00 1.812499999999999944e-01 8.187499999999999778e-01
1.000000000000000000e+00 0.000000000000000000e+00 5.250000000000000222e-01 4.749999999999999778e-01
0.000000000000000000e+00 0.000000000000000000e+00 6.374999999999999556e-01 3.624999999999999889e-01
1.000000000000000000e+00 1.000000000000000000e+00 3.312499999999999889e-01 6.687499999999999556e-01
1.000000000000000000e+00 1.000000000000000000e+00 4.937500000000000222e-01 5.062499999999999778e-01
1.000000000000000000e+00 0.000000000000000000e+00 5.124999999999999556e-01 4.874999999999999889e-01
1.000000000000000000e+00 1.000000000000000000e+00 2.062499999999999889e-01 7.937499999999999556e-01
1.000000000000000000e+00 1.000000000000000000e+00 4.312500000000000222e-01 5.687499999999999778e-01
1.000000000000000000e+00 0.000000000000000000e+00 5.062499999999999778e-01 4.937500000000000222e-01
1.000000000000000000e+00 0.000000000000000000e+00 5.749999999999999556e-01 4.249999999999999889e-01
1.000000000000000000e+00 0.000000000000000000e+00 5.000000000000000000e-01 5.000000000000000000e-01
1.000000000000000000e+00 1.000000000000000000e+00 4.749999999999999778e-01 5.250000000000000222e-01
1.000000000000000000e+00 1.000000000000000000e+00 2.062499999999999889e-01 7.937499999999999556e-01
1.000000000000000000e+00 0.000000000000000000e+00 6.875000000000000000e-01 3.125000000000000000e-01
1.000000000000000000e+00 1.000000000000000000e+00 1.937500000000000056e-01 8.062500000000000222e-01
0.000000000000000000e+00 1.000000000000000000e+00 2.750000000000000222e-01 7.249999999999999778e-01
1.000000000000000000e+00 0.000000000000000000e+00 5.687499999999999778e-01 4.312500000000000222e-01
1.000000000000000000e+00 1.000000000000000000e+00 3.750000000000000000e-01 6.250000000000000000e-01
0.000000000000000000e+00 1.000000000000000000e+00 2.812500000000000000e-01 7.187500000000000000e-01
0.000000000000000000e+00 0.000000000000000000e+00 5.812500000000000444e-01 4.187500000000000111e-01
1.000000000000000000e+00 1.000000000000000000e+00 3.750000000000000000e-01 6.250000000000000000e-01
1.000000000000000000e+00 0.000000000000000000e+00 8.375000000000000222e-01 1.625000000000000056e-01
1.000000000000000000e+00 1.000000000000000000e+00 4.000000000000000222e-01 5.999999999999999778e-01
