0.000000000000000000e+00 0.000000000000000000e+00 5.203416946643728558e-01 4.796583053356270887e-01
1.000000000000000000e+00 0.000000000000000000e+00 7.486964987719655351e-01 2.513035012280344094e-01
1.000000000000000000e+00 1.000000000000000000e+00 4.966563660341286601e-01 5.033436339658713399e-01
0.000000000000000000e+00 1.000000000000000000e+00 4.534593962281235902e-01 5.465406037718764098e-01
1.000000000000000000e+00 1.000000000000000000e+00 4.381417317213938123e-01 5.618582682786061877e-01
1.000000000000000000e+00 1.000000000000000000e+00 4.468200782544314853e-01 5.531799217455685147e-01
0.000000000000000000e+00 0.000000000000000000e+00 5.805923010555369412e-01 4.194076989444630033e-01
0.000000000000000000e+00 0.000000000000000000e+00 6.042067049110275700e-01 3.957932950889724300e-01
0.000000000000000000e+00 1.000000000000000000e+00 3.907003879812326330e-01 6.092996120187673670e-01
0.000000000000000000e+00 1.000000000000000000e+00 1.732284618425012912e-01 8.267715381574987088e-01
0.000000000000000000e+00 0.000000000000000000e+00 7.132952768309390734e-01 2.867047231690609821e-01
1.000000000000000000e+00 0.000000000000000000e+00 5.955051654438350273e-01 4.044948345561649727e-01
0.000000000000000000e+00 0.000000000000000000e+00 6.025793944090932497e-01 3.974206055909067503e-01
1.000000000000000000e+00 1.000000000000000000e+00 4.705919491329421112e-01 5.294080508670578888e-01
0.000000000000000000e+00 1.000000000000000000e+00 4.238218448253213699e-01 5.761781551746786301e-01
0.000000000000000000e+00 1.000000000000000000e+00 3.187623119966703777e-01 6.812376880033296223e-01
1.000000000000000000e+00 1.000000000000000000e+00 4.114810862050715112e-01 5.885189137949284888e-01
0.000000000000000000e+00 0.000000000000000000e+00 5.559815721579084435e-01 4.440184278420916120e-01
1.000000000000000000e+00 0.000000000000000000e+00 5.277467154073758326e-01 4.722532845926241674e-01
0.000000000000000000e+00 1.000000000000000000e+00 3.218405883021496772e-01 6.781594116978503228e-01
1.000000000000000000e+00 1.000000000000000000e+00 3.598691057108657221e-01 6.401308942891342779e-01
0.000000000000000000e+00 0.000000000000000000e+00 6.523259910446259635e-01 3.476740089553740920e-01
0.000000000000000000e+00 0.000000000000000000e+00 5.092473772475483162e-01 4.907526227524516282e-01
1.000000000000000000e+00 1.000000000000000000e+00 1.954124255381760600e-01 8.045875744618239400e-01
1.000000000000000000e+00 0.000000000000000000e+00 6.740789694195347126e-01 3.259210305804652874e-01
1.000000000000000000e+00 1.000000000000000000e+00 3.397364714136118513e-01 6.602635285863881487e-01
1.000000000000000000e+00 1.000000000000000000e+00 4.197685431066460193e-01 5.802314568933539807e-01
1.000000000000000000e+00 0.000000000000000000e+00 5.069947440990323351e-01 4.930052559009677204e-01
1.000000000000000000e+00 0.000000000000000000e+00 6.794302693181926145e-01 3.205697306818073855e-01
1.000000000000000000e+00 0.000000000000000000e+00 5.400572028680251657e-01 4.599427971319748343e-01
1.000000000000000000e+00 0.000000000000000000e+00 5.977911998863749687e-01 4.022088001136250313e-01
0.000000000000000000e+00 1.000000000000000000e+00 4.344220713733971673e-01 5.655779286266028327e-01
0.000000000000000000e+00 0.000000000000000000e+00 6.030743239855111959e-01 3.969256760144888041e-01
1.000000000000000000e+00 0.000000000000000000e+00 5.919905877963000940e-01 4.080094122036998505e-01
0.000000000000000000e+00 0.000000000000000000e+00 6.191274540940370219e-01 3.808725459059630336e-01
0.000000000000000000e+00 0.000000000000000000e+00 5.271631503531040153e-01 4.728368496468960402e-01
1.000000000000000000e+00 1.000000000000000000e+00 2.983632145536375679e-01 7.016367854463624321e-01
1.000000000000000000e+00 0.000000000000000000e+00 7.346888581343248292e-01 2.653111418656751708e-01
1.000000000000000000e+00 1.000000000000000000e+00 3.192303665923215128e-01 6.807696334076784872e-01
1.000000000000000000e+00 1.000000000000000000e+00 3.981226081009805462e-01 6.018773918990194538e-01
0.000000000000000000e+00 0.000000000000000000e+00 6.420776967943526703e-01 3.579223032056473297e-01
1.000000000000000000e+00 0.000000000000000000e+00 7.000248176703476322e-01 2.999751823296523123e-01
0.000000000000000000e+00 1.000000000000000000e+00 3.097206427601716383e-01 6.902793572398283617e-01
1.000000000000000000e+00 1.000000000000000000e+00 4.852584135113340302e-01 5.147415864886659698e-01
1.000000000000000000e+00 1.000000000000000000e+00 4.484466018302152301e-01 5.515533981697847699e-01
0.000000000000000000e+00 1.000000000000000000e+00 3.831440860133780157e-01 6.168559139866219843e-01
0.000000000000000000e+00 0.000000000000000000e+00 6.711837161777634009e-01 3.288162838222366546e-01
1.000000000000000000e+00 0.000000000000000000e+00 6.842023875674290156e-01 3.157976124325710399e-01
0.000000000000000000e+00 0.000000000000000000e+00 7.954392768076997688e-01 2.045607231923002589e-01
1.000000000000000000e+00 0.000000000000000000e+00 6.796982145283638754e-01 3.203017854716360691e-01
0.000000000000000000e+00 1.000000000000000000e+00 4.378647428019674104e-01 5.621352571980325896e-01
1.000000000000000000e+00 1.000000000000000000e+00 4.510760640069418903e-01 5.489239359930581097e-01
0.000000000000000000e+00 1.000000000000000000e+00 4.498388991162566297e-01 5.501611008837433703e-01
1.000000000000000000e+00 1.000000000000000000e+00 4.253224505571917557e-01 5.746775494428082443e-01
0.000000000000000000e+00 1.000000000000000000e+00 2.647017883395711424e-01 7.352982116604288576e-01
1.000000000000000000e+00 1.000000000000000000e+00 3.518994627972160671e-01 6.481005372027839329e-01
1.000000000000000000e+00 0.000000000000000000e+00 6.806154372327165580e-01 3.193845627672834420e-01
1.000000000000000000e+00 1.000000000000000000e+00 4.316370155917722551e-01 5.683629844082277449e-01
1.000000000000000000e+00 0.000000000000000000e+00 5.430841025710007042e-01 4.569158974289993513e-01
1.000000000000000000e+00 0.000000000000000000e+00 5.638926461729836248e-01 4.361073538270164307e-01
1.000000000000000000e+00 1.000000000000000000e+00 4.515848168632635717e-01 5.484151831367364283e-01
1.000000000000000000e+00 1.000000000000000000e+00 4.701172226560295098e-01 5.298827773439704902e-01
1.000000000000000000e+00 1.000000000000000000e+00 4.916841412660161170e-01 5.083158587339838830e-01
1.000000000000000000e+00 1.000000000000000000e+00 3.479826046380108950e-01 6.520173953619891050e-01
1.000000000000000000e+00 0.000000000000000000e+00 6.092498030857851354e-01 3.907501969142149201e-01
1.000000000000000000e+00 0.000000000000000000e+00 5.149186025269083533e-01 4.850813974730915912e-01
1.000000000000000000e+00 0.000000000000000000e+00 6.055380421941953806e-01 3.944619578058046194e-01
0.000000000000000000e+00 0.000000000000000000e+00 6.427345393888928005e-01 3.572654606111071995e-01
1.000000000000000000e+00 0.000000000000000000e+00 5.908451510085095393e-01 4.091548489914905162e-01
0.000000000000000000e+00 0.000000000000000000e+00 5.336312428856802015e-01 4.663687571143198540e-01
1.000000000000000000e+00 1.000000000000000000e+00 3.973025809942790643e-01 6.026974190057209357e-01
1.000000000000000000e+00 1.000000000000000000e+00 3.958468978230855750e-01 6.041531021769144250e-01
1.000000000000000000e+00 0.000000000000000000e+00 5.300921850164854732e-01 4.699078149835145823e-01
0.000000000000000000e+00 1.000000000000000000e+00 2.899756673774482874e-01 7.100243326225517126e-01
1.000000000000000000e+00 0.000000000000000000e+00 6.314132317525772420e-01 3.685867682474227580e-01
1.000000000000000000e+00 1.000000000000000000e+00 4.994085279247588716e-01 5.005914720752411284e-01
1.000000000000000000e+00 0.000000000000000000e+00 5.901774774346002506e-01 4.098225225653996939e-01
1.000000000000000000e+00 0.000000000000000000e+00 8.245067113525946789e-01 1.754932886474053211e-01
1.000000000000000000e+00 0.000000000000000000e+00 6.540620528944972589e-01 3.459379471055027411e-01
1.000000000000000000e+00 1.000000000000000000e+00 4.370345485777924477e-01 5.629654514222075523e-01
0.000000000000000000e+00 1.000000000000000000e+00 3.711861787087031850e-01 6.288138212912968150e-01
1.000000000000000000e+00 0.000000000000000000e+00 6.981964807326688227e-01 3.018035192673312328e-01
1.000000000000000000e+00 0.000000000000000000e+00 5.651474556851645570e-01 4.348525443148353875e-01
1.000000000000000000e+00 0.000000000000000000e+00 5.526242584539944325e-01 4.473757415460055120e-01
1.000000000000000000e+00 1.000000000000000000e+00 3.808391900731097346e-01 6.191608099268902654e-01
0.000000000000000000e+00 0.000000000000000000e+00 5.927200345590724062e-01 4.072799654409275938e-01
1.000000000000000000e+00 1.000000000000000000e+00 3.770977709119038845e-01 6.229022290880961155e-01
1.000000000000000000e+00 0.000000000000000000e+00 5.952406856181946537e-01 4.047593143818053463e-01
1.000000000000000000e+00 1.000000000000000000e+00 2.355260844438443746e-01 7.644739155561556254e-01
1.000000000000000000e+00 1.000000000000000000e+00 4.793170121735574885e-01 5.206829878264425115e-01
1.000000000000000000e+00 1.000000000000000000e+00 3.005542061868115011e-01 6.994457938131884989e-01
1.000000000000000000e+00 1.000000000000000000e+00 3.418398426404430923e-01 6.581601573595569077e-01
0.000000000000000000e+00 0.000000000000000000e+00 5.788703015001341878e-01 4.211296984998658677e-01
1.000000000000000000e+00 1.000000000000000000e+00 4.703784631895897572e-01 5.296215368104102428e-01
1.000000000000000000e+00 1.000000000000000000e+00 4.720736451600953121e-01 5.279263548399046879e-01
1.000000000000000000e+00 1.000000000000000000e+00 4.731662705421314508e-01 5.268337294578685492e-01
1.000000000000000000e+00 1.000000000000000000e+00 3.816952684316230471e-01 6.183047315683769529e-01
0.000000000000000000e+00 0.000000000000000000e+00 5.976022952880452044e-01 4.023977047119547956e-01
1.000000000000000000e+00 0.000000000000000000e+00 5.419289534782343321e-01 4.580710465217657235e-01
1.000000000000000000e+00 1.000000000000000000e+00 2.736710787408478396e-01 7.263289212591521604e-01
0.000000000000000000e+00 0.000000000000000000e+00 6.083202901217528158e-01 3.916797098782471842e-01
1.000000000000000000e+00 1.000000000000000000e+00 3.016742246207732014e-01 6.983257753792267986e-01
1.000000000000000000e+00 0.000000000000000000e+00 5.040079228779652532e-01 4.959920771220347468e-01
1.000000000000000000e+00 1.000000000000000000e+00 3.993854436123118745e-01 6.006145563876881255e-01
1.000000000000000000e+00 1.000000000000000000e+00 4.989714822441991826e-01 5.010285177558008174e-01
0.000000000000000000e+00 1.000000000000000000e+00 4.692269573920483383e-01 5.307730426079516617e-01
0.000000000000000000e+00 1.000000000000000000e+00 3.507692544297774662e-01 6.492307455702225338e-01
1.000000000000000000e+00 1.000000000000000000e+00 2.807791838737778711e-01 7.192208161262221289e-01
1.000000000000000000e+00 1.000000000000000000e+00 3.380276230084477973e-01 6.619723769915522027e-01
0.000000000000000000e+00 0.000000000000000000e+00 6.119103928536098191e-01 3.880896071463902364e-01
0.000000000000000000e+00 1.000000000000000000e+00 4.494740544899783474e-01 5.505259455100216526e-01
1.000000000000000000e+00 1.000000000000000000e+00 4.823565689229715181e-01 5.176434310770284819e-01
0.000000000000000000e+00 1.000000000000000000e+00 3.855241816051587778e-01 6.144758183948412222e-01
0.000000000000000000e+00 1.000000000000000000e+00 4.417761629982681626e-01 5.582238370017318374e-01
1.000000000000000000e+00 0.000000000000000000e+00 5.432238378636733422e-01 4.567761621363267133e-01
1.000000000000000000e+00 1.000000000000000000e+00 4.652758922091490001e-01 5.347241077908509999e-01
1.000000000000000000e+00 0.000000000000000000e+00 6.814398868686746269e-01 3.185601131313254286e-01
1.000000000000000000e+00 1.000000000000000000e+00 4.930220660646996711e-01 5.069779339353003289e-01
0.000000000000000000e+00 0.000000000000000000e+00 5.470532654951056895e-01 4.529467345048943105e-01
0.000000000000000000e+00 1.000000000000000000e+00 3.356013262241620554e-01 6.643986737758379446e-01
1.000000000000000000e+00 1.000000000000000000e+00 4.545070238384435468e-01 5.454929761615564532e-01
1.000000000000000000e+00 0.000000000000000000e+00 6.757226085496872425e-01 3.242773914503127575e-01
0.000000000000000000e+00 1.000000000000000000e+00 3.120495034095173148e-01 6.879504965904826852e-01
0.000000000000000000e+00 1.000000000000000000e+00 3.331971577092655012e-01 6.668028422907344988e-01
0.000000000000000000e+00 0.000000000000000000e+00 5.573760518401627007e-01 4.426239481598372993e-01
1.000000000000000000e+00 0.000000000000000000e+00 6.530508828407911581e-01 3.469491171592088419e-01
0.000000000000000000e+00 0.000000000000000000e+00 6.234354142119675757e-01 3.765645857880324798e-01
1.000000000000000000e+00 1.000000000000000000e+00 3.011344150710248968e-01 6.988655849289751032e-01
0.000000000000000000e+00 1.000000000000000000e+00 4.927764818338873365e-01 5.072235181661126635e-01
0.000000000000000000e+00 0.000000000000000000e+00 6.141574183089644201e-01 3.858425816910356354e-01
1.000000000000000000e+00 0.000000000000000000e+00 7.075319845752947590e-01 2.924680154247052410e-01
1.000000000000000000e+00 0.000000000000000000e+00 5.816265618795539716e-01 4.183734381204460839e-01
0.000000000000000000e+00 1.000000000000000000e+00 4.960549928516077012e-01 5.039450071483922988e-01
1.000000000000000000e+00 0.000000000000000000e+00 7.081368394697096225e-01 2.918631605302903220e-01
1.000000000000000000e+00 0.000000000000000000e+00 5.311090746901360182e-01 4.688909253098639818e-01
0.000000000000000000e+00 1.000000000000000000e+00 4.579648338879649394e-01 5.420351661120350606e-01
1.000000000000000000e+00 0.000000000000000000e+00 5.873299007699426255e-01 4.126700992300573190e-01
1.000000000000000000e+00 1.000000000000000000e+00 4.922699082601141862e-01 5.077300917398858138e-01
1.000000000000000000e+00 1.000000000000000000e+00 4.912999121837283711e-01 5.087000878162716289e-01
1.000000000000000000e+00 1.000000000000000000e+00 4.080204209087040512e-01 5.919795790912959488e-01
0.000000000000000000e+00 0.000000000000000000e+00 6.308125293306490189e-01 3.691874706693510366e-01
0.000000000000000000e+00 0.000000000000000000e+00 5.197190856326242558e-01 4.802809143673757442e-01
1.000000000000000000e+00 0.000000000000000000e+00 6.201945089244997877e-01 3.798054910755002123e-01
1.000000000000000000e+00 1.000000000000000000e+00 3.285923151001529652e-01 6.714076848998470348e-01
1.000000000000000000e+00 1.000000000000000000e+00 4.407647053606108534e-01 5.592352946393891466e-01
1.000000000000000000e+00 1.000000000000000000e+00 4.087070088348074837e-01 5.912929911651925163e-01
0.000000000000000000e+00 1.000000000000000000e+00 2.441268407312013888e-01 7.558731592687986112e-01
0.000000000000000000e+00 0.000000000000000000e+00 5.092553995554440771e-01 4.907446004445558674e-01
1.000000000000000000e+00 1.000000000000000000e+00 2.490698580032989495e-01 7.509301419967010505e-01
1.000000000000000000e+00 1.000000000000000000e+00 4.373002014696137918e-01 5.626997985303862082e-01
1.000000000000000000e+00 1.000000000000000000e+00 4.713146232623904863e-01 5.286853767376095137e-01
1.000000000000000000e+00 0.000000000000000000e+00 6.198798105805517489e-01 3.801201894194482511e-01
1.000000000000000000e+00 1.000000000000000000e+00 2.218836980127831815e-01 7.781163019872168185e-01
1.000000000000000000e+00 0.000000000000000000e+00 6.187948453927512027e-01 3.812051546072487973e-01
1.000000000000000000e+00 1.000000000000000000e+00 4.042457387918756417e-01 5.957542612081243583e-01
1.000000000000000000e+00 0.000000000000000000e+00 6.392391648355759681e-01 3.607608351644240319e-01
1.000000000000000000e+00 1.000000000000000000e+00 4.534369656693905126e-01 5.465630343306094874e-01
0.000000000000000000e+00 0.000000000000000000e+00 5.948317701465712926e-01 4.051682298534287074e-01
1.000000000000000000e+00 1.000000000000000000e+00 3.778225469985617702e-01 6.221774530014382298e-01
1.000000000000000000e+00 0.000000000000000000e+00 5.259409289497857243e-01 4.740590710502142757e-01
0.000000000000000000e+00 0.000000000000000000e+00 5.664081061684336227e-01 4.335918938315663218e-01
1.000000000000000000e+00 0.000000000000000000e+00 5.129530831589073081e-01 4.870469168410927474e-01
1.000000000000000000e+00 1.000000000000000000e+00 4.657930630455018317e-01 5.342069369544981683e-01
1.000000000000000000e+00 0.000000000000000000e+00 6.806987820997860705e-01 3.193012179002139850e-01
1.000000000000000000e+00 0.000000000000000000e+00 5.921340382287838544e-01 4.078659617712161456e-01
0.000000000000000000e+00 1.000000000000000000e+00 4.126044257530121495e-01 5.873955742469878505e-01
1.000000000000000000e+00 1.000000000000000000e+00 3.871709367171229932e-01 6.128290632828770068e-01
0.000000000000000000e+00 0.000000000000000000e+00 7.095080535663738086e-01 2.904919464336261914e-01
0.000000000000000000e+00 1.000000000000000000e+00 3.661286125294008764e-01 6.338713874705991236e-01
1.000000000000000000e+00 1.000000000000000000e+00 1.927532009363477350e-01 8.072467990636522650e-01
0.000000000000000000e+00 1.000000000000000000e+00 4.760504022805301938e-01 5.239495977194698062e-01
1.000000000000000000e+00 0.000000000000000000e+00 5.022299981596857199e-01 4.977700018403142801e-01
1.000000000000000000e+00 0.000000000000000000e+00 7.128459647543933242e-01 2.871540352456066758e-01
0.000000000000000000e+00 1.000000000000000000e+00 4.690729185271712565e-01 5.309270814728287435e-01
0.000000000000000000e+00 1.000000000000000000e+00 3.898150067936135832e-01 6.101849932063864168e-01
0.000000000000000000e+00 0.000000000000000000e+00 5.543117323747770442e-01 4.456882676252230113e-01
1.000000000000000000e+00 0.000000000000000000e+00 5.164978386962741919e-01 4.835021613037258637e-01
0.000000000000000000e+00 1.000000000000000000e+00 2.049566651195111611e-01 7.950433348804888389e-01
1.000000000000000000e+00 1.000000000000000000e+00 3.754820398300539042e-01 6.245179601699460958e-01
1.000000000000000000e+00 1.000000000000000000e+00 4.793952515188892871e-01 5.206047484811107129e-01
1.000000000000000000e+00 1.000000000000000000e+00 4.060578393936301600e-01 5.939421606063698400e-01
1.000000000000000000e+00 1.000000000000000000e+00 4.305583559020678130e-01 5.694416440979321870e-01
0.000000000000000000e+00 0.000000000000000000e+00 6.426357559769411143e-01 3.573642440230588857e-01
0.000000000000000000e+00 1.000000000000000000e+00 2.902791566008386948e-01 7.097208433991613052e-01
0.000000000000000000e+00 1.000000000000000000e+00 4.951837782333888827e-01 5.048162217666111173e-01
1.000000000000000000e+00 1.000000000000000000e+00 1.843812792973126280e-01 8.156187207026873720e-01
1.000000000000000000e+00 0.000000000000000000e+00 6.474001760443750531e-01 3.525998239556250025e-01
1.000000000000000000e+00 0.000000000000000000e+00 5.546089625538351831e-01 4.453910374461648169e-01
1.000000000000000000e+00 0.000000000000000000e+00 5.968779079784716224e-01 4.031220920215283776e-01
1.000000000000000000e+00 1.000000000000000000e+00 4.123079128323681175e-01 5.876920871676318825e-01
1.000000000000000000e+00 1.000000000000000000e+00 4.963230690966659031e-01 5.036769309033340969e-01
1.000000000000000000e+00 1.000000000000000000e+00 4.644896545692612788e-01 5.355103454307387212e-01
1.000000000000000000e+00 1.000000000000000000e+00 4.954156796147878294e-01 5.045843203852121706e-01
1.000000000000000000e+00 0.000000000000000000e+00 6.525492579703897622e-01 3.474507420296101823e-01
0.000000000000000000e+00 1.000000000000000000e+00 4.606960562600874720e-01 5.393039437399125280e-01
1.000000000000000000e+00 1.000000000000000000e+00 4.243172938161920982e-01 5.756827061838079018e-01
1.000000000000000000e+00 0.000000000000000000e+00 5.532322368800713930e-01 4.467677631199286070e-01
1.000000000000000000e+00 0.000000000000000000e+00 5.900891380285757659e-01 4.099108619714242341e-01
1.000000000000000000e+00 1.000000000000000000e+00 4.612198845621551246e-01 5.387801154378448754e-01
1.000000000000000000e+00 1.000000000000000000e+00 2.953845613381217428e-01 7.046154386618782572e-01
1.000000000000000000e+00 0.000000000000000000e+00 5.224450172116830160e-01 4.775549827883169285e-01
0.000000000000000000e+00 1.000000000000000000e+00 4.305069901760227857e-01 5.694930098239772143e-01
1.000000000000000000e+00 0.000000000000000000e+00 5.224614930507203159e-01 4.775385069492796286e-01
1.000000000000000000e+00 0.000000000000000000e+00 5.162811329803486116e-01 4.837188670196513884e-01
1.000000000000000000e+00 0.000000000000000000e+00 6.720525895313159692e-01 3.279474104686840308e-01
1.000000000000000000e+00 1.000000000000000000e+00 2.771663650646490895e-01 7.228336349353509105e-01
0.000000000000000000e+00 0.000000000000000000e+00 6.199511131631318950e-01 3.800488868368680495e-01
0.000000000000000000e+00 1.000000000000000000e+00 3.591598232639269250e-01 6.408401767360730750e-01
0.000000000000000000e+00 0.000000000000000000e+00 6.499497810832803868e-01 3.500502189167196132e-01
1.000000000000000000e+00 0.000000000000000000e+00 6.024649896102831637e-01 3.975350103897168919e-01
0.000000000000000000e+00 0.000000000000000000e+00 7.102347784043594459e-01 2.897652215956406097e-01
0.000000000000000000e+00 1.000000000000000000e+00 2.433527045907962760e-01 7.566472954092037240e-01
1.000000000000000000e+00 1.000000000000000000e+00 4.149326593090776338e-01 5.850673406909223662e-01
1.000000000000000000e+00 0.000000000000000000e+00 6.109249033397875506e-01 3.890750966602124494e-01
1.000000000000000000e+00 1.000000000000000000e+00 1.960549704342806621e-01 8.039450295657193379e-01
1.000000000000000000e+00 1.000000000000000000e+00 2.853328356417372813e-01 7.146671643582627187e-01
1.000000000000000000e+00 1.000000000000000000e+00 3.994653909573111505e-01 6.005346090426888495e-01
1.000000000000000000e+00 0.000000000000000000e+00 5.958136875567418000e-01 4.041863124432582000e-01
1.000000000000000000e+00 1.000000000000000000e+00 3.384068908500134087e-01 6.615931091499865913e-01
0.000000000000000000e+00 0.000000000000000000e+00 6.171609538635409731e-01 3.828390461364590269e-01
1.000000000000000000e+00 0.000000000000000000e+00 5.251553288206409764e-01 4.748446711793590791e-01
1.000000000000000000e+00 0.000000000000000000e+00 7.457532778992919109e-01 2.542467221007080336e-01
1.000000000000000000e+00 1.000000000000000000e+00 4.548179397035800875e-01 5.451820602964199125e-01
0.000000000000000000e+00 0.000000000000000000e+00 5.432194158779577453e-01 4.567805841220422547e-01
0.000000000000000000e+00 1.000000000000000000e+00 4.616580237932050856e-01 5.383419762067949144e-01
1.000000000000000000e+00 1.000000000000000000e+00 2.768667685971961667e-01 7.231332314028038333e-01
1.000000000000000000e+00 0.000000000000000000e+00 6.922882783311949950e-01 3.077117216688049495e-01
1.000000000000000000e+00 0.000000000000000000e+00 6.589546757517169562e-01 3.410453242482830438e-01
1.000000000000000000e+00 1.000000000000000000e+00 4.484117837166657905e-01 5.515882162833342095e-01
0.000000000000000000e+00 0.000000000000000000e+00 5.425700034437979102e-01 4.574299965562020343e-01
1.000000000000000000e+00 1.000000000000000000e+00 3.155158966182084468e-01 6.844841033817915532e-01
1.000000000000000000e+00 0.000000000000000000e+00 5.815358453404636530e-01 4.184641546595363470e-01
1.000000000000000000e+00 0.000000000000000000e+00 5.872373344337051826e-01 4.127626655662947619e-01
1.000000000000000000e+00 0.000000000000000000e+00 6.234558511326182551e-01 3.765441488673818005e-01
0.000000000000000000e+00 1.000000000000000000e+00 3.023067761263810160e-01 6.976932238736189840e-01
0.000000000000000000e+00 1.000000000000000000e+00 4.595318900661260475e-01 5.404681099338739525e-01
0.000000000000000000e+00 1.000000000000000000e+00 4.015428590391015851e-01 5.984571409608984149e-01
1.000000000000000000e+00 1.000000000000000000e+00 4.670835970032105600e-01 5.329164029967894400e-01
1.000000000000000000e+00 0.000000000000000000e+00 6.010096262323091354e-01 3.989903737676908646e-01
1.000000000000000000e+00 0.000000000000000000e+00 6.917179437074381099e-01 3.082820562925618346e-01
0.000000000000000000e+00 0.000000000000000000e+00 6.349825554505172942e-01 3.650174445494826503e-01
1.000000000000000000e+00 0.000000000000000000e+00 5.594311719160300900e-01 4.405688280839698545e-01
1.000000000000000000e+00 1.000000000000000000e+00 2.981564438070367640e-01 7.018435561929632360e-01
1.000000000000000000e+00 0.000000000000000000e+00 6.264727126779430222e-01 3.735272873220569223e-01
0.000000000000000000e+00 1.000000000000000000e+00 4.515287485972725445e-01 5.484712514027274555e-01
1.000000000000000000e+00 0.000000000000000000e+00 5.640520818935640390e-01 4.359479181064359610e-01
1.000000000000000000e+00 1.000000000000000000e+00 3.487845989676451319e-01 6.512154010323548681e-01
0.000000000000000000e+00 0.000000000000000000e+00 6.260332048579304587e-01 3.739667951420694858e-01
0.000000000000000000e+00 0.000000000000000000e+00 6.079286150265015287e-01 3.920713849734984713e-01
1.000000000000000000e+00 0.000000000000000000e+00 5.480559192174110361e-01 4.519440807825890194e-01
0.000000000000000000e+00 1.000000000000000000e+00 3.272071417796454940e-01 6.727928582203545060e-01
1.000000000000000000e+00 0.000000000000000000e+00 5.760463187222613080e-01 4.239536812777387476e-01
0.000000000000000000e+00 1.000000000000000000e+00 3.820307898867530971e-01 6.179692101132469029e-01
0.000000000000000000e+00 1.000000000000000000e+00 4.011125241283953757e-01 5.988874758716046243e-01
1.000000000000000000e+00 0.000000000000000000e+00 5.808081730939175236e-01 4.191918269060824764e-01
0.000000000000000000e+00 1.000000000000000000e+00 4.849391440063320902e-01 5.150608559936679098e-01
1.000000000000000000e+00 1.000000000000000000e+00 4.124750140605849547e-01 5.875249859394150453e-01
1.000000000000000000e+00 0.000000000000000000e+00 6.196516937146019366e-01 3.803483062853980079e-01
0.000000000000000000e+00 1.000000000000000000e+00 3.586775294436259642e-01 6.413224705563740358e-01
1.000000000000000000e+00 1.000000000000000000e+00 3.322447394173664303e-01 6.677552605826335697e-01
1.000000000000000000e+00 1.000000000000000000e+00 3.739531170559496909e-01 6.260468829440503091e-01
0.000000000000000000e+00 0.000000000000000000e+00 6.125783038778562783e-01 3.874216961221437217e-01
0.000000000000000000e+00 1.000000000000000000e+00 3.351273255692098774e-01 6.648726744307901226e-01
1.000000000000000000e+00 0.000000000000000000e+00 5.526878513724062802e-01 4.473121486275937198e-01
1.000000000000000000e+00 1.000000000000000000e+00 4.857961215553175949e-01 5.142038784446824051e-01
0.000000000000000000e+00 0.000000000000000000e+00 5.309854217028893153e-01 4.690145782971106292e-01
1.000000000000000000e+00 0.000000000000000000e+00 5.266989482964277158e-01 4.733010517035722287e-01
1.000000000000000000e+00 1.000000000000000000e+00 3.774089617864380131e-01 6.225910382135619869e-01
0.000000000000000000e+00 1.000000000000000000e+00 3.975281149772440514e-01 6.024718850227559486e-01
1.000000000000000000e+00 1.000000000000000000e+00 4.703838631478985954e-01 5.296161368521014046e-01
1.000000000000000000e+00 0.000000000000000000e+00 5.722482926101168932e-01 4.277517073898830513e-01
1.000000000000000000e+00 1.000000000000000000e+00 3.232936802941385190e-01 6.767063197058614810e-01
1.000000000000000000e+00 0.000000000000000000e+00 6.821563616498838023e-01 3.178436383501161422e-01
1.000000000000000000e+00 1.000000000000000000e+00 3.451855151660707666e-01 6.548144848339292334e-01
1.000000000000000000e+00 1.000000000000000000e+00 3.361728170034726793e-01 6.638271829965273207e-01
1.000000000000000000e+00 0.000000000000000000e+00 6.944343547346882861e-01 3.055656452653116584e-01
0.000000000000000000e+00 1.000000000000000000e+00 4.415094200451374906e-01 5.584905799548625094e-01
1.000000000000000000e+00 1.000000000000000000e+00 3.032532323034634603e-01 6.967467676965365397e-01
1.000000000000000000e+00 1.000000000000000000e+00 4.496614811844910076e-01 5.503385188155089924e-01
1.000000000000000000e+00 1.000000000000000000e+00 3.115863703787022931e-01 6.884136296212977069e-01
1.000000000000000000e+00 1.000000000000000000e+00 4.820390081802765625e-01 5.179609918197234375e-01
1.000000000000000000e+00 1.000000000000000000e+00 3.970165664911032843e-01 6.029834335088967157e-01
1.000000000000000000e+00 1.000000000000000000e+00 3.909244239589588776e-01 6.090755760410411224e-01
1.000000000000000000e+00 1.000000000000000000e+00 3.344319892889706658e-01 6.655680107110293342e-01
1.000000000000000000e+00 0.000000000000000000e+00 6.900732774662770019e-01 3.099267225337230536e-01
1.000000000000000000e+00 1.000000000000000000e+00 4.434353299726535580e-01 5.565646700273464420e-01
0.000000000000000000e+00 0.000000000000000000e+00 6.607440082867883646e-01 3.392559917132116909e-01
1.000000000000000000e+00 1.000000000000000000e+00 4.826245565678932703e-01 5.173754434321067297e-01
0.000000000000000000e+00 1.000000000000000000e+00 4.930560776276766699e-01 5.069439223723233301e-01
0.000000000000000000e+00 1.000000000000000000e+00 3.510757387450634814e-01 6.489242612549365186e-01
1.000000000000000000e+00 0.000000000000000000e+00 5.850901233858826211e-01 4.149098766141173789e-01
1.000000000000000000e+00 0.000000000000000000e+00 7.019442922283795072e-01 2.980557077716204928e-01
1.000000000000000000e+00 1.000000000000000000e+00 4.131108948898930544e-01 5.868891051101069456e-01
1.000000000000000000e+00 1.000000000000000000e+00 4.953076472162083466e-01 5.046923527837916534e-01
1.000000000000000000e+00 0.000000000000000000e+00 7.112788504714963045e-01 2.887211495285036955e-01
0.000000000000000000e+00 0.000000000000000000e+00 6.759172360001102220e-01 3.240827639998898335e-01
0.000000000000000000e+00 1.000000000000000000e+00 4.010297937974022231e-01 5.989702062025977769e-01
1.000000000000000000e+00 0.000000000000000000e+00 7.302052057599370816e-01 2.697947942400629739e-01
1.000000000000000000e+00 0.000000000000000000e+00 5.139513805326658691e-01 4.860486194673340754e-01
1.000000000000000000e+00 1.000000000000000000e+00 2.664761502995851572e-01 7.335238497004148428e-01
