1.000000000000000000e+00 0.000000000000000000e+00 5.755632648485282665e-01 4.244367351514716780e-01
1.000000000000000000e+00 1.000000000000000000e+00 4.248357111071581205e-01 5.751642888928418795e-01
0.000000000000000000e+00 0.000000000000000000e+00 5.090721769821522358e-01 4.909278230178478197e-01
1.000000000000000000e+00 1.000000000000000000e+00 4.179352910087495987e-01 5.820647089912504013e-01
1.000000000000000000e+00 1.000000000000000000e+00 4.504081122285493732e-01 5.495918877714506268e-01
0.000000000000000000e+00 0.000000000000000000e+00 6.138380405694328079e-01 3.861619594305671921e-01
1.000000000000000000e+00 1.000000000000000000e+00 3.786861855092672480e-01 6.213138144907327520e-01
1.000000000000000000e+00 1.000000000000000000e+00 4.068491536948249943e-01 5.931508463051750057e-01
1.000000000000000000e+00 1.000000000000000000e+00 2.911831215971444342e-01 7.088168784028555658e-01
0.000000000000000000e+00 0.000000000000000000e+00 5.763618720857093258e-01 4.236381279142906742e-01
1.000000000000000000e+00 1.000000000000000000e+00 4.727416538155163606e-01 5.272583461844836394e-01
0.000000000000000000e+00 1.000000000000000000e+00 4.823720531026762792e-01 5.176279468973237208e-01
1.000000000000000000e+00 1.000000000000000000e+00 4.536418452128077039e-01 5.463581547871922961e-01
0.000000000000000000e+00 1.000000000000000000e+00 3.777157887025267557e-01 6.222842112974732443e-01
1.000000000000000000e+00 0.000000000000000000e+00 5.118576904378223658e-01 4.881423095621776342e-01
1.000000000000000000e+00 1.000000000000000000e+00 4.719382285618781703e-01 5.280617714381218297e-01
1.000000000000000000e+00 0.000000000000000000e+00 5.078084786080565571e-01 4.921915213919433874e-01
1.000000000000000000e+00 1.000000000000000000e+00 3.514179546626631234e-01 6.485820453373368766e-01
1.000000000000000000e+00 0.000000000000000000e+00 5.717820388548900956e-01 4.282179611451099044e-01
1.000000000000000000e+00 1.000000000000000000e+00 1.993035337170258048e-01 8.006964662829741952e-01
1.000000000000000000e+00 1.000000000000000000e+00 4.841866813160152772e-01 5.158133186839847228e-01
1.000000000000000000e+00 1.000000000000000000e+00 3.890181913277726000e-01 6.109818086722274000e-01
0.000000000000000000e+00 0.000000000000000000e+00 5.497562014793112573e-01 4.502437985206887427e-01
0.000000000000000000e+00 0.000000000000000000e+00 6.224832013641161677e-01 3.775167986358838879e-01
1.000000000000000000e+00 0.000000000000000000e+00 5.092220297990747158e-01 4.907779702009252842e-01
1.000000000000000000e+00 1.000000000000000000e+00 4.489839482509445645e-01 5.510160517490554355e-01
0.000000000000000000e+00 1.000000000000000000e+00 4.347693283402016551e-01 5.652306716597983449e-01
1.000000000000000000e+00 1.000000000000000000e+00 4.486605843838851193e-01 5.513394156161148807e-01
1.000000000000000000e+00 1.000000000000000000e+00 3.463224451395511272e-01 6.536775548604488728e-01
0.000000000000000000e+00 1.000000000000000000e+00 4.266108601339303474e-01 5.733891398660696526e-01
1.000000000000000000e+00 0.000000000000000000e+00 6.343329084498597892e-01 3.656670915501402108e-01
1.000000000000000000e+00 0.000000000000000000e+00 5.476013997205961825e-01 4.523986002794038730e-01
0.000000000000000000e+00 1.000000000000000000e+00 2.098921848613217733e-01 7.901078151386782267e-01
1.000000000000000000e+00 1.000000000000000000e+00 4.259341626435215744e-01 5.740658373564784256e-01
0.000000000000000000e+00 0.000000000000000000e+00 6.425263208622187250e-01 3.574736791377812750e-01
1.000000000000000000e+00 0.000000000000000000e+00 5.728851298087335175e-01 4.271148701912664825e-01
1.000000000000000000e+00 1.000000000000000000e+00 3.591311382992425916e-01 6.408688617007574084e-01
1.000000000000000000e+00 0.000000000000000000e+00 5.213427750952110973e-01 4.786572249047889027e-01
1.000000000000000000e+00 1.000000000000000000e+00 4.830440490099762174e-01 5.169559509900237826e-01
1.000000000000000000e+00 0.000000000000000000e+00 5.271571061762162502e-01 4.728428938237837498e-01
1.000000000000000000e+00 1.000000000000000000e+00 3.827417032634872207e-01 6.172582967365127793e-01
1.000000000000000000e+00 1.000000000000000000e+00 3.970868952060059298e-01 6.029131047939940702e-01
0.000000000000000000e+00 1.000000000000000000e+00 4.699719597146725381e-01 5.300280402853274619e-01
1.000000000000000000e+00 0.000000000000000000e+00 6.170746219071956418e-01 3.829253780928043582e-01
1.000000000000000000e+00 1.000000000000000000e+00 4.697636847813546623e-01 5.302363152186453377e-01
1.000000000000000000e+00 1.000000000000000000e+00 3.824174918888624264e-01 6.175825081111375736e-01
0.000000000000000000e+00 0.000000000000000000e+00 5.238726890978657735e-01 4.761273109021341710e-01
0.000000000000000000e+00 0.000000000000000000e+00 5.716673470041337968e-01 4.283326529958662032e-01
1.000000000000000000e+00 1.000000000000000000e+00 3.197080957809014246e-01 6.802919042190985754e-01
1.000000000000000000e+00 1.000000000000000000e+00 4.457000297167676983e-01 5.542999702832323017e-01
1.000000000000000000e+00 0.000000000000000000e+00 5.983191119360036225e-01 4.016808880639964330e-01
1.000000000000000000e+00 0.000000000000000000e+00 6.873189390042444558e-01 3.126810609957554887e-01
1.000000000000000000e+00 1.000000000000000000e+00 4.915174777577167031e-01 5.084825222422832969e-01
1.000000000000000000e+00 0.000000000000000000e+00 5.952728981067396674e-01 4.047271018932602771e-01
0.000000000000000000e+00 0.000000000000000000e+00 6.787011033244134683e-01 3.212988966755864761e-01
1.000000000000000000e+00 1.000000000000000000e+00 3.053817423965204947e-01 6.946182576034795053e-01
0.000000000000000000e+00 0.000000000000000000e+00 6.013898039426835984e-01 3.986101960573164016e-01
0.000000000000000000e+00 0.000000000000000000e+00 6.359736849019513860e-01 3.640263150980486140e-01
1.000000000000000000e+00 1.000000000000000000e+00 3.554141349132713401e-01 6.445858650867286599e-01
0.000000000000000000e+00 0.000000000000000000e+00 5.620166785959994638e-01 4.379833214040004807e-01
1.000000000000000000e+00 1.000000000000000000e+00 4.961780518680758423e-01 5.038219481319241577e-01
1.000000000000000000e+00 1.000000000000000000e+00 4.539518741628790766e-01 5.460481258371209234e-01
1.000000000000000000e+00 0.000000000000000000e+00 5.155907083190756079e-01 4.844092916809243365e-01
1.000000000000000000e+00 1.000000000000000000e+00 3.590661855608840991e-01 6.409338144391159009e-01
1.000000000000000000e+00 1.000000000000000000e+00 4.294360511583739104e-01 5.705639488416260896e-01
0.000000000000000000e+00 0.000000000000000000e+00 6.139260430780755229e-01 3.860739569219244216e-01
1.000000000000000000e+00 1.000000000000000000e+00 2.900503269804310946e-01 7.099496730195689054e-01
0.000000000000000000e+00 0.000000000000000000e+00 5.207216607545146481e-01 4.792783392454852964e-01
0.000000000000000000e+00 1.000000000000000000e+00 3.847183258697215447e-01 6.152816741302784553e-01
1.000000000000000000e+00 0.000000000000000000e+00 5.613304797528098078e-01 4.386695202471901922e-01
1.000000000000000000e+00 0.000000000000000000e+00 6.776483490510291086e-01 3.223516509489708914e-01
0.000000000000000000e+00 1.000000000000000000e+00 3.238913699121892531e-01 6.761086300878107469e-01
1.000000000000000000e+00 1.000000000000000000e+00 4.517703585898402707e-01 5.482296414101597293e-01
0.000000000000000000e+00 1.000000000000000000e+00 3.753722916650630292e-01 6.246277083349369708e-01
1.000000000000000000e+00 0.000000000000000000e+00 5.051727638577812041e-01 4.948272361422188514e-01
1.000000000000000000e+00 0.000000000000000000e+00 6.607525838631462811e-01 3.392474161368537744e-01
1.000000000000000000e+00 0.000000000000000000e+00 5.201399177850902777e-01 4.798600822149097223e-01
1.000000000000000000e+00 1.000000000000000000e+00 4.126427262762253356e-01 5.873572737237746644e-01
0.000000000000000000e+00 1.000000000000000000e+00 4.486768523796526020e-01 5.513231476203473980e-01
0.000000000000000000e+00 0.000000000000000000e+00 5.577855768334563091e-01 4.422144231665436909e-01
1.000000000000000000e+00 0.000000000000000000e+00 5.079252808050841450e-01 4.920747191949158550e-01
0.000000000000000000e+00 0.000000000000000000e+00 6.707054335539135437e-01 3.292945664460864008e-01
0.000000000000000000e+00 1.000000000000000000e+00 3.529711727348547878e-01 6.470288272651452122e-01
1.000000000000000000e+00 0.000000000000000000e+00 6.260068350236532853e-01 3.739931649763467147e-01
1.000000000000000000e+00 0.000000000000000000e+00 5.100788988010611646e-01 4.899211011989387798e-01
1.000000000000000000e+00 0.000000000000000000e+00 5.023641112083742089e-01 4.976358887916257911e-01
1.000000000000000000e+00 0.000000000000000000e+00 6.733910653434846960e-01 3.266089346565153040e-01
1.000000000000000000e+00 0.000000000000000000e+00 5.414995238957265311e-01 4.585004761042735244e-01
1.000000000000000000e+00 1.000000000000000000e+00 2.603137938512042338e-01 7.396862061487957662e-01
1.000000000000000000e+00 1.000000000000000000e+00 4.035371143876326228e-01 5.964628856123673772e-01
1.000000000000000000e+00 0.000000000000000000e+00 5.050810775836176436e-01 4.949189224163824119e-01
1.000000000000000000e+00 0.000000000000000000e+00 5.023799547120527675e-01 4.976200452879472325e-01
1.000000000000000000e+00 0.000000000000000000e+00 5.087577564658646301e-01 4.912422435341353699e-01
1.000000000000000000e+00 1.000000000000000000e+00 3.994662764326011306e-01 6.005337235673988694e-01
1.000000000000000000e+00 1.000000000000000000e+00 3.700215932694133070e-01 6.299784067305866930e-01
0.000000000000000000e+00 1.000000000000000000e+00 4.900689026999912601e-01 5.099310973000087399e-01
0.000000000000000000e+00 1.000000000000000000e+00 2.001496643647995288e-01 7.998503356352004712e-01
1.000000000000000000e+00 1.000000000000000000e+00 4.504318693422530995e-01 5.495681306577469005e-01
0.000000000000000000e+00 0.000000000000000000e+00 5.525925707151466693e-01 4.474074292848533307e-01
1.000000000000000000e+00 1.000000000000000000e+00 4.865396338909021567e-01 5.134603661090978433e-01
1.000000000000000000e+00 1.000000000000000000e+00 3.934118322459594363e-01 6.065881677540405637e-01
0.000000000000000000e+00 1.000000000000000000e+00 3.498496237951764787e-01 6.501503762048235213e-01
1.000000000000000000e+00 0.000000000000000000e+00 6.087376450881147871e-01 3.912623549118852684e-01
1.000000000000000000e+00 0.000000000000000000e+00 6.584020379812338675e-01 3.415979620187661325e-01
0.000000000000000000e+00 0.000000000000000000e+00 6.070639115200129332e-01 3.929360884799871223e-01
1.000000000000000000e+00 0.000000000000000000e+00 6.503000665517237877e-01 3.496999334482762123e-01
0.000000000000000000e+00 1.000000000000000000e+00 2.805193943485877472e-01 7.194806056514122528e-01
0.000000000000000000e+00 1.000000000000000000e+00 2.169287445270225989e-01 7.830712554729774011e-01
1.000000000000000000e+00 0.000000000000000000e+00 5.258883035324363187e-01 4.741116964675636813e-01
1.000000000000000000e+00 0.000000000000000000e+00 5.762376991534285953e-01 4.237623008465714047e-01
0.000000000000000000e+00 1.000000000000000000e+00 3.018511866530441123e-01 6.981488133469558877e-01
1.000000000000000000e+00 1.000000000000000000e+00 4.237454085965657313e-01 5.762545914034342687e-01
0.000000000000000000e+00 0.000000000000000000e+00 6.189067867114266264e-01 3.810932132885733736e-01
1.000000000000000000e+00 0.000000000000000000e+00 6.592886510719244697e-01 3.407113489280755858e-01
1.000000000000000000e+00 0.000000000000000000e+00 5.085624090924827367e-01 4.914375909075172078e-01
1.000000000000000000e+00 1.000000000000000000e+00 3.110874850269028657e-01 6.889125149730971343e-01
1.000000000000000000e+00 1.000000000000000000e+00 4.172408655813055756e-01 5.827591344186944244e-01
0.000000000000000000e+00 0.000000000000000000e+00 5.340383993223418724e-01 4.659616006776580721e-01
1.000000000000000000e+00 0.000000000000000000e+00 5.151098580484454459e-01 4.848901419515544986e-01
0.000000000000000000e+00 0.000000000000000000e+00 8.013386462644296326e-01 1.986613537355703674e-01
0.000000000000000000e+00 0.000000000000000000e+00 5.519463785466987016e-01 4.480536214533012429e-01
1.000000000000000000e+00 1.000000000000000000e+00 3.556300179880488299e-01 6.443699820119511701e-01
1.000000000000000000e+00 1.000000000000000000e+00 2.050891833107252316e-01 7.949108166892747684e-01
1.000000000000000000e+00 0.000000000000000000e+00 7.834803478777730978e-01 2.165196521222268744e-01
0.000000000000000000e+00 1.000000000000000000e+00 2.888718171003498147e-01 7.111281828996501853e-01
1.000000000000000000e+00 1.000000000000000000e+00 4.745076064360831403e-01 5.254923935639168597e-01
1.000000000000000000e+00 1.000000000000000000e+00 3.239453793188440400e-01 6.760546206811559600e-01
1.000000000000000000e+00 1.000000000000000000e+00 4.249861889469276344e-01 5.750138110530723656e-01
1.000000000000000000e+00 1.000000000000000000e+00 1.943931260488678259e-01 8.056068739511321741e-01
1.000000000000000000e+00 1.000000000000000000e+00 4.211484931551686683e-01 5.788515068448313317e-01
1.000000000000000000e+00 0.000000000000000000e+00 5.342564053747405062e-01 4.657435946252595493e-01
1.000000000000000000e+00 1.000000000000000000e+00 4.627500443238511396e-01 5.372499556761488604e-01
1.000000000000000000e+00 1.000000000000000000e+00 3.527159026836699240e-01 6.472840973163300760e-01
1.000000000000000000e+00 0.000000000000000000e+00 5.086376152085252400e-01 4.913623847914747600e-01
1.000000000000000000e+00 0.000000000000000000e+00 6.546964807903385974e-01 3.453035192096614581e-01
1.000000000000000000e+00 0.000000000000000000e+00 5.409945786840082427e-01 4.590054213159918128e-01
0.000000000000000000e+00 1.000000000000000000e+00 4.315633846428911236e-01 5.684366153571088764e-01
0.000000000000000000e+00 0.000000000000000000e+00 6.519765073843165615e-01 3.480234926156834385e-01
1.000000000000000000e+00 1.000000000000000000e+00 4.022762525425752633e-01 5.977237474574247367e-01
1.000000000000000000e+00 0.000000000000000000e+00 5.303712047482463943e-01 4.696287952517536057e-01
1.000000000000000000e+00 0.000000000000000000e+00 6.452317229885577987e-01 3.547682770114421458e-01
1.000000000000000000e+00 0.000000000000000000e+00 6.382151772681112778e-01 3.617848227318886667e-01
1.000000000000000000e+00 0.000000000000000000e+00 6.021347274497431679e-01 3.978652725502568321e-01
0.000000000000000000e+00 1.000000000000000000e+00 4.800930491771990827e-01 5.199069508228009173e-01
1.000000000000000000e+00 0.000000000000000000e+00 5.926546000143991799e-01 4.073453999856008201e-01
0.000000000000000000e+00 0.000000000000000000e+00 5.273243045430118237e-01 4.726756954569882319e-01
0.000000000000000000e+00 1.000000000000000000e+00 3.977637387501420374e-01 6.022362612498579626e-01
1.000000000000000000e+00 1.000000000000000000e+00 3.904068544344322378e-01 6.095931455655677622e-01
1.000000000000000000e+00 1.000000000000000000e+00 4.599062736400318929e-01 5.400937263599681071e-01
1.000000000000000000e+00 1.000000000000000000e+00 4.488511789365898785e-01 5.511488210634101215e-01
1.000000000000000000e+00 0.000000000000000000e+00 5.944447635947704978e-01 4.055552364052295578e-01
1.000000000000000000e+00 0.000000000000000000e+00 7.236920513258544574e-01 2.763079486741454871e-01
0.000000000000000000e+00 0.000000000000000000e+00 5.912853832452238390e-01 4.087146167547761055e-01
0.000000000000000000e+00 0.000000000000000000e+00 5.652914386882299524e-01 4.347085613117700476e-01
1.000000000000000000e+00 0.000000000000000000e+00 5.800410910599874681e-01 4.199589089400125319e-01
1.000000000000000000e+00 0.000000000000000000e+00 5.934263574592530954e-01 4.065736425407469601e-01
0.000000000000000000e+00 0.000000000000000000e+00 5.641235139881501937e-01 4.358764860118498619e-01
0.000000000000000000e+00 1.000000000000000000e+00 3.944588183189702280e-01 6.055411816810297720e-01
0.000000000000000000e+00 1.000000000000000000e+00 4.422937977322985992e-01 5.577062022677014008e-01
0.000000000000000000e+00 0.000000000000000000e+00 6.354256100905812943e-01 3.645743899094186502e-01
0.000000000000000000e+00 0.000000000000000000e+00 6.744984848170385572e-01 3.255015151829613873e-01
1.000000000000000000e+00 0.000000000000000000e+00 6.917410962189803891e-01 3.082589037810196109e-01
1.000000000000000000e+00 0.000000000000000000e+00 6.433400180474075913e-01 3.566599819525923531e-01
0.000000000000000000e+00 0.000000000000000000e+00 5.910908383426823898e-01 4.089091616573176102e-01
0.000000000000000000e+00 0.000000000000000000e+00 6.655800053605368527e-01 3.344199946394631473e-01
1.000000000000000000e+00 1.000000000000000000e+00 2.936279920902519214e-01 7.063720079097480786e-01
1.000000000000000000e+00 0.000000000000000000e+00 6.000863476256178553e-01 3.999136523743821447e-01
1.000000000000000000e+00 1.000000000000000000e+00 1.760433665727216823e-01 8.239566334272783177e-01
1.000000000000000000e+00 0.000000000000000000e+00 7.070013876110351481e-01 2.929986123889648519e-01
0.000000000000000000e+00 0.000000000000000000e+00 5.893567745669614499e-01 4.106432254330386056e-01
1.000000000000000000e+00 1.000000000000000000e+00 4.976432554468456226e-01 5.023567445531543774e-01
1.000000000000000000e+00 1.000000000000000000e+00 4.119280721490317099e-01 5.880719278509682901e-01
1.000000000000000000e+00 0.000000000000000000e+00 5.780155792076744348e-01 4.219844207923255097e-01
1.000000000000000000e+00 0.000000000000000000e+00 5.612761649722828317e-01 4.387238350277172239e-01
0.000000000000000000e+00 1.000000000000000000e+00 4.920562184796010152e-01 5.079437815203989848e-01
1.000000000000000000e+00 1.000000000000000000e+00 4.631489253629701430e-01 5.368510746370298570e-01
0.000000000000000000e+00 1.000000000000000000e+00 4.555506991600184463e-01 5.444493008399815537e-01
0.000000000000000000e+00 1.000000000000000000e+00 3.715539494728050673e-01 6.284460505271949327e-01
0.000000000000000000e+00 1.000000000000000000e+00 4.712923413171864473e-01 5.287076586828135527e-01
1.000000000000000000e+00 0.000000000000000000e+00 5.202984352158437353e-01 4.797015647841563202e-01
1.000000000000000000e+00 0.000000000000000000e+00 5.487455792833876300e-01 4.512544207166123700e-01
0.000000000000000000e+00 1.000000000000000000e+00 3.904347003030691488e-01 6.095652996969308512e-01
0.000000000000000000e+00 0.000000000000000000e+00 5.212890508572761705e-01 4.787109491427238295e-01
1.000000000000000000e+00 1.000000000000000000e+00 2.722330268050296986e-01 7.277669731949703014e-01
1.000000000000000000e+00 1.000000000000000000e+00 3.983714484086966490e-01 6.016285515913033510e-01
1.000000000000000000e+00 1.000000000000000000e+00 2.395905032408378599e-01 7.604094967591621401e-01
1.000000000000000000e+00 0.000000000000000000e+00 6.640540191765889055e-01 3.359459808234110945e-01
1.000000000000000000e+00 0.000000000000000000e+00 7.384215510669542848e-01 2.615784489330457152e-01
1.000000000000000000e+00 0.000000000000000000e+00 5.465952921921664043e-01 4.534047078078335957e-01
1.000000000000000000e+00 1.000000000000000000e+00 4.639229002733076257e-01 5.360770997266923743e-01
0.000000000000000000e+00 1.000000000000000000e+00 4.559183050067968646e-01 5.440816949932031354e-01
1.000000000000000000e+00 0.000000000000000000e+00 6.128380544010196829e-01 3.871619455989803171e-01
0.000000000000000000e+00 0.000000000000000000e+00 5.963763074625743066e-01 4.036236925374256379e-01
1.000000000000000000e+00 1.000000000000000000e+00 4.981133502468386709e-01 5.018866497531613291e-01
0.000000000000000000e+00 0.000000000000000000e+00 6.653987052617598152e-01 3.346012947382402403e-01
1.000000000000000000e+00 0.000000000000000000e+00 6.193547594834528658e-01 3.806452405165471342e-01
1.000000000000000000e+00 1.000000000000000000e+00 3.185699963213830532e-01 6.814300036786169468e-01
1.000000000000000000e+00 0.000000000000000000e+00 5.260760299483064895e-01 4.739239700516935661e-01
1.000000000000000000e+00 1.000000000000000000e+00 4.675096374395086851e-01 5.324903625604913149e-01
0.000000000000000000e+00 1.000000000000000000e+00 4.157906647921433274e-01 5.842093352078566726e-01
1.000000000000000000e+00 1.000000000000000000e+00 3.728690274641437430e-01 6.271309725358562570e-01
1.000000000000000000e+00 0.000000000000000000e+00 6.400356730610753386e-01 3.599643269389246614e-01
0.000000000000000000e+00 1.000000000000000000e+00 4.703677250368026863e-01 5.296322749631973137e-01
1.000000000000000000e+00 1.000000000000000000e+00 3.762863782493546250e-01 6.237136217506453750e-01
0.000000000000000000e+00 0.000000000000000000e+00 5.305982074201749388e-01 4.694017925798251167e-01
1.000000000000000000e+00 1.000000000000000000e+00 2.623607138930100779e-01 7.376392861069899221e-01
0.000000000000000000e+00 0.000000000000000000e+00 6.444360142176033257e-01 3.555639857823966188e-01
1.000000000000000000e+00 1.000000000000000000e+00 3.182363886117706153e-01 6.817636113882293847e-01
0.000000000000000000e+00 0.000000000000000000e+00 6.823490431694095859e-01 3.176509568305904141e-01
1.000000000000000000e+00 0.000000000000000000e+00 6.353838625292362874e-01 3.646161374707637681e-01
0.000000000000000000e+00 1.000000000000000000e+00 3.144164725178609787e-01 6.855835274821390213e-01
0.000000000000000000e+00 1.000000000000000000e+00 3.523238554410845769e-01 6.476761445589154231e-01
1.000000000000000000e+00 0.000000000000000000e+00 5.223025364687107208e-01 4.776974635312892792e-01
0.000000000000000000e+00 1.000000000000000000e+00 3.231936330322525697e-01 6.768063669677474303e-01
0.000000000000000000e+00 1.000000000000000000e+00 4.237753847653876749e-01 5.762246152346123251e-01
1.000000000000000000e+00 0.000000000000000000e+00 5.483877279963015328e-01 4.516122720036984672e-01
1.000000000000000000e+00 0.000000000000000000e+00 5.530583244617213179e-01 4.469416755382786266e-01
1.000000000000000000e+00 0.000000000000000000e+00 5.149813449920677133e-01 4.850186550079323422e-01
1.000000000000000000e+00 1.000000000000000000e+00 2.912517490412801502e-01 7.087482509587198498e-01
0.000000000000000000e+00 1.000000000000000000e+00 2.872428677628940941e-01 7.127571322371059059e-01
0.000000000000000000e+00 1.000000000000000000e+00 3.503704362530617455e-01 6.496295637469382545e-01
0.000000000000000000e+00 1.000000000000000000e+00 3.305635455209957607e-01 6.694364544790042393e-01
1.000000000000000000e+00 0.000000000000000000e+00 5.190008562446608575e-01 4.809991437553390869e-01
0.000000000000000000e+00 0.000000000000000000e+00 6.178854808300042745e-01 3.821145191699957255e-01
1.000000000000000000e+00 1.000000000000000000e+00 3.582431167496040736e-01 6.417568832503959264e-01
1.000000000000000000e+00 1.000000000000000000e+00 3.357785083566783291e-01 6.642214916433216709e-01
0.000000000000000000e+00 1.000000000000000000e+00 1.508702691282011177e-01 8.491297308717988823e-01
0.000000000000000000e+00 1.000000000000000000e+00 4.743023951257892001e-01 5.256976048742107999e-01
1.000000000000000000e+00 1.000000000000000000e+00 3.429401518414408878e-01 6.570598481585591122e-01
1.000000000000000000e+00 1.000000000000000000e+00 4.483850768288538680e-01 5.516149231711461320e-01
0.000000000000000000e+00 1.000000000000000000e+00 3.993706822424811786e-01 6.006293177575188214e-01
1.000000000000000000e+00 1.000000000000000000e+00 3.940711907575045192e-01 6.059288092424954808e-01
1.000000000000000000e+00 1.000000000000000000e+00 3.500209632627910850e-01 6.499790367372089150e-01
1.000000000000000000e+00 0.000000000000000000e+00 6.371375180572876884e-01 3.628624819427123116e-01
1.000000000000000000e+00 1.000000000000000000e+00 3.059562723317191812e-01 6.940437276682808188e-01
1.000000000000000000e+00 0.000000000000000000e+00 6.415472744275423356e-01 3.584527255724576089e-01
1.000000000000000000e+00 1.000000000000000000e+00 2.776812596219861984e-01 7.223187403780138016e-01
1.000000000000000000e+00 1.000000000000000000e+00 3.926762478200828133e-01 6.073237521799171867e-01
0.000000000000000000e+00 0.000000000000000000e+00 7.960383266518975542e-01 2.039616733481024735e-01
1.000000000000000000e+00 1.000000000000000000e+00 3.701882452849385441e-01 6.298117547150614559e-01
1.000000000000000000e+00 0.000000000000000000e+00 5.516573431814173478e-01 4.483426568185825967e-01
0.000000000000000000e+00 1.000000000000000000e+00 4.356222974091722433e-01 5.643777025908277567e-01
1.000000000000000000e+00 1.000000000000000000e+00 3.393855805795993330e-01 6.606144194204006670e-01
1.000000000000000000e+00 0.000000000000000000e+00 7.159733134010151101e-01 2.840266865989848899e-01
1.000000000000000000e+00 0.000000000000000000e+00 5.618014591682516379e-01 4.381985408317483066e-01
1.000000000000000000e+00 0.000000000000000000e+00 5.596109029314897398e-01 4.403890970685102046e-01
0.000000000000000000e+00 1.000000000000000000e+00 4.339469326020511941e-01 5.660530673979488059e-01
0.000000000000000000e+00 1.000000000000000000e+00 4.708614595175929507e-01 5.291385404824070493e-01
1.000000000000000000e+00 0.000000000000000000e+00 7.925533047040684842e-01 2.074466952959314880e-01
0.000000000000000000e+00 0.000000000000000000e+00 8.875977853483085767e-01 1.124022146516914650e-01
0.000000000000000000e+00 0.000000000000000000e+00 5.139449560861951705e-01 4.860550439138048295e-01
1.000000000000000000e+00 0.000000000000000000e+00 5.670517093350684323e-01 4.329482906649316232e-01
1.000000000000000000e+00 1.000000000000000000e+00 2.064357374073976237e-01 7.935642625926023763e-01
1.000000000000000000e+00 0.000000000000000000e+00 6.659612668969201454e-01 3.340387331030797990e-01
1.000000000000000000e+00 0.000000000000000000e+00 7.660725241808671315e-01 2.339274758191328962e-01
0.000000000000000000e+00 0.000000000000000000e+00 5.821076150489286061e-01 4.178923849510713384e-01
1.000000000000000000e+00 0.000000000000000000e+00 5.770954614739480792e-01 4.229045385260518652e-01
0.000000000000000000e+00 1.000000000000000000e+00 3.749870974242186517e-01 6.250129025757813483e-01
1.000000000000000000e+00 1.000000000000000000e+00 3.902257611082678990e-01 6.097742388917321010e-01
0.000000000000000000e+00 1.000000000000000000e+00 3.415230454745458166e-01 6.584769545254541834e-01
1.000000000000000000e+00 1.000000000000000000e+00 4.657344037162038930e-01 5.342655962837961070e-01
1.000000000000000000e+00 0.000000000000000000e+00 7.490645705890180972e-01 2.509354294109819028e-01
1.000000000000000000e+00 1.000000000000000000e+00 3.402610445158201768e-01 6.597389554841798232e-01
1.000000000000000000e+00 1.000000000000000000e+00 4.501286294764413887e-01 5.498713705235586113e-01
1.000000000000000000e+00 0.000000000000000000e+00 7.921836174163139344e-01 2.078163825836860101e-01
1.000000000000000000e+00 0.000000000000000000e+00 8.342073031988339604e-01 1.657926968011659841e-01
1.000000000000000000e+00 1.000000000000000000e+00 2.161212563800744002e-01 7.838787436199255998e-01
1.000000000000000000e+00 0.000000000000000000e+00 5.803384182582236317e-01 4.196615817417763683e-01
0.000000000000000000e+00 1.000000000000000000e+00 3.193783622550997459e-01 6.806216377449002541e-01
0.000000000000000000e+00 1.000000000000000000e+00 4.849246289178467118e-01 5.150753710821532882e-01
0.000000000000000000e+00 1.000000000000000000e+00 3.113523328333001050e-01 6.886476671666998950e-01
1.000000000000000000e+00 0.000000000000000000e+00 6.235516540414072217e-01 3.764483459585928338e-01
1.000000000000000000e+00 0.000000000000000000e+00 6.215679313665383177e-01 3.784320686334616268e-01
1.000000000000000000e+00 0.000000000000000000e+00 6.221845279038240584e-01 3.778154720961759971e-01
1.000000000000000000e+00 1.000000000000000000e+00 2.203770428644786783e-01 7.796229571355213217e-01
0.000000000000000000e+00 1.000000000000000000e+00 3.262668815391249755e-01 6.737331184608750245e-01
0.000000000000000000e+00 1.000000000000000000e+00 4.601525278831521959e-01 5.398474721168478041e-01
0.000000000000000000e+00 1.000000000000000000e+00 3.122779487155796785e-01 6.877220512844203215e-01
1.000000000000000000e+00 0.000000000000000000e+00 5.439705229866174108e-01 4.560294770133826447e-01
1.000000000000000000e+00 1.000000000000000000e+00 1.599798031283179434e-01 8.400201968716820566e-01
1.000000000000000000e+00 0.000000000000000000e+00 7.144702314196111903e-01 2.855297685803887542e-01
0.000000000000000000e+00 0.000000000000000000e+00 5.186787210203569476e-01 4.813212789796430524e-01
1.000000000000000000e+00 0.000000000000000000e+00 5.117269406021824896e-01 4.882730593978175104e-01
1.000000000000000000e+00 0.000000000000000000e+00 5.660167063319658798e-01 4.339832936680340647e-01
1.000000000000000000e+00 1.000000000000000000e+00 4.799391353614902433e-01 5.200608646385097567e-01
1.000000000000000000e+00 1.000000000000000000e+00 1.988089992919150895e-01 8.011910007080849105e-01
1.000000000000000000e+00 1.000000000000000000e+00 2.272754144032499424e-01 7.727245855967500576e-01
1.000000000000000000e+00 0.000000000000000000e+00 5.802013772755015841e-01 4.197986227244984159e-01
1.000000000000000000e+00 0.000000000000000000e+00 6.168045308803973281e-01 3.831954691196027274e-01
1.000000000000000000e+00 0.000000000000000000e+00 5.391082634074673141e-01 4.608917365925327414e-01
1.000000000000000000e+00 1.000000000000000000e+00 3.987464066415926656e-01 6.012535933584073344e-01
1.000000000000000000e+00 0.000000000000000000e+00 7.396446652614390160e-01 2.603553347385609285e-01
0.000000000000000000e+00 1.000000000000000000e+00 1.208839776088926898e-01 8.791160223911073102e-01
0.000000000000000000e+00 0.000000000000000000e+00 6.884223854723210412e-01 3.115776145276790143e-01
1.000000000000000000e+00 1.000000000000000000e+00 4.985635485993163973e-01 5.014364514006836027e-01
1.000000000000000000e+00 1.000000000000000000e+00 3.138524019921110630e-01 6.861475980078889370e-01
1.000000000000000000e+00 1.000000000000000000e+00 1.937662098951544731e-01 8.062337901048455269e-01
0.000000000000000000e+00 1.000000000000000000e+00 4.834179774007922870e-01 5.165820225992077130e-01
0.000000000000000000e+00 1.000000000000000000e+00 4.053251541697753257e-01 5.946748458302246743e-01
1.000000000000000000e+00 1.000000000000000000e+00 3.206137419607842931e-01 6.793862580392157069e-01
