1.000000000000000000e+00 1.000000000000000000e+00 4.756002391501295556e-01 5.243997608498704999e-01
1.000000000000000000e+00 1.000000000000000000e+00 4.107971992171610132e-01 5.892028007828390423e-01
1.000000000000000000e+00 1.000000000000000000e+00 2.931033947527992289e-01 7.068966052472008821e-01
1.000000000000000000e+00 0.000000000000000000e+00 5.642740594000600352e-01 4.357259405999399648e-01
1.000000000000000000e+00 0.000000000000000000e+00 5.398600414611804954e-01 4.601399585388193381e-01
1.000000000000000000e+00 1.000000000000000000e+00 4.083169468429606597e-01 5.916830531570392848e-01
0.000000000000000000e+00 0.000000000000000000e+00 7.113480057113436006e-01 2.886519942886563994e-01
0.000000000000000000e+00 1.000000000000000000e+00 1.526795449961308726e-01 8.473204550038690996e-01
1.000000000000000000e+00 0.000000000000000000e+00 6.818161772206944304e-01 3.181838227793055141e-01
1.000000000000000000e+00 1.000000000000000000e+00 2.885406194699451365e-01 7.114593805300549745e-01
0.000000000000000000e+00 0.000000000000000000e+00 5.527836411675128847e-01 4.472163588324871708e-01
1.000000000000000000e+00 0.000000000000000000e+00 7.530784805850734287e-01 2.469215194149266823e-01
1.000000000000000000e+00 1.000000000000000000e+00 4.233197612124629527e-01 5.766802387875369362e-01
1.000000000000000000e+00 0.000000000000000000e+00 7.029422821845540126e-01 2.970577178154461540e-01
1.000000000000000000e+00 1.000000000000000000e+00 2.570687141741829773e-01 7.429312858258170227e-01
1.000000000000000000e+00 0.000000000000000000e+00 6.201165216179366224e-01 3.798834783820634331e-01
1.000000000000000000e+00 1.000000000000000000e+00 4.658670609746813351e-01 5.341329390253185538e-01
0.000000000000000000e+00 1.000000000000000000e+00 2.595352732475189050e-01 7.404647267524810950e-01
1.000000000000000000e+00 0.000000000000000000e+00 5.000000000000000000e-01 5.000000000000000000e-01
1.000000000000000000e+00 0.000000000000000000e+00 6.380470993533388091e-01 3.619529006466610244e-01
1.000000000000000000e+00 0.000000000000000000e+00 5.907101894939990050e-01 4.092898105060011060e-01
1.000000000000000000e+00 1.000000000000000000e+00 2.382723684151354382e-01 7.617276315848647839e-01
1.000000000000000000e+00 0.000000000000000000e+00 7.199636052846558609e-01 2.800363947153441391e-01
1.000000000000000000e+00 0.000000000000000000e+00 5.297661413455674317e-01 4.702338586544326793e-01
1.000000000000000000e+00 1.000000000000000000e+00 3.230846021898262088e-01 6.769153978101736246e-01
1.000000000000000000e+00 1.000000000000000000e+00 3.757468792446987393e-01 6.242531207553012607e-01
1.000000000000000000e+00 0.000000000000000000e+00 5.673309216363124907e-01 4.326690783636875093e-01
1.000000000000000000e+00 0.000000000000000000e+00 7.171267553729809840e-01 2.828732446270191825e-01
0.000000000000000000e+00 0.000000000000000000e+00 5.471894078611280188e-01 4.528105921388720922e-01
1.000000000000000000e+00 1.000000000000000000e+00 3.255758571524762224e-01 6.744241428475238331e-01
1.000000000000000000e+00 1.000000000000000000e+00 4.466066972452299444e-01 5.533933027547700556e-01
1.000000000000000000e+00 0.000000000000000000e+00 5.868439837355078348e-01 4.131560162644922207e-01
0.000000000000000000e+00 1.000000000000000000e+00 3.138443349815281946e-01 6.861556650184718054e-01
1.000000000000000000e+00 1.000000000000000000e+00 4.671661994088726066e-01 5.328338005911275044e-01
1.000000000000000000e+00 0.000000000000000000e+00 6.237795104259148404e-01 3.762204895740850485e-01
1.000000000000000000e+00 1.000000000000000000e+00 2.522249863516098922e-01 7.477750136483899412e-01
1.000000000000000000e+00 1.000000000000000000e+00 3.810336625313651693e-01 6.189663374686348307e-01
0.000000000000000000e+00 0.000000000000000000e+00 5.177903996982303747e-01 4.822096003017696808e-01
1.000000000000000000e+00 1.000000000000000000e+00 3.683754425056359194e-01 6.316245574943640806e-01
1.000000000000000000e+00 0.000000000000000000e+00 6.361818054398934441e-01 3.638181945601066669e-01
0.000000000000000000e+00 1.000000000000000000e+00 3.102123299256089872e-01 6.897876700743909018e-01
1.000000000000000000e+00 1.000000000000000000e+00 4.286885218154510846e-01 5.713114781845489709e-01
1.000000000000000000e+00 1.000000000000000000e+00 3.270242141921473888e-01 6.729757858078524446e-01
1.000000000000000000e+00 1.000000000000000000e+00 2.232074874948417886e-01 7.767925125051583501e-01
1.000000000000000000e+00 1.000000000000000000e+00 3.062016317533133858e-01 6.937983682466866142e-01
1.000000000000000000e+00 1.000000000000000000e+00 4.844748894579613552e-01 5.155251105420388669e-01
0.000000000000000000e+00 0.000000000000000000e+00 5.823117995587058227e-01 4.176882004412941773e-01
0.000000000000000000e+00 1.000000000000000000e+00 3.239400785110885250e-01 6.760599214889115860e-01
1.000000000000000000e+00 1.000000000000000000e+00 4.567127145722285619e-01 5.432872854277713826e-01
0.000000000000000000e+00 1.000000000000000000e+00 4.522843182815829977e-01 5.477156817184171134e-01
1.000000000000000000e+00 1.000000000000000000e+00 4.857765668040206486e-01 5.142234331959792959e-01
0.000000000000000000e+00 1.000000000000000000e+00 4.298759094377952450e-01 5.701240905622048105e-01
1.000000000000000000e+00 0.000000000000000000e+00 5.688247997279195500e-01 4.311752002720805055e-01
1.000000000000000000e+00 0.000000000000000000e+00 5.756003572672042656e-01 4.243996427327957344e-01
0.000000000000000000e+00 1.000000000000000000e+00 2.457632729075667211e-01 7.542367270924332789e-01
1.000000000000000000e+00 0.000000000000000000e+00 5.389632733072452497e-01 4.610367266927546948e-01
0.000000000000000000e+00 0.000000000000000000e+00 5.066604068162433583e-01 4.933395931837567527e-01
1.000000000000000000e+00 0.000000000000000000e+00 5.865792078145771749e-01 4.134207921854228807e-01
1.000000000000000000e+00 1.000000000000000000e+00 3.607725069579626465e-01 6.392274930420374091e-01
1.000000000000000000e+00 1.000000000000000000e+00 3.313438434456643100e-01 6.686561565543359675e-01
1.000000000000000000e+00 1.000000000000000000e+00 3.840984107048591722e-01 6.159015892951408278e-01
1.000000000000000000e+00 0.000000000000000000e+00 5.610374317473301176e-01 4.389625682526698824e-01
1.000000000000000000e+00 1.000000000000000000e+00 4.721885182378644519e-01 5.278114817621355481e-01
1.000000000000000000e+00 0.000000000000000000e+00 5.115554115950641245e-01 4.884445884049358200e-01
0.000000000000000000e+00 0.000000000000000000e+00 5.852294650365092998e-01 4.147705349634906447e-01
1.000000000000000000e+00 1.000000000000000000e+00 2.269017772483070960e-01 7.730982227516927097e-01
1.000000000000000000e+00 1.000000000000000000e+00 3.606858805951996816e-01 6.393141194048003184e-01
1.000000000000000000e+00 0.000000000000000000e+00 5.248551118288323769e-01 4.751448881711676786e-01
0.000000000000000000e+00 1.000000000000000000e+00 4.174169818742808902e-01 5.825830181257192208e-01
1.000000000000000000e+00 1.000000000000000000e+00 2.702873658809747393e-01 7.297126341190252052e-01
1.000000000000000000e+00 0.000000000000000000e+00 5.249410934009518526e-01 4.750589065990479809e-01
0.000000000000000000e+00 0.000000000000000000e+00 5.686183992994713332e-01 4.313816007005284447e-01
1.000000000000000000e+00 1.000000000000000000e+00 1.774322060844291671e-01 8.225677939155708884e-01
1.000000000000000000e+00 1.000000000000000000e+00 3.942776324492344164e-01 6.057223675507656946e-01
0.000000000000000000e+00 0.000000000000000000e+00 6.401212876377092575e-01 3.598787123622908535e-01
0.000000000000000000e+00 0.000000000000000000e+00 5.639240738340847159e-01 4.360759261659153951e-01
1.000000000000000000e+00 0.000000000000000000e+00 6.482250952832069313e-01 3.517749047167930687e-01
1.000000000000000000e+00 0.000000000000000000e+00 5.487701680028942430e-01 4.512298319971058680e-01
0.000000000000000000e+00 1.000000000000000000e+00 4.238185959767571953e-01 5.761814040232426937e-01
1.000000000000000000e+00 0.000000000000000000e+00 6.695648305877718309e-01 3.304351694122280581e-01
0.000000000000000000e+00 0.000000000000000000e+00 5.256686649679765955e-01 4.743313350320232935e-01
1.000000000000000000e+00 0.000000000000000000e+00 5.830558312647772246e-01 4.169441687352227199e-01
1.000000000000000000e+00 1.000000000000000000e+00 3.909001417714070836e-01 6.090998582285930274e-01
0.000000000000000000e+00 1.000000000000000000e+00 2.615685742218059051e-01 7.384314257781940949e-01
1.000000000000000000e+00 1.000000000000000000e+00 3.669511468996652925e-01 6.330488531003347630e-01
0.000000000000000000e+00 1.000000000000000000e+00 3.371058596193038936e-01 6.628941403806962729e-01
1.000000000000000000e+00 1.000000000000000000e+00 3.574710213832754668e-01 6.425289786167245332e-01
1.000000000000000000e+00 1.000000000000000000e+00 1.735984065438829216e-01 8.264015934561171894e-01
0.000000000000000000e+00 1.000000000000000000e+00 3.227242437823898413e-01 6.772757562176103807e-01
0.000000000000000000e+00 0.000000000000000000e+00 6.365844348073870229e-01 3.634155651926129771e-01
1.000000000000000000e+00 0.000000000000000000e+00 6.657430267816182301e-01 3.342569732183817699e-01
0.000000000000000000e+00 0.000000000000000000e+00 6.228877906995190505e-01 3.771122093004809495e-01
0.000000000000000000e+00 1.000000000000000000e+00 2.708535652797302573e-01 7.291464347202696317e-01
0.000000000000000000e+00 0.000000000000000000e+00 7.175603751397765517e-01 2.824396248602233928e-01
0.000000000000000000e+00 1.000000000000000000e+00 3.241402851143442287e-01 6.758597148856559933e-01
1.000000000000000000e+00 0.000000000000000000e+00 5.414375157544799588e-01 4.585624842455198746e-01
0.000000000000000000e+00 0.000000000000000000e+00 6.262328679531397047e-01 3.737671320468602953e-01
1.000000000000000000e+00 0.000000000000000000e+00 6.303777605958532648e-01 3.696222394041466797e-01
0.000000000000000000e+00 1.000000000000000000e+00 4.511093143723517995e-01 5.488906856276483115e-01
1.000000000000000000e+00 0.000000000000000000e+00 6.346052847037759737e-01 3.653947152962239153e-01
1.000000000000000000e+00 0.000000000000000000e+00 6.483226562809828453e-01 3.516773437190171547e-01
0.000000000000000000e+00 0.000000000000000000e+00 6.000747293433389418e-01 3.999252706566610582e-01
1.000000000000000000e+00 1.000000000000000000e+00 2.891562100110893208e-01 7.108437899889108458e-01
1.000000000000000000e+00 1.000000000000000000e+00 3.093776599634162072e-01 6.906223400365839593e-01
1.000000000000000000e+00 0.000000000000000000e+00 5.369595744812882820e-01 4.630404255187117180e-01
0.000000000000000000e+00 0.000000000000000000e+00 5.260838039261831467e-01 4.739161960738169088e-01
1.000000000000000000e+00 1.000000000000000000e+00 3.055136522700431234e-01 6.944863477299567656e-01
1.000000000000000000e+00 1.000000000000000000e+00 4.468070237937790123e-01 5.531929762062209877e-01
1.000000000000000000e+00 0.000000000000000000e+00 6.995423976736728777e-01 3.004576023263275109e-01
1.000000000000000000e+00 1.000000000000000000e+00 3.186373034264736726e-01 6.813626965735263274e-01
0.000000000000000000e+00 0.000000000000000000e+00 6.006990234870294154e-01 3.993009765129705846e-01
1.000000000000000000e+00 0.000000000000000000e+00 5.736699572477229614e-01 4.263300427522769831e-01
1.000000000000000000e+00 1.000000000000000000e+00 4.311037307778733951e-01 5.688962692221266604e-01
1.000000000000000000e+00 0.000000000000000000e+00 7.190588980384350348e-01 2.809411019615652982e-01
1.000000000000000000e+00 1.000000000000000000e+00 4.722605871272350653e-01 5.277394128727649347e-01
1.000000000000000000e+00 0.000000000000000000e+00 5.130010776738680445e-01 4.869989223261320666e-01
1.000000000000000000e+00 1.000000000000000000e+00 3.692984710221284272e-01 6.307015289778716838e-01
1.000000000000000000e+00 1.000000000000000000e+00 4.886815607283444551e-01 5.113184392716554338e-01
0.000000000000000000e+00 1.000000000000000000e+00 5.000000000000000000e-01 5.000000000000000000e-01
1.000000000000000000e+00 0.000000000000000000e+00 6.334453184418629146e-01 3.665546815581369744e-01
1.000000000000000000e+00 0.000000000000000000e+00 6.081411697843649433e-01 3.918588302156351122e-01
0.000000000000000000e+00 1.000000000000000000e+00 3.802272514756842581e-01 6.197727485243158529e-01
1.000000000000000000e+00 1.000000000000000000e+00 4.219896926309233409e-01 5.780103073690766591e-01
1.000000000000000000e+00 0.000000000000000000e+00 6.204091090185476220e-01 3.795908909814523224e-01
1.000000000000000000e+00 0.000000000000000000e+00 5.480787834270667291e-01 4.519212165729332153e-01
1.000000000000000000e+00 1.000000000000000000e+00 3.999877106784084924e-01 6.000122893215915632e-01
0.000000000000000000e+00 1.000000000000000000e+00 4.023512246894421773e-01 5.976487753105579337e-01
1.000000000000000000e+00 1.000000000000000000e+00 4.020611656450129856e-01 5.979388343549869589e-01
1.000000000000000000e+00 1.000000000000000000e+00 4.012042632429348443e-01 5.987957367570651002e-01
1.000000000000000000e+00 0.000000000000000000e+00 5.000000000000000000e-01 5.000000000000000000e-01
1.000000000000000000e+00 1.000000000000000000e+00 4.273683450732179701e-01 5.726316549267821410e-01
1.000000000000000000e+00 1.000000000000000000e+00 3.673355025980888366e-01 6.326644974019111078e-01
1.000000000000000000e+00 0.000000000000000000e+00 5.069540860928872794e-01 4.930459139071129981e-01
0.000000000000000000e+00 1.000000000000000000e+00 4.098142565303218299e-01 5.901857434696782256e-01
0.000000000000000000e+00 1.000000000000000000e+00 4.915643343348859995e-01 5.084356656651138895e-01
1.000000000000000000e+00 0.000000000000000000e+00 6.160530917381742411e-01 3.839469082618257589e-01
1.000000000000000000e+00 0.000000000000000000e+00 5.191493135866842579e-01 4.808506864133156311e-01
1.000000000000000000e+00 1.000000000000000000e+00 4.149291967509504686e-01 5.850708032490494759e-01
0.000000000000000000e+00 1.000000000000000000e+00 4.152678058633932912e-01 5.847321941366067088e-01
0.000000000000000000e+00 1.000000000000000000e+00 4.414893012321935983e-01 5.585106987678064572e-01
0.000000000000000000e+00 1.000000000000000000e+00 4.053403375961661115e-01 5.946596624038338330e-01
0.000000000000000000e+00 1.000000000000000000e+00 4.246979557165071473e-01 5.753020442834928527e-01
1.000000000000000000e+00 0.000000000000000000e+00 6.854549650481408518e-01 3.145450349518591482e-01
1.000000000000000000e+00 1.000000000000000000e+00 4.428644818796972915e-01 5.571355181203027085e-01
0.000000000000000000e+00 1.000000000000000000e+00 3.980683063849386749e-01 6.019316936150612696e-01
1.000000000000000000e+00 1.000000000000000000e+00 3.505498680770412490e-01 6.494501319229589731e-01
1.000000000000000000e+00 1.000000000000000000e+00 4.639053296926081149e-01 5.360946703073916630e-01
0.000000000000000000e+00 0.000000000000000000e+00 5.000000000000000000e-01 5.000000000000000000e-01
1.000000000000000000e+00 0.000000000000000000e+00 6.593448958233610879e-01 3.406551041766389121e-01
0.000000000000000000e+00 0.000000000000000000e+00 5.387807781247604400e-01 4.612192218752397266e-01
1.000000000000000000e+00 0.000000000000000000e+00 5.521067767007736826e-01 4.478932232992263729e-01
1.000000000000000000e+00 1.000000000000000000e+00 4.267573524486198422e-01 5.732426475513799913e-01
1.000000000000000000e+00 1.000000000000000000e+00 4.822957320936794856e-01 5.177042679063205144e-01
1.000000000000000000e+00 0.000000000000000000e+00 5.590948892816196558e-01 4.409051107183803997e-01
0.000000000000000000e+00 1.000000000000000000e+00 3.710473927443951880e-01 6.289526072556047565e-01
1.000000000000000000e+00 0.000000000000000000e+00 5.573997052980924627e-01 4.426002947019074818e-01
1.000000000000000000e+00 0.000000000000000000e+00 5.132129389895530025e-01 4.867870610104468865e-01
1.000000000000000000e+00 0.000000000000000000e+00 5.479569765865016651e-01 4.520430234134985015e-01
0.000000000000000000e+00 1.000000000000000000e+00 3.221024165830552732e-01 6.778975834169446157e-01
1.000000000000000000e+00 1.000000000000000000e+00 2.789506916249139268e-01 7.210493083750859622e-01
1.000000000000000000e+00 1.000000000000000000e+00 4.788981001086751177e-01 5.211018998913248268e-01
0.000000000000000000e+00 1.000000000000000000e+00 4.694290754470548666e-01 5.305709245529451890e-01
1.000000000000000000e+00 1.000000000000000000e+00 4.909461628607328376e-01 5.090538371392672179e-01
1.000000000000000000e+00 0.000000000000000000e+00 6.790212800327564135e-01 3.209787199672431979e-01
1.000000000000000000e+00 0.000000000000000000e+00 5.482968594948930408e-01 4.517031405051068482e-01
0.000000000000000000e+00 0.000000000000000000e+00 6.047892465997023459e-01 3.952107534002976541e-01
0.000000000000000000e+00 1.000000000000000000e+00 4.466254116300121257e-01 5.533745883699879853e-01
0.000000000000000000e+00 0.000000000000000000e+00 5.096078550069375046e-01 4.903921449930624954e-01
0.000000000000000000e+00 0.000000000000000000e+00 6.056980324859518872e-01 3.943019675140481128e-01
1.000000000000000000e+00 0.000000000000000000e+00 6.489906186743045202e-01 3.510093813256955908e-01
1.000000000000000000e+00 1.000000000000000000e+00 4.890771392361906167e-01 5.109228607638093278e-01
1.000000000000000000e+00 1.000000000000000000e+00 4.658656088559454678e-01 5.341343911440545877e-01
1.000000000000000000e+00 0.000000000000000000e+00 5.281191189076240855e-01 4.718808810923758035e-01
0.000000000000000000e+00 1.000000000000000000e+00 4.293720709341001252e-01 5.706279290658997638e-01
1.000000000000000000e+00 1.000000000000000000e+00 4.564131157791047610e-01 5.435868842208952945e-01
1.000000000000000000e+00 0.000000000000000000e+00 5.890759484660057499e-01 4.109240515339940836e-01
1.000000000000000000e+00 1.000000000000000000e+00 4.302150858192943517e-01 5.697849141807056483e-01
0.000000000000000000e+00 0.000000000000000000e+00 5.760721112128297516e-01 4.239278887871702484e-01
0.000000000000000000e+00 1.000000000000000000e+00 4.881250458753328414e-01 5.118749541246672141e-01
1.000000000000000000e+00 1.000000000000000000e+00 4.453945464460329351e-01 5.546054535539671759e-01
1.000000000000000000e+00 1.000000000000000000e+00 4.886483386123031125e-01 5.113516613876969430e-01
1.000000000000000000e+00 0.000000000000000000e+00 5.925164874621884348e-01 4.074835125378115652e-01
1.000000000000000000e+00 0.000000000000000000e+00 6.561531151075420398e-01 3.438468848924579602e-01
0.000000000000000000e+00 1.000000000000000000e+00 4.532152516912551499e-01 5.467847483087446836e-01
1.000000000000000000e+00 0.000000000000000000e+00 6.052263482216466706e-01 3.947736517783534405e-01
0.000000000000000000e+00 0.000000000000000000e+00 5.171322203351335078e-01 4.828677796648664367e-01
1.000000000000000000e+00 0.000000000000000000e+00 5.648327992613877413e-01 4.351672007386121477e-01
1.000000000000000000e+00 1.000000000000000000e+00 4.330794211349053291e-01 5.669205788650947264e-01
0.000000000000000000e+00 1.000000000000000000e+00 3.253045260098179070e-01 6.746954739901822595e-01
0.000000000000000000e+00 0.000000000000000000e+00 5.382688362923011560e-01 4.617311637076988995e-01
1.000000000000000000e+00 0.000000000000000000e+00 5.776182425657978570e-01 4.223817574342020320e-01
1.000000000000000000e+00 0.000000000000000000e+00 5.182983071007035702e-01 4.817016928992964853e-01
1.000000000000000000e+00 1.000000000000000000e+00 3.293638830550831842e-01 6.706361169449167603e-01
1.000000000000000000e+00 1.000000000000000000e+00 4.384450489419936536e-01 5.615549510580064574e-01
0.000000000000000000e+00 1.000000000000000000e+00 4.633268629140415151e-01 5.366731370859585404e-01
1.000000000000000000e+00 1.000000000000000000e+00 3.581362948072357999e-01 6.418637051927641446e-01
0.000000000000000000e+00 0.000000000000000000e+00 6.062662634467419487e-01 3.937337365532579958e-01
1.000000000000000000e+00 1.000000000000000000e+00 3.880805097408516757e-01 6.119194902591481577e-01
1.000000000000000000e+00 1.000000000000000000e+00 4.695674571338901981e-01 5.304325428661097463e-01
1.000000000000000000e+00 0.000000000000000000e+00 5.486698539852048473e-01 4.513301460147952637e-01
0.000000000000000000e+00 1.000000000000000000e+00 3.821989659953760055e-01 6.178010340046239390e-01
1.000000000000000000e+00 1.000000000000000000e+00 4.295499377281161157e-01 5.704500622718839953e-01
1.000000000000000000e+00 0.000000000000000000e+00 5.838398917312166425e-01 4.161601082687832465e-01
0.000000000000000000e+00 1.000000000000000000e+00 4.130440480228091404e-01 5.869559519771907485e-01
1.000000000000000000e+00 1.000000000000000000e+00 4.207275809521648369e-01 5.792724190478352186e-01
0.000000000000000000e+00 1.000000000000000000e+00 4.925753263181320007e-01 5.074246736818680548e-01
1.000000000000000000e+00 0.000000000000000000e+00 5.566458110445180463e-01 4.433541889554818982e-01
1.000000000000000000e+00 1.000000000000000000e+00 3.087365267943406044e-01 6.912634732056593956e-01
1.000000000000000000e+00 1.000000000000000000e+00 4.496530433296410667e-01 5.503469566703589333e-01
0.000000000000000000e+00 0.000000000000000000e+00 5.267921172678819985e-01 4.732078827321177794e-01
0.000000000000000000e+00 1.000000000000000000e+00 4.222842483789142620e-01 5.777157516210857935e-01
1.000000000000000000e+00 1.000000000000000000e+00 4.036700161413791510e-01 5.963299838586209045e-01
1.000000000000000000e+00 1.000000000000000000e+00 4.254540093959220393e-01 5.745459906040778497e-01
1.000000000000000000e+00 0.000000000000000000e+00 5.665863579064170930e-01 4.334136420935826850e-01
1.000000000000000000e+00 0.000000000000000000e+00 5.259700498345046826e-01 4.740299501654952619e-01
0.000000000000000000e+00 0.000000000000000000e+00 5.742803692664015802e-01 4.257196307335984753e-01
1.000000000000000000e+00 1.000000000000000000e+00 4.144199776781233302e-01 5.855800223218767808e-01
1.000000000000000000e+00 1.000000000000000000e+00 4.335294401853110324e-01 5.664705598146888565e-01
1.000000000000000000e+00 0.000000000000000000e+00 5.000000000000000000e-01 5.000000000000000000e-01
1.000000000000000000e+00 1.000000000000000000e+00 4.023080543806555887e-01 5.976919456193443558e-01
1.000000000000000000e+00 1.000000000000000000e+00 4.315046975832794729e-01 5.684953024167205271e-01
1.000000000000000000e+00 1.000000000000000000e+00 4.162179732531537946e-01 5.837820267468463165e-01
1.000000000000000000e+00 0.000000000000000000e+00 5.591842339143809903e-01 4.408157660856188986e-01
0.000000000000000000e+00 1.000000000000000000e+00 3.550976182241756818e-01 6.449023817758243737e-01
1.000000000000000000e+00 0.000000000000000000e+00 7.341556986282322672e-01 2.658443013717675107e-01
0.000000000000000000e+00 1.000000000000000000e+00 4.758092824084597106e-01 5.241907175915401229e-01
0.000000000000000000e+00 0.000000000000000000e+00 5.790872689378322447e-01 4.209127310621676998e-01
0.000000000000000000e+00 1.000000000000000000e+00 4.741905822807119808e-01 5.258094177192882412e-01
0.000000000000000000e+00 1.000000000000000000e+00 3.524010616313128508e-01 6.475989383686873158e-01
0.000000000000000000e+00 1.000000000000000000e+00 3.784775843515471583e-01 6.215224156484528972e-01
1.000000000000000000e+00 0.000000000000000000e+00 5.055813118911410831e-01 4.944186881088590280e-01
1.000000000000000000e+00 1.000000000000000000e+00 4.619342037686489655e-01 5.380657962313510900e-01
1.000000000000000000e+00 1.000000000000000000e+00 4.257889142377428437e-01 5.742110857622572118e-01
0.000000000000000000e+00 1.000000000000000000e+00 4.834111846276130109e-01 5.165888153723868781e-01
0.000000000000000000e+00 0.000000000000000000e+00 6.085104662343936432e-01 3.914895337656064123e-01
0.000000000000000000e+00 0.000000000000000000e+00 5.995759325241846183e-01 4.004240674758154928e-01
1.000000000000000000e+00 1.000000000000000000e+00 3.322333470370113506e-01 6.677666529629887604e-01
0.000000000000000000e+00 0.000000000000000000e+00 5.443806497562720947e-01 4.556193502437280718e-01
0.000000000000000000e+00 0.000000000000000000e+00 5.458914564564938399e-01 4.541085435435062712e-01
1.000000000000000000e+00 0.000000000000000000e+00 5.084190234379704076e-01 4.915809765620297034e-01
1.000000000000000000e+00 0.000000000000000000e+00 6.114944501144652378e-01 3.885055498855348732e-01
1.000000000000000000e+00 0.000000000000000000e+00 5.670653095059977611e-01 4.329346904940023499e-01
1.000000000000000000e+00 0.000000000000000000e+00 5.292084495519177034e-01 4.707915504480822411e-01
1.000000000000000000e+00 1.000000000000000000e+00 4.272039422782024087e-01 5.727960577217976468e-01
1.000000000000000000e+00 1.000000000000000000e+00 4.912415221660806353e-01 5.087584778339193647e-01
1.000000000000000000e+00 0.000000000000000000e+00 5.062837117176762769e-01 4.937162882823236121e-01
1.000000000000000000e+00 1.000000000000000000e+00 4.824013706542322200e-01 5.175986293457677245e-01
0.000000000000000000e+00 0.000000000000000000e+00 5.931583652607761437e-01 4.068416347392238008e-01
1.000000000000000000e+00 1.000000000000000000e+00 4.515464228861047480e-01 5.484535771138953075e-01
1.000000000000000000e+00 0.000000000000000000e+00 6.255031660870439270e-01 3.744968339129560175e-01
1.000000000000000000e+00 1.000000000000000000e+00 4.800897494438006730e-01 5.199102505561994381e-01
1.000000000000000000e+00 0.000000000000000000e+00 5.691255823342215026e-01 4.308744176657785530e-01
0.000000000000000000e+00 0.000000000000000000e+00 6.320911666198673062e-01 3.679088333801325827e-01
1.000000000000000000e+00 0.000000000000000000e+00 5.609593866565645293e-01 4.390406133434356373e-01
1.000000000000000000e+00 1.000000000000000000e+00 4.704612337681361445e-01 5.295387662318640221e-01
0.000000000000000000e+00 1.000000000000000000e+00 4.937683336653492794e-01 5.062316663346506651e-01
1.000000000000000000e+00 0.000000000000000000e+00 6.026012269332347016e-01 3.973987730667652429e-01
1.000000000000000000e+00 0.000000000000000000e+00 5.988827745506463129e-01 4.011172254493536871e-01
1.000000000000000000e+00 1.000000000000000000e+00 3.877160730730154214e-01 6.122839269269846341e-01
0.000000000000000000e+00 0.000000000000000000e+00 6.426746196554611323e-01 3.573253803445387566e-01
0.000000000000000000e+00 1.000000000000000000e+00 3.071116300495596030e-01 6.928883699504403415e-01
0.000000000000000000e+00 0.000000000000000000e+00 5.826720021034028640e-01 4.173279978965971360e-01
1.000000000000000000e+00 0.000000000000000000e+00 5.276470973746894000e-01 4.723529026253108221e-01
1.000000000000000000e+00 1.000000000000000000e+00 3.846406545530497989e-01 6.153593454469501456e-01
0.000000000000000000e+00 0.000000000000000000e+00 5.766409380921710959e-01 4.233590619078288486e-01
1.000000000000000000e+00 0.000000000000000000e+00 5.761037368475563358e-01 4.238962631524434421e-01
1.000000000000000000e+00 1.000000000000000000e+00 4.093834765396435205e-01 5.906165234603565350e-01
1.000000000000000000e+00 1.000000000000000000e+00 4.812480199411418025e-01 5.187519800588582530e-01
0.000000000000000000e+00 0.000000000000000000e+00 5.128404174617895439e-01 4.871595825382102340e-01
0.000000000000000000e+00 1.000000000000000000e+00 4.113121744765073085e-01 5.886878255234925250e-01
1.000000000000000000e+00 0.000000000000000000e+00 5.740361651861579650e-01 4.259638348138420350e-01
1.000000000000000000e+00 1.000000000000000000e+00 3.485202908214538597e-01 6.514797091785459182e-01
1.000000000000000000e+00 0.000000000000000000e+00 5.063385429921258840e-01 4.936614570078741160e-01
1.000000000000000000e+00 0.000000000000000000e+00 5.195344344034071860e-01 4.804655655965930916e-01
1.000000000000000000e+00 1.000000000000000000e+00 4.806409220659397241e-01 5.193590779340602204e-01
1.000000000000000000e+00 0.000000000000000000e+00 5.058581505356116725e-01 4.941418494643882164e-01
0.000000000000000000e+00 0.000000000000000000e+00 5.733577837424059798e-01 4.266422162575940757e-01
1.000000000000000000e+00 0.000000000000000000e+00 6.224742895437780366e-01 3.775257104562219634e-01
1.000000000000000000e+00 0.000000000000000000e+00 6.055436471999661174e-01 3.944563528000339936e-01
0.000000000000000000e+00 1.000000000000000000e+00 4.608631732589800190e-01 5.391368267410200366e-01
0.000000000000000000e+00 0.000000000000000000e+00 5.938740072611222720e-01 4.061259927388777280e-01
0.000000000000000000e+00 1.000000000000000000e+00 4.738287641962950492e-01 5.261712358037049508e-01
0.000000000000000000e+00 0.000000000000000000e+00 5.000000000000000000e-01 5.000000000000000000e-01
1.000000000000000000e+00 0.000000000000000000e+00 6.112757598543688831e-01 3.887242401456311169e-01
0.000000000000000000e+00 0.000000000000000000e+00 5.327153551229699691e-01 4.672846448770300309e-01
1.000000000000000000e+00 1.000000000000000000e+00 4.777924160989592273e-01 5.222075839010409393e-01
0.000000000000000000e+00 1.000000000000000000e+00 2.962615978606117362e-01 7.037384021393880973e-01
1.000000000000000000e+00 1.000000000000000000e+00 4.182204454893951318e-01 5.817795545106048127e-01
1.000000000000000000e+00 1.000000000000000000e+00 4.908140666394015250e-01 5.091859333605984750e-01
1.000000000000000000e+00 0.000000000000000000e+00 5.459845553930287032e-01 4.540154446069712413e-01
0.000000000000000000e+00 1.000000000000000000e+00 4.920509096147213102e-01 5.079490903852788009e-01
0.000000000000000000e+00 1.000000000000000000e+00 3.892538656147727649e-01 6.107461343852271796e-01
1.000000000000000000e+00 0.000000000000000000e+00 5.980814893608163985e-01 4.019185106391835460e-01
0.000000000000000000e+00 1.000000000000000000e+00 4.692096710732730491e-01 5.307903289267270619e-01
0.000000000000000000e+00 0.000000000000000000e+00 5.355555677603471842e-01 4.644444322396528713e-01
1.000000000000000000e+00 0.000000000000000000e+00 5.062949758360330010e-01 4.937050241639672210e-01
1.000000000000000000e+00 0.000000000000000000e+00 5.134331273660382999e-01 4.865668726339616446e-01
0.000000000000000000e+00 0.000000000000000000e+00 5.387557099828953477e-01 4.612442900171046523e-01
1.000000000000000000e+00 0.000000000000000000e+00 6.138828355639908141e-01 3.861171644360091859e-01
1.000000000000000000e+00 0.000000000000000000e+00 5.454558352324092585e-01 4.545441647675907415e-01
