0.000000000000000000e+00 1.000000000000000000e+00 4.428571428571428381e-01 5.571428571428571619e-01
1.000000000000000000e+00 1.000000000000000000e+00 4.714285714285714191e-01 5.285714285714285809e-01
1.000000000000000000e+00 0.000000000000000000e+00 8.142857142857142794e-01 1.857142857142857206e-01
1.000000000000000000e+00 1.000000000000000000e+00 4.714285714285714191e-01 5.285714285714285809e-01
1.000000000000000000e+00 0.000000000000000000e+00 5.000000000000000000e-01 5.000000000000000000e-01
1.000000000000000000e+00 1.000000000000000000e+00 4.428571428571428381e-01 5.571428571428571619e-01
1.000000000000000000e+00 1.000000000000000000e+00 2.571428571428571175e-01 7.428571428571428825e-01
1.000000000000000000e+00 1.000000000000000000e+00 4.285714285714285476e-01 5.714285714285713969e-01
1.000000000000000000e+00 1.000000000000000000e+00 2.857142857142856984e-01 7.142857142857143016e-01
0.000000000000000000e+00 1.000000000000000000e+00 2.428571428571428548e-01 7.571428571428571175e-01
1.000000000000000000e+00 1.000000000000000000e+00 2.714285714285714080e-01 7.285714285714285365e-01
1.000000000000000000e+00 1.000000000000000000e+00 2.428571428571428548e-01 7.571428571428571175e-01
1.000000000000000000e+00 0.000000000000000000e+00 6.142857142857143238e-01 3.857142857142857317e-01
1.000000000000000000e+00 0.000000000000000000e+00 6.285714285714285587e-01 3.714285714285714413e-01
1.000000000000000000e+00 1.000000000000000000e+00 3.142857142857142794e-01 6.857142857142857206e-01
1.000000000000000000e+00 1.000000000000000000e+00 3.428571428571428603e-01 6.571428571428571397e-01
0.000000000000000000e+00 1.000000000000000000e+00 1.714285714285714302e-01 8.285714285714286254e-01
1.000000000000000000e+00 1.000000000000000000e+00 3.285714285714285698e-01 6.714285714285713746e-01
1.000000000000000000e+00 0.000000000000000000e+00 5.285714285714285809e-01 4.714285714285714191e-01
1.000000000000000000e+00 1.000000000000000000e+00 2.999999999999999889e-01 6.999999999999999556e-01
0.000000000000000000e+00 0.000000000000000000e+00 5.000000000000000000e-01 5.000000000000000000e-01
0.000000000000000000e+00 1.000000000000000000e+00 2.999999999999999889e-01 6.999999999999999556e-01
1.000000000000000000e+00 1.000000000000000000e+00 2.285714285714285643e-01 7.714285714285714635e-01
1.000000000000000000e+00 1.000000000000000000e+00 4.285714285714285476e-01 5.714285714285713969e-01
1.000000000000000000e+00 0.000000000000000000e+00 6.285714285714285587e-01 3.714285714285714413e-01
1.000000000000000000e+00 1.000000000000000000e+00 2.571428571428571175e-01 7.428571428571428825e-01
1.000000000000000000e+00 1.000000000000000000e+00 2.857142857142856984e-01 7.142857142857143016e-01
1.000000000000000000e+00 1.000000000000000000e+00 2.571428571428571175e-01 7.428571428571428825e-01
0.000000000000000000e+00 1.000000000000000000e+00 3.714285714285714413e-01 6.285714285714285587e-01
0.000000000000000000e+00 0.000000000000000000e+00 5.000000000000000000e-01 5.000000000000000000e-01
1.000000000000000000e+00 0.000000000000000000e+00 5.999999999999999778e-01 4.000000000000000222e-01
0.000000000000000000e+00 1.000000000000000000e+00 4.142857142857143127e-01 5.857142857142857428e-01
0.000000000000000000e+00 1.000000000000000000e+00 4.571428571428571286e-01 5.428571428571428159e-01
1.000000000000000000e+00 1.000000000000000000e+00 4.857142857142857095e-01 5.142857142857142350e-01
0.000000000000000000e+00 1.000000000000000000e+00 4.000000000000000222e-01 5.999999999999999778e-01
1.000000000000000000e+00 1.000000000000000000e+00 1.142857142857142821e-01 8.857142857142856762e-01
0.000000000000000000e+00 1.000000000000000000e+00 3.571428571428571508e-01 6.428571428571429047e-01
1.000000000000000000e+00 0.000000000000000000e+00 5.857142857142857428e-01 4.142857142857143127e-01
1.000000000000000000e+00 1.000000000000000000e+00 3.714285714285714413e-01 6.285714285714285587e-01
1.000000000000000000e+00 1.000000000000000000e+00 2.857142857142856984e-01 7.142857142857143016e-01
1.000000000000000000e+00 0.000000000000000000e+00 6.142857142857143238e-01 3.857142857142857317e-01
1.000000000000000000e+00 0.000000000000000000e+00 6.857142857142857206e-01 3.142857142857142794e-01
1.000000000000000000e+00 1.000000000000000000e+00 2.857142857142856984e-01 7.142857142857143016e-01
1.000000000000000000e+00 1.000000000000000000e+00 2.999999999999999889e-01 6.999999999999999556e-01
1.000000000000000000e+00 1.000000000000000000e+00 4.714285714285714191e-01 5.285714285714285809e-01
0.000000000000000000e+00 1.000000000000000000e+00 3.142857142857142794e-01 6.857142857142857206e-01
0.000000000000000000e+00 1.000000000000000000e+00 4.571428571428571286e-01 5.428571428571428159e-01
1.000000000000000000e+00 0.000000000000000000e+00 5.714285714285713969e-01 4.285714285714285476e-01
0.000000000000000000e+00 0.000000000000000000e+00 5.714285714285713969e-01 4.285714285714285476e-01
0.000000000000000000e+00 1.000000000000000000e+00 4.000000000000000222e-01 5.999999999999999778e-01
1.000000000000000000e+00 1.000000000000000000e+00 2.571428571428571175e-01 7.428571428571428825e-01
1.000000000000000000e+00 1.000000000000000000e+00 2.571428571428571175e-01 7.428571428571428825e-01
1.000000000000000000e+00 1.000000000000000000e+00 2.999999999999999889e-01 6.999999999999999556e-01
1.000000000000000000e+00 1.000000000000000000e+00 4.000000000000000222e-01 5.999999999999999778e-01
1.000000000000000000e+00 1.000000000000000000e+00 1.857142857142857206e-01 8.142857142857142794e-01
1.000000000000000000e+00 1.000000000000000000e+00 2.857142857142856984e-01 7.142857142857143016e-01
1.000000000000000000e+00 1.000000000000000000e+00 4.285714285714285476e-01 5.714285714285713969e-01
1.000000000000000000e+00 1.000000000000000000e+00 4.714285714285714191e-01 5.285714285714285809e-01
1.000000000000000000e+00 1.000000000000000000e+00 2.999999999999999889e-01 6.999999999999999556e-01
0.000000000000000000e+00 1.000000000000000000e+00 1.142857142857142821e-01 8.857142857142856762e-01
0.000000000000000000e+00 1.000000000000000000e+00 3.142857142857142794e-01 6.857142857142857206e-01
0.000000000000000000e+00 1.000000000000000000e+00 2.857142857142856984e-01 7.142857142857143016e-01
1.000000000000000000e+00 0.000000000000000000e+00 6.714285714285713746e-01 3.285714285714285698e-01
0.000000000000000000e+00 1.000000000000000000e+00 3.428571428571428603e-01 6.571428571428571397e-01
1.000000000000000000e+00 1.000000000000000000e+00 2.571428571428571175e-01 7.428571428571428825e-01
1.000000000000000000e+00 0.000000000000000000e+00 5.857142857142857428e-01 4.142857142857143127e-01
1.000000000000000000e+00 1.000000000000000000e+00 2.571428571428571175e-01 7.428571428571428825e-01
1.000000000000000000e+00 1.000000000000000000e+00 3.857142857142857317e-01 6.142857142857143238e-01
1.000000000000000000e+00 1.000000000000000000e+00 2.857142857142856984e-01 7.142857142857143016e-01
1.000000000000000000e+00 1.000000000000000000e+00 3.857142857142857317e-01 6.142857142857143238e-01
0.000000000000000000e+00 1.000000000000000000e+00 2.999999999999999889e-01 6.999999999999999556e-01
0.000000000000000000e+00 1.000000000000000000e+00 2.714285714285714080e-01 7.285714285714285365e-01
1.000000000000000000e+00 1.000000000000000000e+00 2.714285714285714080e-01 7.285714285714285365e-01
1.000000000000000000e+00 0.000000000000000000e+00 6.571428571428571397e-01 3.428571428571428603e-01
0.000000000000000000e+00 1.000000000000000000e+00 4.000000000000000222e-01 5.999999999999999778e-01
0.000000000000000000e+00 1.000000000000000000e+00 1.857142857142857206e-01 8.142857142857142794e-01
0.000000000000000000e+00 1.000000000000000000e+00 3.142857142857142794e-01 6.857142857142857206e-01
1.000000000000000000e+00 1.000000000000000000e+00 2.999999999999999889e-01 6.999999999999999556e-01
1.000000000000000000e+00 0.000000000000000000e+00 5.428571428571428159e-01 4.571428571428571286e-01
1.000000000000000000e+00 1.000000000000000000e+00 4.714285714285714191e-01 5.285714285714285809e-01
1.000000000000000000e+00 1.000000000000000000e+00 3.571428571428571508e-01 6.428571428571429047e-01
1.000000000000000000e+00 1.000000000000000000e+00 2.142857142857142738e-01 7.857142857142856984e-01
1.000000000000000000e+00 1.000000000000000000e+00 2.285714285714285643e-01 7.714285714285714635e-01
0.000000000000000000e+00 0.000000000000000000e+00 9.142857142857142572e-01 8.571428571428571508e-02
0.000000000000000000e+00 1.000000000000000000e+00 3.714285714285714413e-01 6.285714285714285587e-01
1.000000000000000000e+00 0.000000000000000000e+00 5.571428571428571619e-01 4.428571428571428381e-01
0.000000000000000000e+00 1.000000000000000000e+00 3.714285714285714413e-01 6.285714285714285587e-01
1.000000000000000000e+00 0.000000000000000000e+00 5.714285714285713969e-01 4.285714285714285476e-01
0.000000000000000000e+00 0.000000000000000000e+00 6.285714285714285587e-01 3.714285714285714413e-01
0.000000000000000000e+00 1.000000000000000000e+00 4.142857142857143127e-01 5.857142857142857428e-01
1.000000000000000000e+00 0.000000000000000000e+00 6.714285714285713746e-01 3.285714285714285698e-01
1.000000000000000000e+00 1.000000000000000000e+00 4.142857142857143127e-01 5.857142857142857428e-01
1.000000000000000000e+00 1.000000000000000000e+00 3.857142857142857317e-01 6.142857142857143238e-01
0.000000000000000000e+00 1.000000000000000000e+00 4.428571428571428381e-01 5.571428571428571619e-01
1.000000000000000000e+00 1.000000000000000000e+00 1.428571428571428492e-01 8.571428571428570953e-01
0.000000000000000000e+00 0.000000000000000000e+00 6.571428571428571397e-01 3.428571428571428603e-01
0.000000000000000000e+00 1.000000000000000000e+00 4.571428571428571286e-01 5.428571428571428159e-01
1.000000000000000000e+00 1.000000000000000000e+00 3.571428571428571508e-01 6.428571428571429047e-01
0.000000000000000000e+00 0.000000000000000000e+00 5.857142857142857428e-01 4.142857142857143127e-01
1.000000000000000000e+00 1.000000000000000000e+00 4.857142857142857095e-01 5.142857142857142350e-01
1.000000000000000000e+00 1.000000000000000000e+00 3.850000000000000089e-01 6.149999999999999911e-01
1.000000000000000000e+00 0.000000000000000000e+00 6.099999999999999867e-01 3.900000000000000133e-01
0.000000000000000000e+00 0.000000000000000000e+00 5.400000000000000355e-01 4.600000000000000200e-01
1.000000000000000000e+00 1.000000000000000000e+00 2.349999999999999867e-01 7.650000000000000133e-01
1.000000000000000000e+00 1.000000000000000000e+00 4.400000000000000022e-01 5.600000000000000533e-01
1.000000000000000000e+00 0.000000000000000000e+00 6.099999999999999867e-01 3.900000000000000133e-01
1.000000000000000000e+00 0.000000000000000000e+00 5.300000000000000266e-01 4.699999999999999734e-01
1.000000000000000000e+00 1.000000000000000000e+00 2.750000000000000222e-01 7.249999999999999778e-01
1.000000000000000000e+00 1.000000000000000000e+00 2.000000000000000111e-01 8.000000000000000444e-01
0.000000000000000000e+00 1.000000000000000000e+00 2.800000000000000266e-01 7.199999999999999734e-01
1.000000000000000000e+00 1.000000000000000000e+00 4.799999999999999822e-01 5.200000000000000178e-01
0.000000000000000000e+00 0.000000000000000000e+00 6.400000000000000133e-01 3.599999999999999867e-01
1.000000000000000000e+00 0.000000000000000000e+00 6.999999999999999556e-01 2.999999999999999889e-01
1.000000000000000000e+00 0.000000000000000000e+00 5.849999999999999645e-01 4.149999999999999800e-01
1.000000000000000000e+00 1.000000000000000000e+00 4.349999999999999978e-01 5.649999999999999467e-01
1.000000000000000000e+00 1.000000000000000000e+00 2.999999999999999889e-01 6.999999999999999556e-01
1.000000000000000000e+00 1.000000000000000000e+00 3.150000000000000022e-01 6.850000000000000533e-01
0.000000000000000000e+00 1.000000000000000000e+00 2.550000000000000044e-01 7.449999999999999956e-01
1.000000000000000000e+00 1.000000000000000000e+00 2.650000000000000133e-01 7.349999999999999867e-01
1.000000000000000000e+00 1.000000000000000000e+00 1.849999999999999978e-01 8.149999999999999467e-01
1.000000000000000000e+00 1.000000000000000000e+00 3.350000000000000200e-01 6.650000000000000355e-01
1.000000000000000000e+00 0.000000000000000000e+00 5.500000000000000444e-01 4.500000000000000111e-01
0.000000000000000000e+00 0.000000000000000000e+00 5.000000000000000000e-01 5.000000000000000000e-01
0.000000000000000000e+00 0.000000000000000000e+00 5.300000000000000266e-01 4.699999999999999734e-01
1.000000000000000000e+00 1.000000000000000000e+00 4.299999999999999933e-01 5.699999999999999512e-01
0.000000000000000000e+00 1.000000000000000000e+00 4.899999999999999911e-01 5.100000000000000089e-01
1.000000000000000000e+00 1.000000000000000000e+00 2.449999999999999956e-01 7.550000000000000044e-01
1.000000000000000000e+00 1.000000000000000000e+00 3.350000000000000200e-01 6.650000000000000355e-01
0.000000000000000000e+00 0.000000000000000000e+00 6.700000000000000400e-01 3.300000000000000155e-01
1.000000000000000000e+00 1.000000000000000000e+00 4.199999999999999845e-01 5.799999999999999600e-01
1.000000000000000000e+00 1.000000000000000000e+00 4.799999999999999822e-01 5.200000000000000178e-01
0.000000000000000000e+00 1.000000000000000000e+00 3.900000000000000133e-01 6.099999999999999867e-01
0.000000000000000000e+00 1.000000000000000000e+00 3.950000000000000178e-01 6.049999999999999822e-01
0.000000000000000000e+00 1.000000000000000000e+00 2.949999999999999845e-01 7.049999999999999600e-01
0.000000000000000000e+00 1.000000000000000000e+00 3.549999999999999822e-01 6.450000000000000178e-01
1.000000000000000000e+00 1.000000000000000000e+00 3.049999999999999933e-01 6.949999999999999512e-01
1.000000000000000000e+00 0.000000000000000000e+00 6.700000000000000400e-01 3.300000000000000155e-01
1.000000000000000000e+00 1.000000000000000000e+00 4.650000000000000244e-01 5.350000000000000311e-01
1.000000000000000000e+00 1.000000000000000000e+00 3.599999999999999867e-01 6.400000000000000133e-01
1.000000000000000000e+00 0.000000000000000000e+00 6.300000000000000044e-01 3.699999999999999956e-01
1.000000000000000000e+00 0.000000000000000000e+00 5.250000000000000222e-01 4.749999999999999778e-01
1.000000000000000000e+00 1.000000000000000000e+00 3.350000000000000200e-01 6.650000000000000355e-01
1.000000000000000000e+00 1.000000000000000000e+00 2.600000000000000089e-01 7.399999999999999911e-01
0.000000000000000000e+00 0.000000000000000000e+00 5.450000000000000400e-01 4.550000000000000155e-01
1.000000000000000000e+00 1.000000000000000000e+00 4.699999999999999734e-01 5.300000000000000266e-01
1.000000000000000000e+00 1.000000000000000000e+00 4.650000000000000244e-01 5.350000000000000311e-01
1.000000000000000000e+00 0.000000000000000000e+00 6.949999999999999512e-01 3.049999999999999933e-01
1.000000000000000000e+00 1.000000000000000000e+00 2.000000000000000111e-01 8.000000000000000444e-01
0.000000000000000000e+00 1.000000000000000000e+00 4.899999999999999911e-01 5.100000000000000089e-01
1.000000000000000000e+00 0.000000000000000000e+00 6.049999999999999822e-01 3.950000000000000178e-01
1.000000000000000000e+00 1.000000000000000000e+00 2.300000000000000100e-01 7.700000000000000178e-01
1.000000000000000000e+00 1.000000000000000000e+00 2.550000000000000044e-01 7.449999999999999956e-01
1.000000000000000000e+00 1.000000000000000000e+00 4.149999999999999800e-01 5.849999999999999645e-01
1.000000000000000000e+00 1.000000000000000000e+00 3.200000000000000067e-01 6.800000000000000488e-01
1.000000000000000000e+00 0.000000000000000000e+00 5.000000000000000000e-01 5.000000000000000000e-01
1.000000000000000000e+00 1.000000000000000000e+00 4.849999999999999867e-01 5.150000000000000133e-01
1.000000000000000000e+00 1.000000000000000000e+00 1.900000000000000022e-01 8.100000000000000533e-01
1.000000000000000000e+00 1.000000000000000000e+00 2.449999999999999956e-01 7.550000000000000044e-01
1.000000000000000000e+00 0.000000000000000000e+00 5.600000000000000533e-01 4.400000000000000022e-01
1.000000000000000000e+00 1.000000000000000000e+00 4.650000000000000244e-01 5.350000000000000311e-01
1.000000000000000000e+00 0.000000000000000000e+00 6.350000000000000089e-01 3.649999999999999911e-01
1.000000000000000000e+00 1.000000000000000000e+00 3.049999999999999933e-01 6.949999999999999512e-01
1.000000000000000000e+00 1.000000000000000000e+00 4.849999999999999867e-01 5.150000000000000133e-01
1.000000000000000000e+00 1.000000000000000000e+00 4.699999999999999734e-01 5.300000000000000266e-01
1.000000000000000000e+00 1.000000000000000000e+00 1.499999999999999944e-01 8.499999999999999778e-01
1.000000000000000000e+00 1.000000000000000000e+00 2.500000000000000000e-01 7.500000000000000000e-01
0.000000000000000000e+00 1.000000000000000000e+00 2.500000000000000000e-01 7.500000000000000000e-01
1.000000000000000000e+00 0.000000000000000000e+00 5.699999999999999512e-01 4.299999999999999933e-01
0.000000000000000000e+00 1.000000000000000000e+00 3.900000000000000133e-01 6.099999999999999867e-01
1.000000000000000000e+00 1.000000000000000000e+00 3.750000000000000000e-01 6.250000000000000000e-01
0.000000000000000000e+00 1.000000000000000000e+00 4.050000000000000266e-01 5.949999999999999734e-01
1.000000000000000000e+00 0.000000000000000000e+00 5.649999999999999467e-01 4.349999999999999978e-01
1.000000000000000000e+00 1.000000000000000000e+00 2.849999999999999756e-01 7.149999999999999689e-01
0.000000000000000000e+00 0.000000000000000000e+00 6.250000000000000000e-01 3.750000000000000000e-01
1.000000000000000000e+00 1.000000000000000000e+00 1.700000000000000122e-01 8.299999999999999600e-01
1.000000000000000000e+00 1.000000000000000000e+00 4.749999999999999778e-01 5.250000000000000222e-01
0.000000000000000000e+00 1.000000000000000000e+00 4.400000000000000022e-01 5.600000000000000533e-01
1.000000000000000000e+00 1.000000000000000000e+00 4.749999999999999778e-01 5.250000000000000222e-01
0.000000000000000000e+00 0.000000000000000000e+00 7.750000000000000222e-01 2.250000000000000056e-01
1.000000000000000000e+00 1.000000000000000000e+00 4.000000000000000222e-01 5.999999999999999778e-01
1.000000000000000000e+00 1.000000000000000000e+00 2.200000000000000011e-01 7.800000000000000266e-01
1.000000000000000000e+00 0.000000000000000000e+00 5.150000000000000133e-01 4.849999999999999867e-01
1.000000000000000000e+00 1.000000000000000000e+00 4.650000000000000244e-01 5.350000000000000311e-01
0.000000000000000000e+00 1.000000000000000000e+00 1.499999999999999944e-01 8.499999999999999778e-01
1.000000000000000000e+00 1.000000000000000000e+00 2.650000000000000133e-01 7.349999999999999867e-01
0.000000000000000000e+00 1.000000000000000000e+00 2.349999999999999867e-01 7.650000000000000133e-01
0.000000000000000000e+00 1.000000000000000000e+00 2.149999999999999967e-01 7.850000000000000311e-01
0.000000000000000000e+00 1.000000000000000000e+00 3.150000000000000022e-01 6.850000000000000533e-01
0.000000000000000000e+00 1.000000000000000000e+00 1.600000000000000033e-01 8.399999999999999689e-01
0.000000000000000000e+00 1.000000000000000000e+00 4.099999999999999756e-01 5.899999999999999689e-01
0.000000000000000000e+00 1.000000000000000000e+00 2.650000000000000133e-01 7.349999999999999867e-01
1.000000000000000000e+00 1.000000000000000000e+00 4.249999999999999889e-01 5.749999999999999556e-01
1.000000000000000000e+00 0.000000000000000000e+00 7.600000000000000089e-01 2.399999999999999911e-01
1.000000000000000000e+00 0.000000000000000000e+00 6.999999999999999556e-01 2.999999999999999889e-01
1.000000000000000000e+00 1.000000000000000000e+00 4.249999999999999889e-01 5.749999999999999556e-01
1.000000000000000000e+00 1.000000000000000000e+00 2.250000000000000056e-01 7.750000000000000222e-01
0.000000000000000000e+00 1.000000000000000000e+00 2.349999999999999867e-01 7.650000000000000133e-01
1.000000000000000000e+00 1.000000000000000000e+00 2.149999999999999967e-01 7.850000000000000311e-01
1.000000000000000000e+00 1.000000000000000000e+00 4.450000000000000067e-01 5.550000000000000488e-01
1.000000000000000000e+00 1.000000000000000000e+00 4.400000000000000022e-01 5.600000000000000533e-01
1.000000000000000000e+00 0.000000000000000000e+00 6.111111111111111605e-01 3.888888888888888951e-01
1.000000000000000000e+00 0.000000000000000000e+00 6.222222222222222321e-01 3.777777777777777679e-01
1.000000000000000000e+00 1.000000000000000000e+00 4.333333333333333481e-01 5.666666666666666519e-01
1.000000000000000000e+00 1.000000000000000000e+00 3.666666666666666408e-01 6.333333333333333037e-01
1.000000000000000000e+00 0.000000000000000000e+00 5.000000000000000000e-01 5.000000000000000000e-01
1.000000000000000000e+00 1.000000000000000000e+00 4.666666666666666741e-01 5.333333333333333259e-01
1.000000000000000000e+00 1.000000000000000000e+00 3.444444444444444420e-01 6.555555555555555580e-01
0.000000000000000000e+00 0.000000000000000000e+00 6.555555555555555580e-01 3.444444444444444420e-01
0.000000000000000000e+00 0.000000000000000000e+00 5.333333333333333259e-01 4.666666666666666741e-01
1.000000000000000000e+00 1.000000000000000000e+00 3.888888888888888951e-01 6.111111111111111605e-01
1.000000000000000000e+00 1.000000000000000000e+00 1.444444444444444309e-01 8.555555555555555136e-01
0.000000000000000000e+00 1.000000000000000000e+00 3.555555555555555691e-01 6.444444444444444864e-01
1.000000000000000000e+00 1.000000000000000000e+00 4.111111111111110938e-01 5.888888888888889062e-01
1.000000000000000000e+00 1.000000000000000000e+00 4.555555555555555469e-01 5.444444444444443976e-01
1.000000000000000000e+00 0.000000000000000000e+00 5.999999999999999778e-01 4.000000000000000222e-01
1.000000000000000000e+00 1.000000000000000000e+00 3.222222222222222432e-01 6.777777777777778123e-01
1.000000000000000000e+00 1.000000000000000000e+00 3.777777777777777679e-01 6.222222222222222321e-01
1.000000000000000000e+00 1.000000000000000000e+00 4.111111111111110938e-01 5.888888888888889062e-01
1.000000000000000000e+00 1.000000000000000000e+00 3.666666666666666408e-01 6.333333333333333037e-01
1.000000000000000000e+00 0.000000000000000000e+00 6.444444444444444864e-01 3.555555555555555691e-01
1.000000000000000000e+00 1.000000000000000000e+00 2.999999999999999889e-01 6.999999999999999556e-01
1.000000000000000000e+00 0.000000000000000000e+00 5.555555555555555802e-01 4.444444444444444198e-01
1.000000000000000000e+00 0.000000000000000000e+00 5.777777777777777235e-01 4.222222222222222210e-01
0.000000000000000000e+00 1.000000000000000000e+00 2.555555555555555358e-01 7.444444444444444642e-01
1.000000000000000000e+00 1.000000000000000000e+00 2.999999999999999889e-01 6.999999999999999556e-01
1.000000000000000000e+00 1.000000000000000000e+00 4.333333333333333481e-01 5.666666666666666519e-01
0.000000000000000000e+00 0.000000000000000000e+00 5.444444444444443976e-01 4.555555555555555469e-01
0.000000000000000000e+00 1.000000000000000000e+00 2.222222222222222099e-01 7.777777777777777901e-01
1.000000000000000000e+00 1.000000000000000000e+00 3.666666666666666408e-01 6.333333333333333037e-01
0.000000000000000000e+00 0.000000000000000000e+00 6.777777777777778123e-01 3.222222222222222432e-01
1.000000000000000000e+00 1.000000000000000000e+00 1.888888888888888840e-01 8.111111111111111160e-01
1.000000000000000000e+00 1.000000000000000000e+00 2.111111111111111105e-01 7.888888888888888618e-01
1.000000000000000000e+00 1.000000000000000000e+00 2.000000000000000111e-01 8.000000000000000444e-01
0.000000000000000000e+00 1.000000000000000000e+00 4.444444444444444198e-01 5.555555555555555802e-01
0.000000000000000000e+00 1.000000000000000000e+00 4.222222222222222210e-01 5.777777777777777235e-01
0.000000000000000000e+00 0.000000000000000000e+00 6.444444444444444864e-01 3.555555555555555691e-01
0.000000000000000000e+00 1.000000000000000000e+00 4.000000000000000222e-01 5.999999999999999778e-01
1.000000000000000000e+00 0.000000000000000000e+00 5.222222222222222543e-01 4.777777777777778012e-01
0.000000000000000000e+00 1.000000000000000000e+00 3.444444444444444420e-01 6.555555555555555580e-01
0.000000000000000000e+00 1.000000000000000000e+00 3.111111111111111160e-01 6.888888888888888840e-01
1.000000000000000000e+00 1.000000000000000000e+00 4.444444444444444198e-01 5.555555555555555802e-01
0.000000000000000000e+00 0.000000000000000000e+00 5.888888888888889062e-01 4.111111111111110938e-01
1.000000000000000000e+00 1.000000000000000000e+00 3.666666666666666408e-01 6.333333333333333037e-01
0.000000000000000000e+00 1.000000000000000000e+00 1.555555555555555580e-01 8.444444444444444420e-01
1.000000000000000000e+00 1.000000000000000000e+00 1.777777777777777846e-01 8.222222222222221877e-01
1.000000000000000000e+00 1.000000000000000000e+00 3.333333333333333148e-01 6.666666666666666297e-01
0.000000000000000000e+00 1.000000000000000000e+00 3.111111111111111160e-01 6.888888888888888840e-01
1.000000000000000000e+00 1.000000000000000000e+00 4.000000000000000222e-01 5.999999999999999778e-01
1.000000000000000000e+00 1.000000000000000000e+00 4.666666666666666741e-01 5.333333333333333259e-01
1.000000000000000000e+00 1.000000000000000000e+00 4.111111111111110938e-01 5.888888888888889062e-01
1.000000000000000000e+00 1.000000000000000000e+00 3.666666666666666408e-01 6.333333333333333037e-01
1.000000000000000000e+00 0.000000000000000000e+00 5.222222222222222543e-01 4.777777777777778012e-01
0.000000000000000000e+00 0.000000000000000000e+00 5.555555555555555802e-01 4.444444444444444198e-01
0.000000000000000000e+00 1.000000000000000000e+00 4.666666666666666741e-01 5.333333333333333259e-01
1.000000000000000000e+00 1.000000000000000000e+00 3.444444444444444420e-01 6.555555555555555580e-01
1.000000000000000000e+00 0.000000000000000000e+00 5.444444444444443976e-01 4.555555555555555469e-01
1.000000000000000000e+00 0.000000000000000000e+00 5.333333333333333259e-01 4.666666666666666741e-01
1.000000000000000000e+00 1.000000000000000000e+00 2.777777777777777901e-01 7.222222222222222099e-01
0.000000000000000000e+00 0.000000000000000000e+00 6.777777777777778123e-01 3.222222222222222432e-01
0.000000000000000000e+00 0.000000000000000000e+00 6.444444444444444864e-01 3.555555555555555691e-01
1.000000000000000000e+00 1.000000000000000000e+00 3.777777777777777679e-01 6.222222222222222321e-01
0.000000000000000000e+00 1.000000000000000000e+00 3.222222222222222432e-01 6.777777777777778123e-01
1.000000000000000000e+00 1.000000000000000000e+00 4.222222222222222210e-01 5.777777777777777235e-01
0.000000000000000000e+00 1.000000000000000000e+00 4.888888888888888729e-01 5.111111111111110716e-01
0.000000000000000000e+00 0.000000000000000000e+00 6.111111111111111605e-01 3.888888888888888951e-01
0.000000000000000000e+00 1.000000000000000000e+00 4.888888888888888729e-01 5.111111111111110716e-01
1.000000000000000000e+00 1.000000000000000000e+00 1.666666666666666574e-01 8.333333333333333703e-01
1.000000000000000000e+00 1.000000000000000000e+00 3.888888888888888951e-01 6.111111111111111605e-01
0.000000000000000000e+00 1.000000000000000000e+00 4.444444444444444198e-01 5.555555555555555802e-01
0.000000000000000000e+00 0.000000000000000000e+00 5.000000000000000000e-01 5.000000000000000000e-01
1.000000000000000000e+00 0.000000000000000000e+00 5.000000000000000000e-01 5.000000000000000000e-01
0.000000000000000000e+00 1.000000000000000000e+00 3.666666666666666408e-01 6.333333333333333037e-01
1.000000000000000000e+00 1.000000000000000000e+00 3.666666666666666408e-01 6.333333333333333037e-01
0.000000000000000000e+00 0.000000000000000000e+00 7.666666666666667185e-01 2.333333333333333370e-01
1.000000000000000000e+00 1.000000000000000000e+00 2.000000000000000111e-01 8.000000000000000444e-01
0.000000000000000000e+00 0.000000000000000000e+00 6.666666666666666297e-01 3.333333333333333148e-01
1.000000000000000000e+00 1.000000000000000000e+00 4.444444444444444198e-01 5.555555555555555802e-01
0.000000000000000000e+00 1.000000000000000000e+00 2.111111111111111105e-01 7.888888888888888618e-01
1.000000000000000000e+00 1.000000000000000000e+00 2.888888888888888618e-01 7.111111111111111382e-01
1.000000000000000000e+00 0.000000000000000000e+00 7.111111111111111382e-01 2.888888888888888618e-01
0.000000000000000000e+00 1.000000000000000000e+00 2.222222222222222099e-01 7.777777777777777901e-01
0.000000000000000000e+00 0.000000000000000000e+00 6.444444444444444864e-01 3.555555555555555691e-01
0.000000000000000000e+00 0.000000000000000000e+00 6.999999999999999556e-01 2.999999999999999889e-01
0.000000000000000000e+00 1.000000000000000000e+00 4.000000000000000222e-01 5.999999999999999778e-01
0.000000000000000000e+00 1.000000000000000000e+00 4.666666666666666741e-01 5.333333333333333259e-01
1.000000000000000000e+00 1.000000000000000000e+00 3.555555555555555691e-01 6.444444444444444864e-01
0.000000000000000000e+00 0.000000000000000000e+00 5.999999999999999778e-01 4.000000000000000222e-01
0.000000000000000000e+00 1.000000000000000000e+00 3.666666666666666408e-01 6.333333333333333037e-01
1.000000000000000000e+00 1.000000000000000000e+00 3.555555555555555691e-01 6.444444444444444864e-01
1.000000000000000000e+00 1.000000000000000000e+00 4.333333333333333481e-01 5.666666666666666519e-01
1.000000000000000000e+00 1.000000000000000000e+00 4.444444444444444198e-01 5.555555555555555802e-01
0.000000000000000000e+00 1.000000000000000000e+00 4.444444444444444198e-01 5.555555555555555802e-01
1.000000000000000000e+00 1.000000000000000000e+00 4.888888888888888729e-01 5.111111111111110716e-01
1.000000000000000000e+00 1.000000000000000000e+00 4.333333333333333481e-01 5.666666666666666519e-01
0.000000000000000000e+00 1.000000000000000000e+00 3.444444444444444420e-01 6.555555555555555580e-01
1.000000000000000000e+00 1.000000000000000000e+00 4.888888888888888729e-01 5.111111111111110716e-01
1.000000000000000000e+00 1.000000000000000000e+00 4.111111111111110938e-01 5.888888888888889062e-01
1.000000000000000000e+00 0.000000000000000000e+00 7.666666666666667185e-01 2.333333333333333370e-01
1.000000000000000000e+00 1.000000000000000000e+00 4.444444444444444198e-01 5.555555555555555802e-01
1.000000000000000000e+00 0.000000000000000000e+00 5.555555555555555802e-01 4.444444444444444198e-01
