0.000000000000000000e+00 0.000000000000000000e+00 5.478294885524660485e-01 4.521705114475339515e-01
1.000000000000000000e+00 1.000000000000000000e+00 4.285956612879025518e-01 5.714043387120975037e-01
0.000000000000000000e+00 1.000000000000000000e+00 4.839345526983462875e-01 5.160654473016536015e-01
0.000000000000000000e+00 1.000000000000000000e+00 3.062948144116816040e-01 6.937051855883182849e-01
1.000000000000000000e+00 1.000000000000000000e+00 3.550264095863176483e-01 6.449735904136824072e-01
1.000000000000000000e+00 1.000000000000000000e+00 3.691308646040087349e-01 6.308691353959910986e-01
1.000000000000000000e+00 1.000000000000000000e+00 4.416902965892497979e-01 5.583097034107500356e-01
1.000000000000000000e+00 1.000000000000000000e+00 3.651669616123765505e-01 6.348330383876236160e-01
1.000000000000000000e+00 1.000000000000000000e+00 3.658711024864574890e-01 6.341288975135425110e-01
0.000000000000000000e+00 0.000000000000000000e+00 5.673722054403849135e-01 4.326277945596150309e-01
1.000000000000000000e+00 0.000000000000000000e+00 5.409232368439756966e-01 4.590767631560245254e-01
1.000000000000000000e+00 1.000000000000000000e+00 3.916208130964929368e-01 6.083791869035070077e-01
0.000000000000000000e+00 1.000000000000000000e+00 4.310696041202577988e-01 5.689303958797422567e-01
0.000000000000000000e+00 0.000000000000000000e+00 6.784024922481383113e-01 3.215975077518616332e-01
1.000000000000000000e+00 1.000000000000000000e+00 3.936942853538118459e-01 6.063057146461880986e-01
0.000000000000000000e+00 1.000000000000000000e+00 4.228344529152208153e-01 5.771655470847794067e-01
1.000000000000000000e+00 0.000000000000000000e+00 5.204696747878975183e-01 4.795303252121026483e-01
1.000000000000000000e+00 1.000000000000000000e+00 4.488779578927826752e-01 5.511220421072173803e-01
1.000000000000000000e+00 0.000000000000000000e+00 6.385946291979314182e-01 3.614053708020687483e-01
1.000000000000000000e+00 0.000000000000000000e+00 5.664225484002273214e-01 4.335774515997726786e-01
1.000000000000000000e+00 1.000000000000000000e+00 4.295386019831484714e-01 5.704613980168515841e-01
0.000000000000000000e+00 1.000000000000000000e+00 4.549818158238893573e-01 5.450181841761105872e-01
1.000000000000000000e+00 1.000000000000000000e+00 3.722591852157335901e-01 6.277408147842664654e-01
0.000000000000000000e+00 0.000000000000000000e+00 6.459167675192968305e-01 3.540832324807031140e-01
1.000000000000000000e+00 1.000000000000000000e+00 4.295931727750701978e-01 5.704068272249297467e-01
1.000000000000000000e+00 0.000000000000000000e+00 6.361932765568130144e-01 3.638067234431870967e-01
1.000000000000000000e+00 0.000000000000000000e+00 5.193606383997352305e-01 4.806393616002649360e-01
1.000000000000000000e+00 1.000000000000000000e+00 4.308284416107311943e-01 5.691715583892689168e-01
0.000000000000000000e+00 0.000000000000000000e+00 6.059908070468416064e-01 3.940091929531582271e-01
1.000000000000000000e+00 1.000000000000000000e+00 3.446914838488452926e-01 6.553085161511547074e-01
1.000000000000000000e+00 1.000000000000000000e+00 4.801296772806904478e-01 5.198703227193094412e-01
1.000000000000000000e+00 1.000000000000000000e+00 4.927881231728292732e-01 5.072118768271706157e-01
1.000000000000000000e+00 1.000000000000000000e+00 3.616845868060930003e-01 6.383154131939071663e-01
1.000000000000000000e+00 0.000000000000000000e+00 5.250073051055170748e-01 4.749926948944828697e-01
0.000000000000000000e+00 1.000000000000000000e+00 3.251026864599668165e-01 6.748973135400331280e-01
1.000000000000000000e+00 1.000000000000000000e+00 3.867599343159153213e-01 6.132400656840846231e-01
0.000000000000000000e+00 1.000000000000000000e+00 4.324879376163988098e-01 5.675120623836011902e-01
1.000000000000000000e+00 0.000000000000000000e+00 5.671838534980970792e-01 4.328161465019030318e-01
1.000000000000000000e+00 1.000000000000000000e+00 4.454083475786377866e-01 5.545916524213622134e-01
0.000000000000000000e+00 1.000000000000000000e+00 4.319341324589037190e-01 5.680658675410962255e-01
0.000000000000000000e+00 0.000000000000000000e+00 5.241866607873280071e-01 4.758133392126718264e-01
0.000000000000000000e+00 1.000000000000000000e+00 4.314217280802253862e-01 5.685782719197745028e-01
0.000000000000000000e+00 1.000000000000000000e+00 3.690399444794632000e-01 6.309600555205365779e-01
1.000000000000000000e+00 1.000000000000000000e+00 3.983466689473168509e-01 6.016533310526831491e-01
1.000000000000000000e+00 0.000000000000000000e+00 6.538849880226480504e-01 3.461150119773519496e-01
1.000000000000000000e+00 1.000000000000000000e+00 4.686810678754110837e-01 5.313189321245890273e-01
1.000000000000000000e+00 0.000000000000000000e+00 5.140445589338575871e-01 4.859554410661424684e-01
0.000000000000000000e+00 1.000000000000000000e+00 3.718649607270084201e-01 6.281350392729916354e-01
1.000000000000000000e+00 0.000000000000000000e+00 5.079009534152247873e-01 4.920990465847752127e-01
0.000000000000000000e+00 1.000000000000000000e+00 4.371852426938092062e-01 5.628147573061907938e-01
1.000000000000000000e+00 1.000000000000000000e+00 4.931419846616787450e-01 5.068580153383214215e-01
0.000000000000000000e+00 1.000000000000000000e+00 2.716615170530301548e-01 7.283384829469699007e-01
0.000000000000000000e+00 0.000000000000000000e+00 6.025210876540915139e-01 3.974789123459083751e-01
1.000000000000000000e+00 1.000000000000000000e+00 4.703250091289193358e-01 5.296749908710808308e-01
1.000000000000000000e+00 1.000000000000000000e+00 3.907314847566105698e-01 6.092685152433894302e-01
0.000000000000000000e+00 1.000000000000000000e+00 4.206540716665631008e-01 5.793459283334368992e-01
1.000000000000000000e+00 0.000000000000000000e+00 6.910618566099349103e-01 3.089381433900652563e-01
1.000000000000000000e+00 1.000000000000000000e+00 4.495205556627365762e-01 5.504794443372634793e-01
1.000000000000000000e+00 1.000000000000000000e+00 4.128496996221897031e-01 5.871503003778102414e-01
1.000000000000000000e+00 0.000000000000000000e+00 5.891139318514571066e-01 4.108860681485428934e-01
1.000000000000000000e+00 1.000000000000000000e+00 3.511736293746112736e-01 6.488263706253885044e-01
0.000000000000000000e+00 1.000000000000000000e+00 3.806732385992217527e-01 6.193267614007782473e-01
1.000000000000000000e+00 1.000000000000000000e+00 4.473845478387393215e-01 5.526154521612606230e-01
0.000000000000000000e+00 1.000000000000000000e+00 4.309987302956476696e-01 5.690012697043523859e-01
0.000000000000000000e+00 1.000000000000000000e+00 4.024489776376958261e-01 5.975510223623041739e-01
1.000000000000000000e+00 0.000000000000000000e+00 5.230080909627977670e-01 4.769919090372023440e-01
1.000000000000000000e+00 1.000000000000000000e+00 4.653426106451813427e-01 5.346573893548184353e-01
0.000000000000000000e+00 1.000000000000000000e+00 4.182324903575277419e-01 5.817675096424723691e-01
1.000000000000000000e+00 1.000000000000000000e+00 2.925647165632210278e-01 7.074352834367788612e-01
1.000000000000000000e+00 1.000000000000000000e+00 3.413106556527288338e-01 6.586893443472711107e-01
0.000000000000000000e+00 0.000000000000000000e+00 5.095655140527708404e-01 4.904344859472289375e-01
0.000000000000000000e+00 0.000000000000000000e+00 6.474267316334135769e-01 3.525732683665864231e-01
1.000000000000000000e+00 0.000000000000000000e+00 6.072538118194602541e-01 3.927461881805397459e-01
0.000000000000000000e+00 1.000000000000000000e+00 4.595915173913019958e-01 5.404084826086978932e-01
0.000000000000000000e+00 1.000000000000000000e+00 4.778443912961450324e-01 5.221556087038550231e-01
0.000000000000000000e+00 1.000000000000000000e+00 3.396359272440839239e-01 6.603640727559161316e-01
0.000000000000000000e+00 1.000000000000000000e+00 4.603025004007511578e-01 5.396974995992489532e-01
1.000000000000000000e+00 1.000000000000000000e+00 3.386639297022421835e-01 6.613360702977577610e-01
1.000000000000000000e+00 0.000000000000000000e+00 6.377257004518157579e-01 3.622742995481842421e-01
1.000000000000000000e+00 1.000000000000000000e+00 3.985603773333115107e-01 6.014396226666883782e-01
1.000000000000000000e+00 0.000000000000000000e+00 5.498572850328894424e-01 4.501427149671106132e-01
0.000000000000000000e+00 0.000000000000000000e+00 5.277306652188121783e-01 4.722693347811878217e-01
0.000000000000000000e+00 1.000000000000000000e+00 4.083662089414401564e-01 5.916337910585596216e-01
1.000000000000000000e+00 1.000000000000000000e+00 4.684285920550281812e-01 5.315714079449718188e-01
1.000000000000000000e+00 0.000000000000000000e+00 5.343085549767121467e-01 4.656914450232878533e-01
1.000000000000000000e+00 0.000000000000000000e+00 5.186800075353577011e-01 4.813199924646422434e-01
1.000000000000000000e+00 0.000000000000000000e+00 5.213100911469381593e-01 4.786899088530617852e-01
1.000000000000000000e+00 1.000000000000000000e+00 3.935070794344959766e-01 6.064929205655038569e-01
0.000000000000000000e+00 1.000000000000000000e+00 4.627648352912527296e-01 5.372351647087472148e-01
1.000000000000000000e+00 1.000000000000000000e+00 3.254113324962318310e-01 6.745886675037681135e-01
0.000000000000000000e+00 0.000000000000000000e+00 6.368816162024774075e-01 3.631183837975225370e-01
0.000000000000000000e+00 1.000000000000000000e+00 3.927647481774606542e-01 6.072352518225392348e-01
1.000000000000000000e+00 1.000000000000000000e+00 4.485221509692047248e-01 5.514778490307952197e-01
1.000000000000000000e+00 1.000000000000000000e+00 3.331076980502881701e-01 6.668923019497116078e-01
1.000000000000000000e+00 1.000000000000000000e+00 4.571380409127008826e-01 5.428619590872989509e-01
1.000000000000000000e+00 1.000000000000000000e+00 2.830426380945633702e-01 7.169573619054365743e-01
1.000000000000000000e+00 1.000000000000000000e+00 4.158892316948682444e-01 5.841107683051317556e-01
0.000000000000000000e+00 1.000000000000000000e+00 4.507929480732807415e-01 5.492070519267192585e-01
1.000000000000000000e+00 0.000000000000000000e+00 5.057141930734119217e-01 4.942858069265881338e-01
1.000000000000000000e+00 1.000000000000000000e+00 3.811828946216652692e-01 6.188171053783348974e-01
1.000000000000000000e+00 0.000000000000000000e+00 5.273872232188755449e-01 4.726127767811242886e-01
1.000000000000000000e+00 0.000000000000000000e+00 6.818989438699228911e-01 3.181010561300770534e-01
0.000000000000000000e+00 0.000000000000000000e+00 5.514916465811570134e-01 4.485083534188429311e-01
1.000000000000000000e+00 0.000000000000000000e+00 5.571594186650407066e-01 4.428405813349592934e-01
1.000000000000000000e+00 1.000000000000000000e+00 4.702749777486764371e-01 5.297250222513236739e-01
0.000000000000000000e+00 0.000000000000000000e+00 6.986224376884530018e-01 3.013775623115467761e-01
1.000000000000000000e+00 0.000000000000000000e+00 7.426580511145277619e-01 2.573419488854721826e-01
1.000000000000000000e+00 0.000000000000000000e+00 6.313348302829266956e-01 3.686651697170731934e-01
1.000000000000000000e+00 0.000000000000000000e+00 5.828371847806895767e-01 4.171628152193104233e-01
1.000000000000000000e+00 1.000000000000000000e+00 3.297522916880744615e-01 6.702477083119257051e-01
0.000000000000000000e+00 1.000000000000000000e+00 3.376902928017554428e-01 6.623097071982445572e-01
1.000000000000000000e+00 1.000000000000000000e+00 5.000000000000000000e-01 5.000000000000000000e-01
1.000000000000000000e+00 1.000000000000000000e+00 3.846075284419352980e-01 6.153924715580647575e-01
1.000000000000000000e+00 0.000000000000000000e+00 5.703583737969746270e-01 4.296416262030254840e-01
1.000000000000000000e+00 0.000000000000000000e+00 6.827824766289580793e-01 3.172175233710420872e-01
1.000000000000000000e+00 0.000000000000000000e+00 6.859143632587705319e-01 3.140856367412295791e-01
1.000000000000000000e+00 0.000000000000000000e+00 7.877338895233061411e-01 2.122661104766940532e-01
1.000000000000000000e+00 0.000000000000000000e+00 5.571047864699993912e-01 4.428952135300007198e-01
0.000000000000000000e+00 1.000000000000000000e+00 4.234838330928030747e-01 5.765161669071968698e-01
1.000000000000000000e+00 0.000000000000000000e+00 6.217540767896845288e-01 3.782459232103154712e-01
1.000000000000000000e+00 0.000000000000000000e+00 5.277946682491562180e-01 4.722053317508438930e-01
1.000000000000000000e+00 0.000000000000000000e+00 6.226746496521476937e-01 3.773253503478522508e-01
1.000000000000000000e+00 1.000000000000000000e+00 4.239216592754103119e-01 5.760783407245896326e-01
0.000000000000000000e+00 0.000000000000000000e+00 6.002741048140600721e-01 3.997258951859399834e-01
1.000000000000000000e+00 0.000000000000000000e+00 5.831233469276487780e-01 4.168766530723510000e-01
1.000000000000000000e+00 0.000000000000000000e+00 6.111422094977081443e-01 3.888577905022919112e-01
1.000000000000000000e+00 0.000000000000000000e+00 5.282667225548327572e-01 4.717332774451672983e-01
1.000000000000000000e+00 0.000000000000000000e+00 5.251823024179534949e-01 4.748176975820463941e-01
0.000000000000000000e+00 0.000000000000000000e+00 5.991449362895049369e-01 4.008550637104951186e-01
1.000000000000000000e+00 0.000000000000000000e+00 5.875959675935309434e-01 4.124040324064690566e-01
1.000000000000000000e+00 0.000000000000000000e+00 6.662672942361831385e-01 3.337327057638167505e-01
1.000000000000000000e+00 1.000000000000000000e+00 4.487991393890137237e-01 5.512008606109861653e-01
0.000000000000000000e+00 1.000000000000000000e+00 4.349952400469239144e-01 5.650047599530758635e-01
1.000000000000000000e+00 0.000000000000000000e+00 5.663246521974376613e-01 4.336753478025621722e-01
0.000000000000000000e+00 1.000000000000000000e+00 4.878222085087684512e-01 5.121777914912315488e-01
1.000000000000000000e+00 0.000000000000000000e+00 5.663984645951881669e-01 4.336015354048119996e-01
1.000000000000000000e+00 0.000000000000000000e+00 5.078071973360407387e-01 4.921928026639593723e-01
1.000000000000000000e+00 0.000000000000000000e+00 7.087900510493578832e-01 2.912099489506422278e-01
1.000000000000000000e+00 0.000000000000000000e+00 5.884281241053225253e-01 4.115718758946773081e-01
1.000000000000000000e+00 0.000000000000000000e+00 5.124344320721838653e-01 4.875655679278160237e-01
1.000000000000000000e+00 0.000000000000000000e+00 6.299829461611587966e-01 3.700170538388412034e-01
1.000000000000000000e+00 0.000000000000000000e+00 5.781650570520450172e-01 4.218349429479548718e-01
0.000000000000000000e+00 1.000000000000000000e+00 3.737249588851023763e-01 6.262750411148976237e-01
0.000000000000000000e+00 1.000000000000000000e+00 4.947477320337982376e-01 5.052522679662017069e-01
1.000000000000000000e+00 0.000000000000000000e+00 5.132769264441698898e-01 4.867230735558300547e-01
0.000000000000000000e+00 0.000000000000000000e+00 6.052399416658745812e-01 3.947600583341253633e-01
1.000000000000000000e+00 0.000000000000000000e+00 5.947412192402338205e-01 4.052587807597660685e-01
0.000000000000000000e+00 0.000000000000000000e+00 5.616412833529811355e-01 4.383587166470189200e-01
1.000000000000000000e+00 0.000000000000000000e+00 5.110375825192439159e-01 4.889624174807560841e-01
1.000000000000000000e+00 1.000000000000000000e+00 3.800696143727200771e-01 6.199303856272799784e-01
1.000000000000000000e+00 0.000000000000000000e+00 6.108258261450719706e-01 3.891741738549279739e-01
0.000000000000000000e+00 1.000000000000000000e+00 4.444728151231898683e-01 5.555271848768100762e-01
1.000000000000000000e+00 1.000000000000000000e+00 4.640032710186207665e-01 5.359967289813792890e-01
1.000000000000000000e+00 1.000000000000000000e+00 4.166191821436488474e-01 5.833808178563510971e-01
1.000000000000000000e+00 0.000000000000000000e+00 5.995709221968855696e-01 4.004290778031144860e-01
1.000000000000000000e+00 0.000000000000000000e+00 6.180292557959149446e-01 3.819707442040851664e-01
0.000000000000000000e+00 0.000000000000000000e+00 5.338036740905245381e-01 4.661963259094754619e-01
1.000000000000000000e+00 1.000000000000000000e+00 3.331409587738516920e-01 6.668590412261483635e-01
0.000000000000000000e+00 1.000000000000000000e+00 3.620550945968897261e-01 6.379449054031101074e-01
1.000000000000000000e+00 0.000000000000000000e+00 6.380594773546174325e-01 3.619405226453825675e-01
1.000000000000000000e+00 0.000000000000000000e+00 6.088164249646225157e-01 3.911835750353775398e-01
1.000000000000000000e+00 0.000000000000000000e+00 7.173561697064356757e-01 2.826438302935644908e-01
1.000000000000000000e+00 0.000000000000000000e+00 5.239915176287222032e-01 4.760084823712775748e-01
1.000000000000000000e+00 0.000000000000000000e+00 5.000000000000000000e-01 5.000000000000000000e-01
1.000000000000000000e+00 1.000000000000000000e+00 4.302000433298181492e-01 5.697999566701816843e-01
1.000000000000000000e+00 0.000000000000000000e+00 5.519849679434281065e-01 4.480150320565720046e-01
1.000000000000000000e+00 0.000000000000000000e+00 5.478529718710483110e-01 4.521470281289516890e-01
1.000000000000000000e+00 1.000000000000000000e+00 3.235276309823615359e-01 6.764723690176385196e-01
1.000000000000000000e+00 1.000000000000000000e+00 3.956536935859586990e-01 6.043463064140413010e-01
1.000000000000000000e+00 0.000000000000000000e+00 5.382580714295471802e-01 4.617419285704528198e-01
1.000000000000000000e+00 1.000000000000000000e+00 2.764002010540896337e-01 7.235997989459103108e-01
1.000000000000000000e+00 0.000000000000000000e+00 6.799770055686471526e-01 3.200229944313527919e-01
0.000000000000000000e+00 1.000000000000000000e+00 4.530223782806316879e-01 5.469776217193681456e-01
0.000000000000000000e+00 1.000000000000000000e+00 4.732194417632714645e-01 5.267805582367286465e-01
0.000000000000000000e+00 1.000000000000000000e+00 3.658606011515476153e-01 6.341393988484523847e-01
1.000000000000000000e+00 1.000000000000000000e+00 4.590746889442383072e-01 5.409253110557618038e-01
1.000000000000000000e+00 1.000000000000000000e+00 4.843814698607067371e-01 5.156185301392931519e-01
1.000000000000000000e+00 1.000000000000000000e+00 3.901654528096901720e-01 6.098345471903097170e-01
1.000000000000000000e+00 0.000000000000000000e+00 6.418490133302146017e-01 3.581509866697853428e-01
0.000000000000000000e+00 0.000000000000000000e+00 5.407261533195116820e-01 4.592738466804883735e-01
0.000000000000000000e+00 1.000000000000000000e+00 4.915704653780473277e-01 5.084295346219528389e-01
1.000000000000000000e+00 0.000000000000000000e+00 5.496744863528022496e-01 4.503255136471979170e-01
1.000000000000000000e+00 1.000000000000000000e+00 4.836306927723946769e-01 5.163693072276052121e-01
1.000000000000000000e+00 0.000000000000000000e+00 5.874271546110643172e-01 4.125728453889357383e-01
0.000000000000000000e+00 1.000000000000000000e+00 4.012742825730368779e-01 5.987257174269630111e-01
1.000000000000000000e+00 1.000000000000000000e+00 4.627152459974194221e-01 5.372847540025806889e-01
1.000000000000000000e+00 1.000000000000000000e+00 2.521203403892111616e-01 7.478796596107888384e-01
1.000000000000000000e+00 0.000000000000000000e+00 5.224245022279631057e-01 4.775754977720368943e-01
1.000000000000000000e+00 0.000000000000000000e+00 6.054266500783577198e-01 3.945733499216423357e-01
0.000000000000000000e+00 0.000000000000000000e+00 6.104990738805102790e-01 3.895009261194897765e-01
1.000000000000000000e+00 0.000000000000000000e+00 6.345064804084423749e-01 3.654935195915577362e-01
1.000000000000000000e+00 1.000000000000000000e+00 4.367667055549105948e-01 5.632332944450894052e-01
1.000000000000000000e+00 1.000000000000000000e+00 2.678345367299793112e-01 7.321654632700208554e-01
1.000000000000000000e+00 0.000000000000000000e+00 5.603308567363687320e-01 4.396691432636313235e-01
1.000000000000000000e+00 1.000000000000000000e+00 4.648157184387736174e-01 5.351842815612264381e-01
1.000000000000000000e+00 0.000000000000000000e+00 5.667484975249397205e-01 4.332515024750601684e-01
1.000000000000000000e+00 1.000000000000000000e+00 3.692748398664265075e-01 6.307251601335734925e-01
1.000000000000000000e+00 0.000000000000000000e+00 5.663496129413345681e-01 4.336503870586652098e-01
1.000000000000000000e+00 0.000000000000000000e+00 5.087095474302111286e-01 4.912904525697888158e-01
1.000000000000000000e+00 0.000000000000000000e+00 6.140071499458222837e-01 3.859928500541777163e-01
1.000000000000000000e+00 1.000000000000000000e+00 4.902468018937019001e-01 5.097531981062980444e-01
0.000000000000000000e+00 0.000000000000000000e+00 5.143482300205917124e-01 4.856517699794082876e-01
1.000000000000000000e+00 1.000000000000000000e+00 4.941173154297954229e-01 5.058826845702044661e-01
0.000000000000000000e+00 0.000000000000000000e+00 5.222418129903714235e-01 4.777581870096287431e-01
1.000000000000000000e+00 1.000000000000000000e+00 4.902381208648208255e-01 5.097618791351790080e-01
1.000000000000000000e+00 0.000000000000000000e+00 5.109064523945735514e-01 4.890935476054262265e-01
0.000000000000000000e+00 1.000000000000000000e+00 4.819487577533297928e-01 5.180512422466700961e-01
1.000000000000000000e+00 0.000000000000000000e+00 5.000000000000000000e-01 5.000000000000000000e-01
0.000000000000000000e+00 0.000000000000000000e+00 5.075573745327410791e-01 4.924426254672589764e-01
1.000000000000000000e+00 0.000000000000000000e+00 5.086238100807572993e-01 4.913761899192428673e-01
1.000000000000000000e+00 0.000000000000000000e+00 5.000000000000000000e-01 5.000000000000000000e-01
0.000000000000000000e+00 1.000000000000000000e+00 4.911364191627657916e-01 5.088635808372343750e-01
1.000000000000000000e+00 0.000000000000000000e+00 5.069791658964009073e-01 4.930208341035990927e-01
1.000000000000000000e+00 0.000000000000000000e+00 5.000000000000000000e-01 5.000000000000000000e-01
1.000000000000000000e+00 0.000000000000000000e+00 5.152328985126056748e-01 4.847671014873943807e-01
1.000000000000000000e+00 0.000000000000000000e+00 5.050347945092711344e-01 4.949652054907291432e-01
1.000000000000000000e+00 0.000000000000000000e+00 5.000000000000000000e-01 5.000000000000000000e-01
0.000000000000000000e+00 0.000000000000000000e+00 5.000000000000000000e-01 5.000000000000000000e-01
0.000000000000000000e+00 1.000000000000000000e+00 4.885052283718943622e-01 5.114947716281057488e-01
0.000000000000000000e+00 1.000000000000000000e+00 5.000000000000000000e-01 5.000000000000000000e-01
0.000000000000000000e+00 0.000000000000000000e+00 5.097853791030397819e-01 4.902146208969600516e-01
0.000000000000000000e+00 0.000000000000000000e+00 5.114902032152418565e-01 4.885097967847581435e-01
1.000000000000000000e+00 1.000000000000000000e+00 4.853352984342657606e-01 5.146647015657340729e-01
1.000000000000000000e+00 1.000000000000000000e+00 4.851812486052453632e-01 5.148187513947545257e-01
1.000000000000000000e+00 0.000000000000000000e+00 5.174771136438213182e-01 4.825228863561787929e-01
0.000000000000000000e+00 0.000000000000000000e+00 5.000000000000000000e-01 5.000000000000000000e-01
0.000000000000000000e+00 1.000000000000000000e+00 4.936075053499682785e-01 5.063924946500318880e-01
1.000000000000000000e+00 0.000000000000000000e+00 5.313506507997133310e-01 4.686493492002864469e-01
0.000000000000000000e+00 0.000000000000000000e+00 5.500163981156883652e-01 4.499836018843114127e-01
1.000000000000000000e+00 0.000000000000000000e+00 5.280168783557207535e-01 4.719831216442793576e-01
1.000000000000000000e+00 0.000000000000000000e+00 5.354431664254724055e-01 4.645568335745273170e-01
1.000000000000000000e+00 0.000000000000000000e+00 5.083198503253557599e-01 4.916801496746440736e-01
1.000000000000000000e+00 0.000000000000000000e+00 5.418431829590321103e-01 4.581568170409679452e-01
1.000000000000000000e+00 1.000000000000000000e+00 4.949933950006678018e-01 5.050066049993320316e-01
1.000000000000000000e+00 0.000000000000000000e+00 5.083595619025784718e-01 4.916404380974215838e-01
1.000000000000000000e+00 1.000000000000000000e+00 4.939241937292544460e-01 5.060758062707453320e-01
1.000000000000000000e+00 1.000000000000000000e+00 4.783088112472727582e-01 5.216911887527274638e-01
1.000000000000000000e+00 0.000000000000000000e+00 5.130174472941106956e-01 4.869825527058894710e-01
1.000000000000000000e+00 0.000000000000000000e+00 5.067396153799041958e-01 4.932603846200956377e-01
1.000000000000000000e+00 1.000000000000000000e+00 4.936083916500434987e-01 5.063916083499565568e-01
1.000000000000000000e+00 0.000000000000000000e+00 5.082352568804606729e-01 4.917647431195394381e-01
1.000000000000000000e+00 0.000000000000000000e+00 5.000000000000000000e-01 5.000000000000000000e-01
0.000000000000000000e+00 1.000000000000000000e+00 4.811372764139212888e-01 5.188627235860787668e-01
0.000000000000000000e+00 0.000000000000000000e+00 5.143700929991841253e-01 4.856299070008157082e-01
0.000000000000000000e+00 0.000000000000000000e+00 5.276330470767320868e-01 4.723669529232678577e-01
1.000000000000000000e+00 1.000000000000000000e+00 4.651690998736124349e-01 5.348309001263875651e-01
1.000000000000000000e+00 1.000000000000000000e+00 4.915091622811903482e-01 5.084908377188094297e-01
1.000000000000000000e+00 0.000000000000000000e+00 5.000000000000000000e-01 5.000000000000000000e-01
0.000000000000000000e+00 0.000000000000000000e+00 5.000000000000000000e-01 5.000000000000000000e-01
0.000000000000000000e+00 0.000000000000000000e+00 5.000000000000000000e-01 5.000000000000000000e-01
1.000000000000000000e+00 1.000000000000000000e+00 4.589404348548973278e-01 5.410595651451025612e-01
1.000000000000000000e+00 1.000000000000000000e+00 4.908966023650916943e-01 5.091033976349084167e-01
1.000000000000000000e+00 0.000000000000000000e+00 5.000000000000000000e-01 5.000000000000000000e-01
1.000000000000000000e+00 0.000000000000000000e+00 5.000000000000000000e-01 5.000000000000000000e-01
1.000000000000000000e+00 1.000000000000000000e+00 4.834910022338422264e-01 5.165089977661577736e-01
0.000000000000000000e+00 0.000000000000000000e+00 5.081052513495363243e-01 4.918947486504637312e-01
1.000000000000000000e+00 1.000000000000000000e+00 4.930935109153421481e-01 5.069064890846578519e-01
0.000000000000000000e+00 1.000000000000000000e+00 4.801126016156220810e-01 5.198873983843778079e-01
0.000000000000000000e+00 1.000000000000000000e+00 5.000000000000000000e-01 5.000000000000000000e-01
1.000000000000000000e+00 1.000000000000000000e+00 4.879405729151798932e-01 5.120594270848201068e-01
1.000000000000000000e+00 0.000000000000000000e+00 5.000000000000000000e-01 5.000000000000000000e-01
1.000000000000000000e+00 1.000000000000000000e+00 5.000000000000000000e-01 5.000000000000000000e-01
1.000000000000000000e+00 1.000000000000000000e+00 4.784268433237222617e-01 5.215731566762775717e-01
0.000000000000000000e+00 1.000000000000000000e+00 4.770898095624881430e-01 5.229101904375118570e-01
0.000000000000000000e+00 1.000000000000000000e+00 4.878207510170504135e-01 5.121792489829495310e-01
0.000000000000000000e+00 0.000000000000000000e+00 5.000000000000000000e-01 5.000000000000000000e-01
1.000000000000000000e+00 0.000000000000000000e+00 5.000000000000000000e-01 5.000000000000000000e-01
1.000000000000000000e+00 0.000000000000000000e+00 5.000000000000000000e-01 5.000000000000000000e-01
0.000000000000000000e+00 0.000000000000000000e+00 5.000000000000000000e-01 5.000000000000000000e-01
0.000000000000000000e+00 1.000000000000000000e+00 4.822386010119987798e-01 5.177613989880011092e-01
1.000000000000000000e+00 0.000000000000000000e+00 5.000000000000000000e-01 5.000000000000000000e-01
0.000000000000000000e+00 1.000000000000000000e+00 4.945360666565952190e-01 5.054639333434045589e-01
0.000000000000000000e+00 0.000000000000000000e+00 5.066067360585347901e-01 4.933932639414651544e-01
1.000000000000000000e+00 0.000000000000000000e+00 5.126694299986452874e-01 4.873305700013545461e-01
1.000000000000000000e+00 1.000000000000000000e+00 4.871065135093856635e-01 5.128934864906142810e-01
1.000000000000000000e+00 1.000000000000000000e+00 4.816119021602019989e-01 5.183880978397981121e-01
0.000000000000000000e+00 1.000000000000000000e+00 4.767342582544257246e-01 5.232657417455741644e-01
1.000000000000000000e+00 0.000000000000000000e+00 5.000000000000000000e-01 5.000000000000000000e-01
0.000000000000000000e+00 0.000000000000000000e+00 5.000000000000000000e-01 5.000000000000000000e-01
0.000000000000000000e+00 0.000000000000000000e+00 5.189133473827448606e-01 4.810866526172551949e-01
1.000000000000000000e+00 1.000000000000000000e+00 4.934858921728013104e-01 5.065141078271985231e-01
1.000000000000000000e+00 1.000000000000000000e+00 4.817199812583972673e-01 5.182800187416027882e-01
1.000000000000000000e+00 0.000000000000000000e+00 5.098023538197972160e-01 4.901976461802027285e-01
0.000000000000000000e+00 1.000000000000000000e+00 4.802196934512972804e-01 5.197803065487025531e-01
1.000000000000000000e+00 0.000000000000000000e+00 5.226349054129107996e-01 4.773650945870892004e-01
0.000000000000000000e+00 1.000000000000000000e+00 4.860847458882189276e-01 5.139152541117810724e-01
0.000000000000000000e+00 0.000000000000000000e+00 5.000000000000000000e-01 5.000000000000000000e-01
0.000000000000000000e+00 1.000000000000000000e+00 4.705983141174848172e-01 5.294016858825150162e-01
1.000000000000000000e+00 0.000000000000000000e+00 5.062394910377046031e-01 4.937605089622952304e-01
0.000000000000000000e+00 1.000000000000000000e+00 4.786173608324639228e-01 5.213826391675359107e-01
1.000000000000000000e+00 0.000000000000000000e+00 5.000000000000000000e-01 5.000000000000000000e-01
0.000000000000000000e+00 0.000000000000000000e+00 5.214569553456266382e-01 4.785430446543734728e-01
0.000000000000000000e+00 0.000000000000000000e+00 5.000000000000000000e-01 5.000000000000000000e-01
1.000000000000000000e+00 0.000000000000000000e+00 5.087218646983784343e-01 4.912781353016214547e-01
1.000000000000000000e+00 1.000000000000000000e+00 4.909546089616084741e-01 5.090453910383913039e-01
0.000000000000000000e+00 1.000000000000000000e+00 4.811121268959437369e-01 5.188878731040563741e-01
1.000000000000000000e+00 0.000000000000000000e+00 5.239418230275032506e-01 4.760581769724968049e-01
0.000000000000000000e+00 0.000000000000000000e+00 5.164053397011382218e-01 4.835946602988620002e-01
1.000000000000000000e+00 1.000000000000000000e+00 4.680033723440785165e-01 5.319966276559212615e-01
0.000000000000000000e+00 0.000000000000000000e+00 5.057221407984348049e-01 4.942778592015653061e-01
