1.000000000000000000e+00 1.000000000000000000e+00 4.214671415133505183e-01 5.785328584866494817e-01
1.000000000000000000e+00 1.000000000000000000e+00 3.765924292819443631e-01 6.234075707180556369e-01
1.000000000000000000e+00 1.000000000000000000e+00 4.554974708868297917e-01 5.445025291131702083e-01
0.000000000000000000e+00 0.000000000000000000e+00 5.752137149952286643e-01 4.247862850047713357e-01
1.000000000000000000e+00 0.000000000000000000e+00 6.951819264204815996e-01 3.048180735795184004e-01
1.000000000000000000e+00 1.000000000000000000e+00 4.592490760093561608e-01 5.407509239906438392e-01
1.000000000000000000e+00 1.000000000000000000e+00 4.391737947428058231e-01 5.608262052571941769e-01
1.000000000000000000e+00 0.000000000000000000e+00 5.393978781577124515e-01 4.606021218422875485e-01
1.000000000000000000e+00 1.000000000000000000e+00 4.262296057020499296e-01 5.737703942979500704e-01
0.000000000000000000e+00 0.000000000000000000e+00 6.134278963698764908e-01 3.865721036301235092e-01
1.000000000000000000e+00 1.000000000000000000e+00 3.366830052540528140e-01 6.633169947459471860e-01
1.000000000000000000e+00 0.000000000000000000e+00 6.386056396501147425e-01 3.613943603498853130e-01
0.000000000000000000e+00 1.000000000000000000e+00 2.448333953417334286e-01 7.551666046582665714e-01
1.000000000000000000e+00 0.000000000000000000e+00 5.289276128290911760e-01 4.710723871709088795e-01
1.000000000000000000e+00 1.000000000000000000e+00 4.659338023077346236e-01 5.340661976922653764e-01
1.000000000000000000e+00 0.000000000000000000e+00 6.265536568581386856e-01 3.734463431418613699e-01
1.000000000000000000e+00 0.000000000000000000e+00 7.227937754660045400e-01 2.772062245339954600e-01
0.000000000000000000e+00 1.000000000000000000e+00 3.156195542003138454e-01 6.843804457996861546e-01
1.000000000000000000e+00 1.000000000000000000e+00 4.424050921032808281e-01 5.575949078967191719e-01
0.000000000000000000e+00 1.000000000000000000e+00 4.988795344632945827e-01 5.011204655367054173e-01
1.000000000000000000e+00 0.000000000000000000e+00 6.075747838086058561e-01 3.924252161913941994e-01
1.000000000000000000e+00 0.000000000000000000e+00 6.379801252511937415e-01 3.620198747488062585e-01
1.000000000000000000e+00 0.000000000000000000e+00 5.455017937824907515e-01 4.544982062175092485e-01
1.000000000000000000e+00 1.000000000000000000e+00 4.892792997766121088e-01 5.107207002233878912e-01
0.000000000000000000e+00 1.000000000000000000e+00 4.888081603689798937e-01 5.111918396310201063e-01
0.000000000000000000e+00 0.000000000000000000e+00 5.024049473710336944e-01 4.975950526289663056e-01
0.000000000000000000e+00 0.000000000000000000e+00 5.131206374091649147e-01 4.868793625908350853e-01
1.000000000000000000e+00 0.000000000000000000e+00 5.379876978670782295e-01 4.620123021329217705e-01
0.000000000000000000e+00 1.000000000000000000e+00 4.985635862730702916e-01 5.014364137269297084e-01
1.000000000000000000e+00 1.000000000000000000e+00 2.315142612079728046e-01 7.684857387920271954e-01
0.000000000000000000e+00 0.000000000000000000e+00 5.108422674162903521e-01 4.891577325837096479e-01
0.000000000000000000e+00 0.000000000000000000e+00 5.978628882865080207e-01 4.021371117134919793e-01
0.000000000000000000e+00 1.000000000000000000e+00 3.713499524090114745e-01 6.286500475909885255e-01
0.000000000000000000e+00 1.000000000000000000e+00 4.524980423478062175e-01 5.475019576521937825e-01
0.000000000000000000e+00 1.000000000000000000e+00 4.551016629486916987e-01 5.448983370513083013e-01
0.000000000000000000e+00 1.000000000000000000e+00 3.871009977034247651e-01 6.128990022965752349e-01
1.000000000000000000e+00 1.000000000000000000e+00 4.123413222839581449e-01 5.876586777160418551e-01
1.000000000000000000e+00 0.000000000000000000e+00 6.801169516572989071e-01 3.198830483427010374e-01
0.000000000000000000e+00 1.000000000000000000e+00 4.290461661671585158e-01 5.709538338328414842e-01
0.000000000000000000e+00 1.000000000000000000e+00 2.462915577145089463e-01 7.537084422854910537e-01
1.000000000000000000e+00 1.000000000000000000e+00 2.856891372686416464e-01 7.143108627313583536e-01
1.000000000000000000e+00 0.000000000000000000e+00 5.008700019490434086e-01 4.991299980509565914e-01
1.000000000000000000e+00 0.000000000000000000e+00 5.146680726660574079e-01 4.853319273339425921e-01
0.000000000000000000e+00 1.000000000000000000e+00 3.599083366245914295e-01 6.400916633754085705e-01
1.000000000000000000e+00 1.000000000000000000e+00 4.799295251857021993e-01 5.200704748142978007e-01
1.000000000000000000e+00 1.000000000000000000e+00 3.967933796308059646e-01 6.032066203691940354e-01
1.000000000000000000e+00 0.000000000000000000e+00 5.959597056103534962e-01 4.040402943896465038e-01
1.000000000000000000e+00 1.000000000000000000e+00 4.799090268143952898e-01 5.200909731856047102e-01
1.000000000000000000e+00 0.000000000000000000e+00 5.255670216983587828e-01 4.744329783016411617e-01
1.000000000000000000e+00 0.000000000000000000e+00 5.430791476716971822e-01 4.569208523283027623e-01
0.000000000000000000e+00 0.000000000000000000e+00 6.113903274543784905e-01 3.886096725456215095e-01
1.000000000000000000e+00 0.000000000000000000e+00 7.620095730216056573e-01 2.379904269783943427e-01
1.000000000000000000e+00 0.000000000000000000e+00 5.134870160018121243e-01 4.865129839981879312e-01
1.000000000000000000e+00 1.000000000000000000e+00 4.860545088244900835e-01 5.139454911755099165e-01
1.000000000000000000e+00 0.000000000000000000e+00 6.259772934130225508e-01 3.740227065869775047e-01
0.000000000000000000e+00 0.000000000000000000e+00 5.221677376807658533e-01 4.778322623192340912e-01
0.000000000000000000e+00 0.000000000000000000e+00 5.087630398278348842e-01 4.912369601721651158e-01
0.000000000000000000e+00 1.000000000000000000e+00 4.808918212205092191e-01 5.191081787794907809e-01
0.000000000000000000e+00 1.000000000000000000e+00 4.644793879954606242e-01 5.355206120045393758e-01
0.000000000000000000e+00 1.000000000000000000e+00 4.680680134434260786e-01 5.319319865565739214e-01
0.000000000000000000e+00 0.000000000000000000e+00 6.858113032422012978e-01 3.141886967577987022e-01
1.000000000000000000e+00 1.000000000000000000e+00 4.745230545524664612e-01 5.254769454475335388e-01
0.000000000000000000e+00 1.000000000000000000e+00 4.553105810181306001e-01 5.446894189818693999e-01
0.000000000000000000e+00 1.000000000000000000e+00 4.928410136558686316e-01 5.071589863441313684e-01
0.000000000000000000e+00 0.000000000000000000e+00 7.199666669991258150e-01 2.800333330008741295e-01
1.000000000000000000e+00 1.000000000000000000e+00 3.212156864730703054e-01 6.787843135269296946e-01
0.000000000000000000e+00 1.000000000000000000e+00 2.258772275593927681e-01 7.741227724406072319e-01
0.000000000000000000e+00 1.000000000000000000e+00 4.042669401991226819e-01 5.957330598008773181e-01
1.000000000000000000e+00 0.000000000000000000e+00 5.850035558693709170e-01 4.149964441306291385e-01
1.000000000000000000e+00 0.000000000000000000e+00 5.069246392962958314e-01 4.930753607037041131e-01
1.000000000000000000e+00 1.000000000000000000e+00 3.386717798953716718e-01 6.613282201046283282e-01
1.000000000000000000e+00 1.000000000000000000e+00 4.858933385759257595e-01 5.141066614240742405e-01
0.000000000000000000e+00 0.000000000000000000e+00 5.845869771366185574e-01 4.154130228633813871e-01
1.000000000000000000e+00 1.000000000000000000e+00 3.645777825051992327e-01 6.354222174948007673e-01
1.000000000000000000e+00 0.000000000000000000e+00 5.611379906583306987e-01 4.388620093416693013e-01
1.000000000000000000e+00 0.000000000000000000e+00 6.181505727886764667e-01 3.818494272113235888e-01
1.000000000000000000e+00 1.000000000000000000e+00 3.184605218275498029e-01 6.815394781724501971e-01
1.000000000000000000e+00 0.000000000000000000e+00 6.548164757607221054e-01 3.451835242392778946e-01
1.000000000000000000e+00 0.000000000000000000e+00 7.107262318359361952e-01 2.892737681640638603e-01
1.000000000000000000e+00 1.000000000000000000e+00 4.072574954103461708e-01 5.927425045896538292e-01
0.000000000000000000e+00 1.000000000000000000e+00 4.462536063618495197e-01 5.537463936381504803e-01
1.000000000000000000e+00 1.000000000000000000e+00 3.602108928235782104e-01 6.397891071764217896e-01
1.000000000000000000e+00 0.000000000000000000e+00 5.977188577621794785e-01 4.022811422378205215e-01
1.000000000000000000e+00 1.000000000000000000e+00 4.785085404603633963e-01 5.214914595396366037e-01
1.000000000000000000e+00 1.000000000000000000e+00 2.740166488225602714e-01 7.259833511774397286e-01
1.000000000000000000e+00 1.000000000000000000e+00 4.747608380492562841e-01 5.252391619507437159e-01
0.000000000000000000e+00 0.000000000000000000e+00 5.954541286413126411e-01 4.045458713586874144e-01
1.000000000000000000e+00 1.000000000000000000e+00 4.864745840142544742e-01 5.135254159857455258e-01
0.000000000000000000e+00 0.000000000000000000e+00 6.023853162761845237e-01 3.976146837238155318e-01
1.000000000000000000e+00 1.000000000000000000e+00 3.694130265028493509e-01 6.305869734971506491e-01
1.000000000000000000e+00 1.000000000000000000e+00 3.391964434652171567e-01 6.608035565347828433e-01
0.000000000000000000e+00 1.000000000000000000e+00 3.946390037247134996e-01 6.053609962752865004e-01
1.000000000000000000e+00 1.000000000000000000e+00 3.745009252680038259e-01 6.254990747319961741e-01
0.000000000000000000e+00 1.000000000000000000e+00 4.953891521477178372e-01 5.046108478522821628e-01
1.000000000000000000e+00 1.000000000000000000e+00 4.333019904053795335e-01 5.666980095946204665e-01
1.000000000000000000e+00 0.000000000000000000e+00 5.597284526277520600e-01 4.402715473722479400e-01
0.000000000000000000e+00 0.000000000000000000e+00 5.616558894237135835e-01 4.383441105762864720e-01
0.000000000000000000e+00 1.000000000000000000e+00 4.747436926208569163e-01 5.252563073791430837e-01
1.000000000000000000e+00 1.000000000000000000e+00 4.584811061081665029e-01 5.415188938918334971e-01
1.000000000000000000e+00 1.000000000000000000e+00 3.199756671596246660e-01 6.800243328403753340e-01
0.000000000000000000e+00 0.000000000000000000e+00 5.710633662979722747e-01 4.289366337020276698e-01
1.000000000000000000e+00 0.000000000000000000e+00 5.962923091698977274e-01 4.037076908301023281e-01
1.000000000000000000e+00 0.000000000000000000e+00 6.161478782977987123e-01 3.838521217022012877e-01
1.000000000000000000e+00 0.000000000000000000e+00 6.522778580976937857e-01 3.477221419023061588e-01
1.000000000000000000e+00 1.000000000000000000e+00 4.032038730958578121e-01 5.967961269041421879e-01
1.000000000000000000e+00 0.000000000000000000e+00 5.694794948506887167e-01 4.305205051493112278e-01
1.000000000000000000e+00 0.000000000000000000e+00 5.426511933366848783e-01 4.573488066633150662e-01
1.000000000000000000e+00 1.000000000000000000e+00 4.740390881910024889e-01 5.259609118089975111e-01
1.000000000000000000e+00 1.000000000000000000e+00 3.317689136583445997e-01 6.682310863416554003e-01
1.000000000000000000e+00 1.000000000000000000e+00 4.325787479826246340e-01 5.674212520173753660e-01
1.000000000000000000e+00 0.000000000000000000e+00 5.333076224382680142e-01 4.666923775617319858e-01
1.000000000000000000e+00 0.000000000000000000e+00 5.093187432920187607e-01 4.906812567079812948e-01
1.000000000000000000e+00 1.000000000000000000e+00 2.897774272579313193e-01 7.102225727420686807e-01
0.000000000000000000e+00 0.000000000000000000e+00 6.443053890817811435e-01 3.556946109182189120e-01
1.000000000000000000e+00 1.000000000000000000e+00 3.389815826402580168e-01 6.610184173597419832e-01
1.000000000000000000e+00 0.000000000000000000e+00 6.396261400879181824e-01 3.603738599120818176e-01
0.000000000000000000e+00 1.000000000000000000e+00 3.522134479441116905e-01 6.477865520558883095e-01
1.000000000000000000e+00 1.000000000000000000e+00 4.061859284944789872e-01 5.938140715055210128e-01
1.000000000000000000e+00 0.000000000000000000e+00 6.022634202127914449e-01 3.977365797872086106e-01
1.000000000000000000e+00 1.000000000000000000e+00 3.866713282819311814e-01 6.133286717180688186e-01
0.000000000000000000e+00 1.000000000000000000e+00 3.981361802964265006e-01 6.018638197035734994e-01
1.000000000000000000e+00 1.000000000000000000e+00 3.350381411826158784e-01 6.649618588173841216e-01
0.000000000000000000e+00 0.000000000000000000e+00 6.956731372627940058e-01 3.043268627372060497e-01
1.000000000000000000e+00 0.000000000000000000e+00 5.551571419012679698e-01 4.448428580987320302e-01
0.000000000000000000e+00 1.000000000000000000e+00 4.817669191602149681e-01 5.182330808397850319e-01
0.000000000000000000e+00 1.000000000000000000e+00 4.066883670170137188e-01 5.933116329829862812e-01
0.000000000000000000e+00 1.000000000000000000e+00 4.719928289493549034e-01 5.280071710506450966e-01
0.000000000000000000e+00 0.000000000000000000e+00 6.108042539824505290e-01 3.891957460175495265e-01
1.000000000000000000e+00 0.000000000000000000e+00 5.655292197294580214e-01 4.344707802705419786e-01
1.000000000000000000e+00 0.000000000000000000e+00 6.080765874818047090e-01 3.919234125181952910e-01
0.000000000000000000e+00 1.000000000000000000e+00 3.701532041472039847e-01 6.298467958527960153e-01
0.000000000000000000e+00 1.000000000000000000e+00 3.565055306606369490e-01 6.434944693393630510e-01
1.000000000000000000e+00 0.000000000000000000e+00 5.308072912754935313e-01 4.691927087245064687e-01
0.000000000000000000e+00 1.000000000000000000e+00 3.313531541284863158e-01 6.686468458715136842e-01
1.000000000000000000e+00 0.000000000000000000e+00 6.239444270331055975e-01 3.760555729668943470e-01
1.000000000000000000e+00 1.000000000000000000e+00 3.583602286504884438e-01 6.416397713495115562e-01
1.000000000000000000e+00 0.000000000000000000e+00 5.716992829643248175e-01 4.283007170356751270e-01
0.000000000000000000e+00 1.000000000000000000e+00 4.762168592623019503e-01 5.237831407376980497e-01
1.000000000000000000e+00 1.000000000000000000e+00 4.274562658877689714e-01 5.725437341122310286e-01
0.000000000000000000e+00 0.000000000000000000e+00 5.221629171895616484e-01 4.778370828104382961e-01
1.000000000000000000e+00 0.000000000000000000e+00 5.206132589689131951e-01 4.793867410310868604e-01
0.000000000000000000e+00 0.000000000000000000e+00 6.165683433862140239e-01 3.834316566137859761e-01
0.000000000000000000e+00 0.000000000000000000e+00 5.833516548026853599e-01 4.166483451973146956e-01
0.000000000000000000e+00 1.000000000000000000e+00 3.019649968105880822e-01 6.980350031894119178e-01
1.000000000000000000e+00 0.000000000000000000e+00 5.732713403485728554e-01 4.267286596514271446e-01
1.000000000000000000e+00 0.000000000000000000e+00 5.314689147268802927e-01 4.685310852731197073e-01
1.000000000000000000e+00 0.000000000000000000e+00 5.774102191637019432e-01 4.225897808362980568e-01
0.000000000000000000e+00 0.000000000000000000e+00 5.614227095894006592e-01 4.385772904105993408e-01
1.000000000000000000e+00 1.000000000000000000e+00 3.830014321818091538e-01 6.169985678181908462e-01
1.000000000000000000e+00 1.000000000000000000e+00 4.283981687480841183e-01 5.716018312519158817e-01
1.000000000000000000e+00 0.000000000000000000e+00 5.862586990264336828e-01 4.137413009735663172e-01
1.000000000000000000e+00 0.000000000000000000e+00 5.172082354821703198e-01 4.827917645178296802e-01
0.000000000000000000e+00 0.000000000000000000e+00 5.361509870842111614e-01 4.638490129157888942e-01
1.000000000000000000e+00 0.000000000000000000e+00 5.409970586893598776e-01 4.590029413106401224e-01
1.000000000000000000e+00 0.000000000000000000e+00 5.236170450943485877e-01 4.763829549056514123e-01
1.000000000000000000e+00 1.000000000000000000e+00 4.032926002644804386e-01 5.967073997355195614e-01
1.000000000000000000e+00 0.000000000000000000e+00 6.140290401685380983e-01 3.859709598314619017e-01
1.000000000000000000e+00 1.000000000000000000e+00 4.577322577918311319e-01 5.422677422081688681e-01
1.000000000000000000e+00 1.000000000000000000e+00 4.959437727714933741e-01 5.040562272285066259e-01
1.000000000000000000e+00 1.000000000000000000e+00 3.895786361059407898e-01 6.104213638940592102e-01
1.000000000000000000e+00 0.000000000000000000e+00 6.243072721571401029e-01 3.756927278428598971e-01
1.000000000000000000e+00 1.000000000000000000e+00 4.530632972836026173e-01 5.469367027163973827e-01
1.000000000000000000e+00 0.000000000000000000e+00 5.016955091817221213e-01 4.983044908182778232e-01
0.000000000000000000e+00 0.000000000000000000e+00 5.984495235558646709e-01 4.015504764441352736e-01
0.000000000000000000e+00 1.000000000000000000e+00 3.483999630295413485e-01 6.516000369704586515e-01
1.000000000000000000e+00 0.000000000000000000e+00 5.414031432143482370e-01 4.585968567856517630e-01
1.000000000000000000e+00 0.000000000000000000e+00 5.326383500606874932e-01 4.673616499393125623e-01
1.000000000000000000e+00 1.000000000000000000e+00 4.198549664647969193e-01 5.801450335352030807e-01
1.000000000000000000e+00 0.000000000000000000e+00 5.825189077467365362e-01 4.174810922532635193e-01
0.000000000000000000e+00 1.000000000000000000e+00 4.403131929772200470e-01 5.596868070227799530e-01
0.000000000000000000e+00 0.000000000000000000e+00 6.068125871136936800e-01 3.931874128863063200e-01
1.000000000000000000e+00 0.000000000000000000e+00 5.070715532998554265e-01 4.929284467001445735e-01
1.000000000000000000e+00 0.000000000000000000e+00 5.016923752396155178e-01 4.983076247603844822e-01
0.000000000000000000e+00 1.000000000000000000e+00 4.697148275441455079e-01 5.302851724558544921e-01
1.000000000000000000e+00 1.000000000000000000e+00 4.367135058623236032e-01 5.632864941376763968e-01
0.000000000000000000e+00 0.000000000000000000e+00 5.942994092935052208e-01 4.057005907064947237e-01
0.000000000000000000e+00 0.000000000000000000e+00 6.039995456986233524e-01 3.960004543013766476e-01
0.000000000000000000e+00 1.000000000000000000e+00 4.270244377242262690e-01 5.729755622757737310e-01
1.000000000000000000e+00 1.000000000000000000e+00 3.375039833405094614e-01 6.624960166594905386e-01
1.000000000000000000e+00 1.000000000000000000e+00 4.521101938739313653e-01 5.478898061260686347e-01
0.000000000000000000e+00 1.000000000000000000e+00 3.748309650102144008e-01 6.251690349897855992e-01
0.000000000000000000e+00 1.000000000000000000e+00 4.028091354261518209e-01 5.971908645738481791e-01
0.000000000000000000e+00 0.000000000000000000e+00 6.143013095089677744e-01 3.856986904910322256e-01
0.000000000000000000e+00 0.000000000000000000e+00 6.400595835066127393e-01 3.599404164933873163e-01
0.000000000000000000e+00 0.000000000000000000e+00 6.168539791849699805e-01 3.831460208150300195e-01
1.000000000000000000e+00 0.000000000000000000e+00 6.432818540803856289e-01 3.567181459196143711e-01
1.000000000000000000e+00 1.000000000000000000e+00 2.627257779618377143e-01 7.372742220381622857e-01
1.000000000000000000e+00 1.000000000000000000e+00 4.451007748784424622e-01 5.548992251215575378e-01
1.000000000000000000e+00 0.000000000000000000e+00 6.664556750250463235e-01 3.335443249749536210e-01
1.000000000000000000e+00 0.000000000000000000e+00 5.753095875211424737e-01 4.246904124788575818e-01
0.000000000000000000e+00 1.000000000000000000e+00 4.870945638856328808e-01 5.129054361143671192e-01
1.000000000000000000e+00 1.000000000000000000e+00 4.488473206956183903e-01 5.511526793043816097e-01
1.000000000000000000e+00 0.000000000000000000e+00 5.263881426965546506e-01 4.736118573034452939e-01
1.000000000000000000e+00 1.000000000000000000e+00 3.778116883541514648e-01 6.221883116458485352e-01
1.000000000000000000e+00 1.000000000000000000e+00 4.205513774062173971e-01 5.794486225937826029e-01
0.000000000000000000e+00 1.000000000000000000e+00 3.307391088495260645e-01 6.692608911504739355e-01
1.000000000000000000e+00 0.000000000000000000e+00 5.677263600302673296e-01 4.322736399697327259e-01
1.000000000000000000e+00 0.000000000000000000e+00 5.236026465836702837e-01 4.763973534163296608e-01
0.000000000000000000e+00 0.000000000000000000e+00 5.726707998491726848e-01 4.273292001508272597e-01
1.000000000000000000e+00 1.000000000000000000e+00 4.358830690407516917e-01 5.641169309592483083e-01
1.000000000000000000e+00 0.000000000000000000e+00 6.256566730307773216e-01 3.743433269692226784e-01
1.000000000000000000e+00 0.000000000000000000e+00 6.831466447713737677e-01 3.168533552286262323e-01
1.000000000000000000e+00 0.000000000000000000e+00 5.752268605331141149e-01 4.247731394668858851e-01
1.000000000000000000e+00 1.000000000000000000e+00 3.105282747083134565e-01 6.894717252916865435e-01
0.000000000000000000e+00 1.000000000000000000e+00 4.396034692569122937e-01 5.603965307430877063e-01
1.000000000000000000e+00 0.000000000000000000e+00 6.189168298512743860e-01 3.810831701487255585e-01
0.000000000000000000e+00 0.000000000000000000e+00 7.545198053790718173e-01 2.454801946209282382e-01
1.000000000000000000e+00 0.000000000000000000e+00 5.646878828802950334e-01 4.353121171197049111e-01
1.000000000000000000e+00 1.000000000000000000e+00 3.369980877311821166e-01 6.630019122688178834e-01
1.000000000000000000e+00 1.000000000000000000e+00 3.405247097171445469e-01 6.594752902828554531e-01
0.000000000000000000e+00 1.000000000000000000e+00 4.702357300349871982e-01 5.297642699650128018e-01
1.000000000000000000e+00 1.000000000000000000e+00 4.235654954669066941e-01 5.764345045330933059e-01
1.000000000000000000e+00 0.000000000000000000e+00 7.939222371786772703e-01 2.060777628213227297e-01
1.000000000000000000e+00 0.000000000000000000e+00 7.143063528518798222e-01 2.856936471481201223e-01
0.000000000000000000e+00 0.000000000000000000e+00 5.328082621208265479e-01 4.671917378791734521e-01
0.000000000000000000e+00 0.000000000000000000e+00 6.388057529162127768e-01 3.611942470837872787e-01
1.000000000000000000e+00 0.000000000000000000e+00 7.024111962872998660e-01 2.975888037127001895e-01
1.000000000000000000e+00 0.000000000000000000e+00 5.356893993609431748e-01 4.643106006390568252e-01
0.000000000000000000e+00 1.000000000000000000e+00 4.517236538511487653e-01 5.482763461488512347e-01
1.000000000000000000e+00 0.000000000000000000e+00 5.583929547165786822e-01 4.416070452834213733e-01
1.000000000000000000e+00 0.000000000000000000e+00 6.820297231064518240e-01 3.179702768935481205e-01
0.000000000000000000e+00 1.000000000000000000e+00 4.612425683607410676e-01 5.387574316392589324e-01
1.000000000000000000e+00 0.000000000000000000e+00 5.884115256413759987e-01 4.115884743586240013e-01
1.000000000000000000e+00 1.000000000000000000e+00 4.927648730615838968e-01 5.072351269384161032e-01
0.000000000000000000e+00 0.000000000000000000e+00 5.296299886473533336e-01 4.703700113526466664e-01
1.000000000000000000e+00 0.000000000000000000e+00 6.356224338575737765e-01 3.643775661424262235e-01
0.000000000000000000e+00 0.000000000000000000e+00 5.488045456880759065e-01 4.511954543119240935e-01
1.000000000000000000e+00 0.000000000000000000e+00 6.247803448710540497e-01 3.752196551289459503e-01
1.000000000000000000e+00 1.000000000000000000e+00 3.732753731465775493e-01 6.267246268534224507e-01
1.000000000000000000e+00 0.000000000000000000e+00 6.428267531139468804e-01 3.571732468860530640e-01
1.000000000000000000e+00 1.000000000000000000e+00 4.850473087424906904e-01 5.149526912575093096e-01
1.000000000000000000e+00 1.000000000000000000e+00 4.683968193479318698e-01 5.316031806520681302e-01
1.000000000000000000e+00 1.000000000000000000e+00 3.355243913332784933e-01 6.644756086667215067e-01
1.000000000000000000e+00 1.000000000000000000e+00 4.442717490095325905e-01 5.557282509904674095e-01
1.000000000000000000e+00 1.000000000000000000e+00 2.468353548956536692e-01 7.531646451043463308e-01
1.000000000000000000e+00 0.000000000000000000e+00 5.640734357384578068e-01 4.359265642615421932e-01
1.000000000000000000e+00 1.000000000000000000e+00 4.103335971561963280e-01 5.896664028438036720e-01
1.000000000000000000e+00 1.000000000000000000e+00 4.459174687303290030e-01 5.540825312696709970e-01
1.000000000000000000e+00 1.000000000000000000e+00 4.620256316241633243e-01 5.379743683758366757e-01
1.000000000000000000e+00 1.000000000000000000e+00 3.326488936895928283e-01 6.673511063104071717e-01
1.000000000000000000e+00 0.000000000000000000e+00 5.207376321912163819e-01 4.792623678087836181e-01
1.000000000000000000e+00 1.000000000000000000e+00 4.918162552073598315e-01 5.081837447926401685e-01
0.000000000000000000e+00 1.000000000000000000e+00 4.956007329336403755e-01 5.043992670663596245e-01
1.000000000000000000e+00 0.000000000000000000e+00 6.570149533735959446e-01 3.429850466264040554e-01
1.000000000000000000e+00 0.000000000000000000e+00 6.050066586599374130e-01 3.949933413400625870e-01
1.000000000000000000e+00 1.000000000000000000e+00 3.667726808482957290e-01 6.332273191517042710e-01
1.000000000000000000e+00 1.000000000000000000e+00 3.035440599751357826e-01 6.964559400248642174e-01
1.000000000000000000e+00 1.000000000000000000e+00 4.874143284805666498e-01 5.125856715194333502e-01
1.000000000000000000e+00 0.000000000000000000e+00 7.372116924478196998e-01 2.627883075521803002e-01
0.000000000000000000e+00 0.000000000000000000e+00 5.534198084585768562e-01 4.465801915414231438e-01
1.000000000000000000e+00 0.000000000000000000e+00 5.670707972728138424e-01 4.329292027271861576e-01
1.000000000000000000e+00 1.000000000000000000e+00 4.593874088289627844e-01 5.406125911710372156e-01
0.000000000000000000e+00 1.000000000000000000e+00 4.586002561147510814e-01 5.413997438852489186e-01
0.000000000000000000e+00 0.000000000000000000e+00 7.038036834365206662e-01 2.961963165634792783e-01
0.000000000000000000e+00 0.000000000000000000e+00 5.008569213857296809e-01 4.991430786142703191e-01
1.000000000000000000e+00 1.000000000000000000e+00 3.185395693795780581e-01 6.814604306204219419e-01
1.000000000000000000e+00 1.000000000000000000e+00 4.960465924078791833e-01 5.039534075921208167e-01
1.000000000000000000e+00 1.000000000000000000e+00 4.938213378014186805e-01 5.061786621985813195e-01
0.000000000000000000e+00 1.000000000000000000e+00 2.111501916269089563e-01 7.888498083730910437e-01
0.000000000000000000e+00 0.000000000000000000e+00 6.250798762013415333e-01 3.749201237986584667e-01
0.000000000000000000e+00 1.000000000000000000e+00 3.280295317134196420e-01 6.719704682865803580e-01
0.000000000000000000e+00 1.000000000000000000e+00 2.574811321448023937e-01 7.425188678551976063e-01
1.000000000000000000e+00 1.000000000000000000e+00 3.882532141543961757e-01 6.117467858456038243e-01
0.000000000000000000e+00 1.000000000000000000e+00 4.292450036742064823e-01 5.707549963257935177e-01
0.000000000000000000e+00 0.000000000000000000e+00 5.944902210221745253e-01 4.055097789778255302e-01
1.000000000000000000e+00 1.000000000000000000e+00 1.654345846773987994e-01 8.345654153226012006e-01
0.000000000000000000e+00 1.000000000000000000e+00 3.839063457147867675e-01 6.160936542852132325e-01
0.000000000000000000e+00 1.000000000000000000e+00 1.064189338785743733e-01 8.935810661214256267e-01
1.000000000000000000e+00 1.000000000000000000e+00 3.814287780542471307e-01 6.185712219457528693e-01
1.000000000000000000e+00 0.000000000000000000e+00 6.517864045082144564e-01 3.482135954917855991e-01
1.000000000000000000e+00 1.000000000000000000e+00 3.783573695913116097e-01 6.216426304086883903e-01
1.000000000000000000e+00 0.000000000000000000e+00 5.470099187169676913e-01 4.529900812830322532e-01
1.000000000000000000e+00 1.000000000000000000e+00 2.798116940903456751e-01 7.201883059096543249e-01
1.000000000000000000e+00 1.000000000000000000e+00 3.393499188371484898e-01 6.606500811628515102e-01
1.000000000000000000e+00 0.000000000000000000e+00 7.356224651445528728e-01 2.643775348554470717e-01
1.000000000000000000e+00 0.000000000000000000e+00 5.022269578875689922e-01 4.977730421124310078e-01
1.000000000000000000e+00 0.000000000000000000e+00 5.127768969466379723e-01 4.872231030533620277e-01
1.000000000000000000e+00 1.000000000000000000e+00 4.468719346287666205e-01 5.531280653712333795e-01
1.000000000000000000e+00 1.000000000000000000e+00 4.147813313778727640e-01 5.852186686221272360e-01
1.000000000000000000e+00 0.000000000000000000e+00 6.408293235217701334e-01 3.591706764782298666e-01
1.000000000000000000e+00 0.000000000000000000e+00 5.569971440994163636e-01 4.430028559005836364e-01
1.000000000000000000e+00 0.000000000000000000e+00 5.433741799926654625e-01 4.566258200073344820e-01
1.000000000000000000e+00 1.000000000000000000e+00 2.395279992704539840e-01 7.604720007295460160e-01
1.000000000000000000e+00 0.000000000000000000e+00 7.898926076027917853e-01 2.101073923972082425e-01
1.000000000000000000e+00 1.000000000000000000e+00 4.393512084086932390e-01 5.606487915913067610e-01
1.000000000000000000e+00 1.000000000000000000e+00 4.725768617975113495e-01 5.274231382024886505e-01
1.000000000000000000e+00 0.000000000000000000e+00 5.424931846323641782e-01 4.575068153676358773e-01
1.000000000000000000e+00 1.000000000000000000e+00 4.553778509908397165e-01 5.446221490091602835e-01
0.000000000000000000e+00 1.000000000000000000e+00 4.525898993125879732e-01 5.474101006874120268e-01
1.000000000000000000e+00 1.000000000000000000e+00 1.661149191363896493e-01 8.338850808636103507e-01
1.000000000000000000e+00 0.000000000000000000e+00 5.567721174688486929e-01 4.432278825311513626e-01
1.000000000000000000e+00 0.000000000000000000e+00 5.486323138064211902e-01 4.513676861935788098e-01
1.000000000000000000e+00 0.000000000000000000e+00 5.875423170044047350e-01 4.124576829955953206e-01
1.000000000000000000e+00 1.000000000000000000e+00 4.575447964755207098e-01 5.424552035244792902e-01
0.000000000000000000e+00 0.000000000000000000e+00 6.893916802499873153e-01 3.106083197500126292e-01
0.000000000000000000e+00 1.000000000000000000e+00 4.250958081484427220e-01 5.749041918515572780e-01
0.000000000000000000e+00 1.000000000000000000e+00 4.497711084535315207e-01 5.502288915464684793e-01
1.000000000000000000e+00 1.000000000000000000e+00 3.401354781935101990e-01 6.598645218064898010e-01
0.000000000000000000e+00 1.000000000000000000e+00 4.460207255202259802e-01 5.539792744797740198e-01
1.000000000000000000e+00 1.000000000000000000e+00 4.474659003541181512e-01 5.525340996458818488e-01
