0.000000000000000000e+00 0.000000000000000000e+00 6.291963862710059363e-01 3.708036137289940082e-01
0.000000000000000000e+00 1.000000000000000000e+00 4.213945454472891594e-01 5.786054545527108406e-01
1.000000000000000000e+00 1.000000000000000000e+00 2.894091155638489621e-01 7.105908844361510379e-01
1.000000000000000000e+00 1.000000000000000000e+00 3.782184266133578054e-01 6.217815733866421946e-01
1.000000000000000000e+00 1.000000000000000000e+00 4.240458337279374712e-01 5.759541662720625288e-01
0.000000000000000000e+00 0.000000000000000000e+00 5.118531938748640542e-01 4.881468061251358903e-01
1.000000000000000000e+00 0.000000000000000000e+00 6.204452740521440024e-01 3.795547259478559421e-01
0.000000000000000000e+00 1.000000000000000000e+00 4.699420687354595172e-01 5.300579312645404828e-01
1.000000000000000000e+00 1.000000000000000000e+00 4.496367330582108357e-01 5.503632669417891643e-01
1.000000000000000000e+00 1.000000000000000000e+00 2.487941106233833022e-01 7.512058893766166978e-01
0.000000000000000000e+00 0.000000000000000000e+00 5.332870762473105319e-01 4.667129237526894125e-01
1.000000000000000000e+00 1.000000000000000000e+00 3.300939626945976757e-01 6.699060373054023243e-01
1.000000000000000000e+00 0.000000000000000000e+00 6.849309362385291866e-01 3.150690637614708689e-01
1.000000000000000000e+00 1.000000000000000000e+00 4.572563759116340387e-01 5.427436240883659613e-01
1.000000000000000000e+00 1.000000000000000000e+00 4.059092094291155695e-01 5.940907905708844305e-01
1.000000000000000000e+00 1.000000000000000000e+00 4.282875095932741072e-01 5.717124904067258928e-01
0.000000000000000000e+00 1.000000000000000000e+00 4.101284617173716063e-01 5.898715382826283937e-01
0.000000000000000000e+00 0.000000000000000000e+00 5.353411881280171203e-01 4.646588118719828797e-01
1.000000000000000000e+00 1.000000000000000000e+00 3.692152492624345417e-01 6.307847507375654583e-01
1.000000000000000000e+00 1.000000000000000000e+00 3.613399027427101062e-01 6.386600972572898938e-01
1.000000000000000000e+00 1.000000000000000000e+00 3.316444047985055432e-01 6.683555952014944568e-01
0.000000000000000000e+00 1.000000000000000000e+00 3.812734463694066323e-01 6.187265536305933677e-01
1.000000000000000000e+00 1.000000000000000000e+00 4.046458941653677810e-01 5.953541058346322190e-01
1.000000000000000000e+00 0.000000000000000000e+00 5.186335354691813393e-01 4.813664645308186052e-01
1.000000000000000000e+00 0.000000000000000000e+00 5.183515799777165256e-01 4.816484200222834744e-01
1.000000000000000000e+00 0.000000000000000000e+00 6.506076290262219342e-01 3.493923709737780103e-01
1.000000000000000000e+00 0.000000000000000000e+00 5.631431154932041716e-01 4.368568845067958284e-01
0.000000000000000000e+00 1.000000000000000000e+00 3.619704256571887324e-01 6.380295743428112676e-01
1.000000000000000000e+00 1.000000000000000000e+00 4.796004136038319876e-01 5.203995863961680124e-01
1.000000000000000000e+00 1.000000000000000000e+00 4.358066953897008489e-01 5.641933046102991511e-01
1.000000000000000000e+00 1.000000000000000000e+00 4.031657686219721759e-01 5.968342313780278241e-01
1.000000000000000000e+00 0.000000000000000000e+00 6.031455991591703203e-01 3.968544008408296797e-01
1.000000000000000000e+00 0.000000000000000000e+00 5.158981203062821264e-01 4.841018796937178736e-01
1.000000000000000000e+00 1.000000000000000000e+00 4.939437771817345446e-01 5.060562228182654554e-01
1.000000000000000000e+00 1.000000000000000000e+00 4.354366209759595874e-01 5.645633790240404126e-01
1.000000000000000000e+00 0.000000000000000000e+00 5.200378019007378949e-01 4.799621980992621051e-01
1.000000000000000000e+00 0.000000000000000000e+00 5.894868145705551843e-01 4.105131854294448712e-01
1.000000000000000000e+00 1.000000000000000000e+00 4.242707474976394888e-01 5.757292525023605112e-01
1.000000000000000000e+00 0.000000000000000000e+00 6.622074183773345446e-01 3.377925816226654554e-01
1.000000000000000000e+00 1.000000000000000000e+00 4.042980487892099406e-01 5.957019512107900594e-01
1.000000000000000000e+00 1.000000000000000000e+00 4.106935560820954567e-01 5.893064439179045433e-01
1.000000000000000000e+00 0.000000000000000000e+00 6.445254291716095985e-01 3.554745708283904571e-01
1.000000000000000000e+00 1.000000000000000000e+00 4.385514892364765771e-01 5.614485107635234229e-01
0.000000000000000000e+00 1.000000000000000000e+00 4.393987571325632668e-01 5.606012428674367332e-01
1.000000000000000000e+00 1.000000000000000000e+00 4.525662005965267465e-01 5.474337994034732535e-01
0.000000000000000000e+00 0.000000000000000000e+00 5.292538505988816366e-01 4.707461494011183634e-01
0.000000000000000000e+00 1.000000000000000000e+00 4.678033358810828046e-01 5.321966641189171954e-01
1.000000000000000000e+00 0.000000000000000000e+00 5.001341657556050979e-01 4.998658342443948466e-01
0.000000000000000000e+00 0.000000000000000000e+00 6.781216794305424678e-01 3.218783205694575322e-01
0.000000000000000000e+00 1.000000000000000000e+00 4.777417562472918711e-01 5.222582437527081289e-01
0.000000000000000000e+00 1.000000000000000000e+00 3.749615260941988604e-01 6.250384739058011396e-01
1.000000000000000000e+00 1.000000000000000000e+00 3.524475271060790726e-01 6.475524728939209274e-01
0.000000000000000000e+00 0.000000000000000000e+00 5.516440762764309724e-01 4.483559237235690276e-01
1.000000000000000000e+00 0.000000000000000000e+00 7.564743703742496939e-01 2.435256296257502784e-01
1.000000000000000000e+00 0.000000000000000000e+00 5.842918817652006380e-01 4.157081182347993620e-01
1.000000000000000000e+00 0.000000000000000000e+00 5.894176785472805546e-01 4.105823214527194454e-01
1.000000000000000000e+00 0.000000000000000000e+00 5.607525353633314724e-01 4.392474646366685276e-01
0.000000000000000000e+00 0.000000000000000000e+00 5.902219039156461067e-01 4.097780960843538933e-01
1.000000000000000000e+00 0.000000000000000000e+00 5.243430032457471190e-01 4.756569967542528810e-01
0.000000000000000000e+00 1.000000000000000000e+00 4.962332652184593407e-01 5.037667347815406593e-01
0.000000000000000000e+00 1.000000000000000000e+00 4.214833266149481394e-01 5.785166733850518606e-01
1.000000000000000000e+00 1.000000000000000000e+00 4.863666292847150796e-01 5.136333707152849204e-01
1.000000000000000000e+00 0.000000000000000000e+00 5.517299904571313363e-01 4.482700095428687193e-01
1.000000000000000000e+00 0.000000000000000000e+00 5.041048608984153301e-01 4.958951391015846144e-01
1.000000000000000000e+00 1.000000000000000000e+00 4.063811649553757954e-01 5.936188350446242046e-01
1.000000000000000000e+00 1.000000000000000000e+00 4.200788242748269008e-01 5.799211757251730992e-01
1.000000000000000000e+00 0.000000000000000000e+00 6.452165713987313422e-01 3.547834286012686578e-01
0.000000000000000000e+00 0.000000000000000000e+00 6.370948613144133965e-01 3.629051386855865480e-01
0.000000000000000000e+00 0.000000000000000000e+00 5.825827044948310718e-01 4.174172955051688727e-01
1.000000000000000000e+00 1.000000000000000000e+00 4.293736786559058105e-01 5.706263213440941895e-01
1.000000000000000000e+00 1.000000000000000000e+00 4.943374140050137422e-01 5.056625859949862578e-01
1.000000000000000000e+00 0.000000000000000000e+00 5.515790158506779228e-01 4.484209841493221327e-01
1.000000000000000000e+00 0.000000000000000000e+00 5.489875687099257107e-01 4.510124312900742338e-01
1.000000000000000000e+00 0.000000000000000000e+00 5.780765565780211501e-01 4.219234434219788499e-01
0.000000000000000000e+00 0.000000000000000000e+00 5.718667085594512089e-01 4.281332914405487911e-01
0.000000000000000000e+00 1.000000000000000000e+00 4.808381861501923593e-01 5.191618138498076407e-01
0.000000000000000000e+00 0.000000000000000000e+00 6.608591899487512578e-01 3.391408100512487978e-01
1.000000000000000000e+00 1.000000000000000000e+00 4.417880151324953264e-01 5.582119848675046736e-01
1.000000000000000000e+00 0.000000000000000000e+00 5.970955788237675144e-01 4.029044211762324856e-01
1.000000000000000000e+00 0.000000000000000000e+00 5.428168806976825245e-01 4.571831193023174755e-01
1.000000000000000000e+00 1.000000000000000000e+00 4.934024872681954665e-01 5.065975127318045335e-01
1.000000000000000000e+00 0.000000000000000000e+00 5.684954913050501712e-01 4.315045086949498843e-01
0.000000000000000000e+00 0.000000000000000000e+00 5.702306480838528202e-01 4.297693519161472353e-01
1.000000000000000000e+00 0.000000000000000000e+00 5.345022161632850821e-01 4.654977838367149179e-01
0.000000000000000000e+00 0.000000000000000000e+00 5.208179389751546040e-01 4.791820610248453405e-01
1.000000000000000000e+00 1.000000000000000000e+00 3.753767865226295131e-01 6.246232134773704869e-01
1.000000000000000000e+00 1.000000000000000000e+00 4.600033159316783138e-01 5.399966840683216862e-01
1.000000000000000000e+00 0.000000000000000000e+00 5.307946913272316714e-01 4.692053086727683842e-01
1.000000000000000000e+00 0.000000000000000000e+00 7.096239098952545898e-01 2.903760901047454657e-01
1.000000000000000000e+00 0.000000000000000000e+00 5.933979163488755093e-01 4.066020836511244907e-01
0.000000000000000000e+00 0.000000000000000000e+00 5.257044964919705965e-01 4.742955035080294035e-01
1.000000000000000000e+00 1.000000000000000000e+00 4.239473902832512353e-01 5.760526097167487647e-01
0.000000000000000000e+00 1.000000000000000000e+00 4.516597552195532606e-01 5.483402447804467394e-01
1.000000000000000000e+00 1.000000000000000000e+00 3.315679692444287729e-01 6.684320307555712271e-01
1.000000000000000000e+00 0.000000000000000000e+00 5.305390610842035670e-01 4.694609389157963775e-01
1.000000000000000000e+00 0.000000000000000000e+00 5.426875786100630039e-01 4.573124213899369961e-01
1.000000000000000000e+00 1.000000000000000000e+00 4.697682045826611086e-01 5.302317954173388914e-01
1.000000000000000000e+00 1.000000000000000000e+00 4.081741907130985725e-01 5.918258092869014275e-01
1.000000000000000000e+00 0.000000000000000000e+00 6.084272715936775988e-01 3.915727284063224567e-01
1.000000000000000000e+00 1.000000000000000000e+00 3.772042917177417243e-01 6.227957082822582757e-01
1.000000000000000000e+00 1.000000000000000000e+00 4.852495570891336429e-01 5.147504429108663571e-01
1.000000000000000000e+00 1.000000000000000000e+00 4.317781225335735051e-01 5.682218774664264949e-01
1.000000000000000000e+00 1.000000000000000000e+00 3.243040473677228919e-01 6.756959526322771081e-01
0.000000000000000000e+00 0.000000000000000000e+00 5.924775268811712792e-01 4.075224731188286653e-01
0.000000000000000000e+00 1.000000000000000000e+00 4.089438081512428713e-01 5.910561918487571287e-01
0.000000000000000000e+00 0.000000000000000000e+00 5.927635363508013677e-01 4.072364636491986323e-01
1.000000000000000000e+00 1.000000000000000000e+00 4.494388692556519072e-01 5.505611307443480928e-01
1.000000000000000000e+00 0.000000000000000000e+00 5.125536811717802399e-01 4.874463188282197601e-01
1.000000000000000000e+00 1.000000000000000000e+00 4.959405964770871034e-01 5.040594035229128966e-01
1.000000000000000000e+00 1.000000000000000000e+00 4.679659291492205275e-01 5.320340708507794725e-01
0.000000000000000000e+00 1.000000000000000000e+00 4.069887939397869303e-01 5.930112060602130697e-01
0.000000000000000000e+00 0.000000000000000000e+00 6.010473305822433554e-01 3.989526694177566446e-01
1.000000000000000000e+00 1.000000000000000000e+00 3.941718473304161030e-01 6.058281526695838970e-01
0.000000000000000000e+00 0.000000000000000000e+00 5.022354938533688529e-01 4.977645061466311471e-01
1.000000000000000000e+00 1.000000000000000000e+00 4.973354572975737797e-01 5.026645427024262203e-01
1.000000000000000000e+00 0.000000000000000000e+00 6.094325083720943947e-01 3.905674916279056053e-01
0.000000000000000000e+00 0.000000000000000000e+00 5.534523805434561350e-01 4.465476194565438095e-01
1.000000000000000000e+00 1.000000000000000000e+00 3.840376783370834657e-01 6.159623216629165343e-01
1.000000000000000000e+00 0.000000000000000000e+00 6.058460658758417772e-01 3.941539341241582783e-01
0.000000000000000000e+00 0.000000000000000000e+00 6.437016924841856280e-01 3.562983075158143165e-01
0.000000000000000000e+00 1.000000000000000000e+00 4.111241173563492390e-01 5.888758826436507610e-01
0.000000000000000000e+00 1.000000000000000000e+00 4.888874220008858629e-01 5.111125779991141371e-01
1.000000000000000000e+00 0.000000000000000000e+00 5.407495281565437573e-01 4.592504718434561872e-01
1.000000000000000000e+00 1.000000000000000000e+00 4.830323394592820341e-01 5.169676605407179659e-01
1.000000000000000000e+00 0.000000000000000000e+00 6.208056712607659122e-01 3.791943287392340878e-01
1.000000000000000000e+00 1.000000000000000000e+00 4.086647329670899387e-01 5.913352670329100613e-01
0.000000000000000000e+00 1.000000000000000000e+00 3.540117502036221886e-01 6.459882497963778114e-01
1.000000000000000000e+00 1.000000000000000000e+00 4.589035821154565653e-01 5.410964178845434347e-01
0.000000000000000000e+00 1.000000000000000000e+00 3.886035910987813979e-01 6.113964089012186021e-01
0.000000000000000000e+00 0.000000000000000000e+00 6.846510663892212412e-01 3.153489336107787588e-01
1.000000000000000000e+00 0.000000000000000000e+00 5.930979185869388326e-01 4.069020814130611674e-01
0.000000000000000000e+00 1.000000000000000000e+00 3.685695925182458366e-01 6.314304074817541634e-01
0.000000000000000000e+00 1.000000000000000000e+00 4.044993886298541286e-01 5.955006113701458714e-01
0.000000000000000000e+00 1.000000000000000000e+00 4.738877140091177775e-01 5.261122859908822225e-01
1.000000000000000000e+00 1.000000000000000000e+00 4.152300186434155771e-01 5.847699813565844229e-01
0.000000000000000000e+00 0.000000000000000000e+00 5.037788183433475897e-01 4.962211816566524658e-01
1.000000000000000000e+00 0.000000000000000000e+00 5.980578976332988628e-01 4.019421023667011372e-01
1.000000000000000000e+00 0.000000000000000000e+00 5.998283693476047507e-01 4.001716306523953048e-01
0.000000000000000000e+00 1.000000000000000000e+00 4.257064646697638066e-01 5.742935353302361934e-01
1.000000000000000000e+00 0.000000000000000000e+00 5.236965657376022598e-01 4.763034342623977957e-01
0.000000000000000000e+00 0.000000000000000000e+00 5.312390458571243368e-01 4.687609541428756632e-01
1.000000000000000000e+00 0.000000000000000000e+00 6.019097076176318506e-01 3.980902923823680939e-01
1.000000000000000000e+00 1.000000000000000000e+00 4.134943621500656308e-01 5.865056378499343692e-01
1.000000000000000000e+00 1.000000000000000000e+00 4.327283854910987104e-01 5.672716145089012896e-01
1.000000000000000000e+00 1.000000000000000000e+00 4.491520224554447216e-01 5.508479775445552784e-01
1.000000000000000000e+00 1.000000000000000000e+00 3.453160781532008672e-01 6.546839218467991328e-01
1.000000000000000000e+00 0.000000000000000000e+00 5.656296519730095174e-01 4.343703480269904271e-01
0.000000000000000000e+00 0.000000000000000000e+00 6.428623375172544119e-01 3.571376624827455326e-01
1.000000000000000000e+00 0.000000000000000000e+00 5.782925817501582966e-01 4.217074182498416479e-01
1.000000000000000000e+00 0.000000000000000000e+00 5.209006894730443538e-01 4.790993105269556462e-01
1.000000000000000000e+00 0.000000000000000000e+00 6.867753466888970593e-01 3.132246533111029407e-01
1.000000000000000000e+00 1.000000000000000000e+00 3.396848489918198322e-01 6.603151510081801678e-01
1.000000000000000000e+00 0.000000000000000000e+00 5.211027408846420350e-01 4.788972591153580205e-01
1.000000000000000000e+00 0.000000000000000000e+00 5.813875000377687341e-01 4.186124999622312659e-01
1.000000000000000000e+00 1.000000000000000000e+00 3.880158887683878843e-01 6.119841112316121157e-01
1.000000000000000000e+00 1.000000000000000000e+00 4.986815124404061494e-01 5.013184875595938506e-01
1.000000000000000000e+00 0.000000000000000000e+00 5.401357969714333240e-01 4.598642030285666760e-01
1.000000000000000000e+00 1.000000000000000000e+00 4.208506369175226691e-01 5.791493630824773309e-01
1.000000000000000000e+00 1.000000000000000000e+00 4.989575982950140709e-01 5.010424017049859291e-01
1.000000000000000000e+00 0.000000000000000000e+00 7.299865207855280591e-01 2.700134792144719409e-01
0.000000000000000000e+00 1.000000000000000000e+00 4.954678928198256171e-01 5.045321071801743829e-01
1.000000000000000000e+00 1.000000000000000000e+00 4.605058611002997848e-01 5.394941388997002152e-01
0.000000000000000000e+00 0.000000000000000000e+00 5.611379950281480955e-01 4.388620049718519045e-01
1.000000000000000000e+00 1.000000000000000000e+00 4.454040965844957567e-01 5.545959034155042433e-01
1.000000000000000000e+00 0.000000000000000000e+00 5.878486266159863582e-01 4.121513733840135862e-01
1.000000000000000000e+00 0.000000000000000000e+00 7.504700070771034293e-01 2.495299929228965985e-01
1.000000000000000000e+00 0.000000000000000000e+00 5.917591714256932311e-01 4.082408285743067689e-01
1.000000000000000000e+00 1.000000000000000000e+00 4.805215404859737305e-01 5.194784595140262695e-01
0.000000000000000000e+00 1.000000000000000000e+00 4.964594661569294853e-01 5.035405338430705147e-01
0.000000000000000000e+00 1.000000000000000000e+00 4.145389155551224558e-01 5.854610844448775442e-01
1.000000000000000000e+00 0.000000000000000000e+00 6.048610610259000930e-01 3.951389389740999070e-01
0.000000000000000000e+00 1.000000000000000000e+00 4.971264430076266505e-01 5.028735569923733495e-01
0.000000000000000000e+00 1.000000000000000000e+00 4.502031690077183956e-01 5.497968309922816044e-01
0.000000000000000000e+00 0.000000000000000000e+00 5.183533597264073922e-01 4.816466402735925523e-01
0.000000000000000000e+00 0.000000000000000000e+00 5.698356037422220854e-01 4.301643962577779701e-01
1.000000000000000000e+00 1.000000000000000000e+00 4.204941162527949805e-01 5.795058837472050195e-01
0.000000000000000000e+00 1.000000000000000000e+00 4.067476256525408562e-01 5.932523743474591438e-01
1.000000000000000000e+00 0.000000000000000000e+00 5.241027260442818747e-01 4.758972739557180698e-01
1.000000000000000000e+00 0.000000000000000000e+00 5.149022536381460124e-01 4.850977463618539876e-01
1.000000000000000000e+00 1.000000000000000000e+00 4.653623289029080734e-01 5.346376710970919266e-01
1.000000000000000000e+00 0.000000000000000000e+00 6.637219794989261956e-01 3.362780205010737489e-01
1.000000000000000000e+00 0.000000000000000000e+00 5.151270365094493542e-01 4.848729634905506458e-01
0.000000000000000000e+00 1.000000000000000000e+00 4.441850748500256740e-01 5.558149251499743260e-01
1.000000000000000000e+00 1.000000000000000000e+00 4.153940624934481241e-01 5.846059375065518759e-01
1.000000000000000000e+00 0.000000000000000000e+00 5.664317500604965083e-01 4.335682499395034362e-01
1.000000000000000000e+00 0.000000000000000000e+00 5.468891317683390874e-01 4.531108682316609126e-01
0.000000000000000000e+00 0.000000000000000000e+00 6.284429405436076088e-01 3.715570594563923357e-01
1.000000000000000000e+00 0.000000000000000000e+00 5.716609353195531984e-01 4.283390646804467461e-01
1.000000000000000000e+00 1.000000000000000000e+00 4.305986670925532334e-01 5.694013329074467666e-01
1.000000000000000000e+00 0.000000000000000000e+00 5.730048688262865397e-01 4.269951311737134603e-01
1.000000000000000000e+00 0.000000000000000000e+00 6.704569687319033022e-01 3.295430312680966978e-01
0.000000000000000000e+00 1.000000000000000000e+00 4.455661723812204267e-01 5.544338276187795733e-01
1.000000000000000000e+00 1.000000000000000000e+00 3.773376946953429512e-01 6.226623053046570488e-01
0.000000000000000000e+00 1.000000000000000000e+00 4.862565644804331955e-01 5.137434355195668045e-01
1.000000000000000000e+00 0.000000000000000000e+00 7.228519042412721030e-01 2.771480957587278970e-01
0.000000000000000000e+00 0.000000000000000000e+00 5.936869882548320154e-01 4.063130117451679846e-01
1.000000000000000000e+00 1.000000000000000000e+00 3.496175596867832081e-01 6.503824403132167919e-01
1.000000000000000000e+00 0.000000000000000000e+00 5.678058812514408249e-01 4.321941187485592306e-01
1.000000000000000000e+00 1.000000000000000000e+00 4.588468884568389639e-01 5.411531115431610361e-01
0.000000000000000000e+00 0.000000000000000000e+00 5.126474077949518815e-01 4.873525922050481185e-01
1.000000000000000000e+00 1.000000000000000000e+00 4.432320611098090613e-01 5.567679388901909387e-01
1.000000000000000000e+00 1.000000000000000000e+00 4.768234979588239497e-01 5.231765020411760503e-01
0.000000000000000000e+00 0.000000000000000000e+00 5.649189154753511133e-01 4.350810845246488312e-01
0.000000000000000000e+00 0.000000000000000000e+00 5.866035412185186537e-01 4.133964587814812908e-01
1.000000000000000000e+00 1.000000000000000000e+00 3.025105927916228454e-01 6.974894072083771546e-01
1.000000000000000000e+00 0.000000000000000000e+00 6.267199865878628762e-01 3.732800134121371238e-01
1.000000000000000000e+00 0.000000000000000000e+00 5.853417199145242167e-01 4.146582800854757833e-01
1.000000000000000000e+00 1.000000000000000000e+00 4.131091702980133062e-01 5.868908297019866938e-01
0.000000000000000000e+00 1.000000000000000000e+00 3.215886833956329571e-01 6.784113166043670429e-01
1.000000000000000000e+00 0.000000000000000000e+00 5.140564353118552976e-01 4.859435646881447024e-01
0.000000000000000000e+00 0.000000000000000000e+00 5.527148085573942993e-01 4.472851914426057007e-01
1.000000000000000000e+00 0.000000000000000000e+00 6.936018394633121087e-01 3.063981605366879468e-01
1.000000000000000000e+00 1.000000000000000000e+00 3.347183816698910963e-01 6.652816183301089037e-01
0.000000000000000000e+00 1.000000000000000000e+00 3.943549641398130801e-01 6.056450358601869199e-01
1.000000000000000000e+00 1.000000000000000000e+00 4.286644731582395229e-01 5.713355268417604771e-01
1.000000000000000000e+00 0.000000000000000000e+00 5.037307649650319963e-01 4.962692350349680592e-01
0.000000000000000000e+00 1.000000000000000000e+00 4.485162012420444988e-01 5.514837987579555012e-01
1.000000000000000000e+00 1.000000000000000000e+00 4.032030506736292708e-01 5.967969493263707292e-01
1.000000000000000000e+00 1.000000000000000000e+00 3.664486274166671720e-01 6.335513725833328280e-01
0.000000000000000000e+00 0.000000000000000000e+00 5.859207414832857674e-01 4.140792585167142326e-01
0.000000000000000000e+00 1.000000000000000000e+00 3.416919225189654075e-01 6.583080774810345925e-01
1.000000000000000000e+00 0.000000000000000000e+00 6.906010722953475067e-01 3.093989277046524378e-01
0.000000000000000000e+00 0.000000000000000000e+00 6.753485482795313910e-01 3.246514517204686090e-01
1.000000000000000000e+00 1.000000000000000000e+00 4.517609171464269657e-01 5.482390828535730343e-01
0.000000000000000000e+00 1.000000000000000000e+00 4.598029385736305263e-01 5.401970614263694737e-01
0.000000000000000000e+00 0.000000000000000000e+00 5.559440600541397659e-01 4.440559399458602341e-01
1.000000000000000000e+00 0.000000000000000000e+00 5.538424318745115427e-01 4.461575681254884573e-01
0.000000000000000000e+00 0.000000000000000000e+00 6.533101351152332814e-01 3.466898648847667741e-01
1.000000000000000000e+00 0.000000000000000000e+00 7.016126996373838187e-01 2.983873003626161813e-01
1.000000000000000000e+00 1.000000000000000000e+00 3.696226481991102819e-01 6.303773518008897181e-01
0.000000000000000000e+00 1.000000000000000000e+00 3.425407141594564164e-01 6.574592858405435836e-01
1.000000000000000000e+00 0.000000000000000000e+00 5.091442762064926075e-01 4.908557237935073370e-01
1.000000000000000000e+00 1.000000000000000000e+00 4.895257259375520587e-01 5.104742740624479413e-01
0.000000000000000000e+00 1.000000000000000000e+00 4.528616781766384713e-01 5.471383218233615287e-01
1.000000000000000000e+00 1.000000000000000000e+00 2.441247710875384946e-01 7.558752289124615054e-01
1.000000000000000000e+00 0.000000000000000000e+00 6.988073563558427903e-01 3.011926436441572097e-01
0.000000000000000000e+00 1.000000000000000000e+00 4.847989263382005420e-01 5.152010736617994580e-01
1.000000000000000000e+00 1.000000000000000000e+00 4.678574220077128532e-01 5.321425779922871468e-01
1.000000000000000000e+00 0.000000000000000000e+00 7.451593443411006490e-01 2.548406556588993510e-01
0.000000000000000000e+00 1.000000000000000000e+00 4.729506074346421229e-01 5.270493925653578771e-01
0.000000000000000000e+00 1.000000000000000000e+00 3.795264482937205086e-01 6.204735517062794914e-01
1.000000000000000000e+00 0.000000000000000000e+00 6.921966785025528424e-01 3.078033214974472132e-01
1.000000000000000000e+00 1.000000000000000000e+00 4.940019391604778543e-01 5.059980608395221457e-01
0.000000000000000000e+00 0.000000000000000000e+00 5.883305466697729136e-01 4.116694533302270864e-01
0.000000000000000000e+00 0.000000000000000000e+00 6.932756675641740252e-01 3.067243324358260304e-01
1.000000000000000000e+00 1.000000000000000000e+00 4.374185911098474877e-01 5.625814088901525123e-01
1.000000000000000000e+00 0.000000000000000000e+00 6.003881193356319645e-01 3.996118806643680910e-01
0.000000000000000000e+00 1.000000000000000000e+00 3.660140838464082114e-01 6.339859161535917886e-01
0.000000000000000000e+00 1.000000000000000000e+00 3.401162288533193800e-01 6.598837711466806200e-01
0.000000000000000000e+00 0.000000000000000000e+00 7.438142395410960450e-01 2.561857604589039550e-01
1.000000000000000000e+00 0.000000000000000000e+00 5.363854958910849735e-01 4.636145041089150265e-01
1.000000000000000000e+00 1.000000000000000000e+00 4.603820190795563372e-01 5.396179809204436628e-01
1.000000000000000000e+00 1.000000000000000000e+00 4.713192655205482584e-01 5.286807344794517416e-01
1.000000000000000000e+00 1.000000000000000000e+00 3.269878264553328640e-01 6.730121735446671360e-01
0.000000000000000000e+00 0.000000000000000000e+00 5.402610773226390606e-01 4.597389226773609394e-01
0.000000000000000000e+00 1.000000000000000000e+00 4.061999235168795019e-01 5.938000764831204981e-01
0.000000000000000000e+00 1.000000000000000000e+00 4.041470395871094023e-01 5.958529604128905977e-01
1.000000000000000000e+00 0.000000000000000000e+00 5.783945946853554787e-01 4.216054053146445213e-01
1.000000000000000000e+00 1.000000000000000000e+00 4.155343201528827191e-01 5.844656798471172809e-01
1.000000000000000000e+00 0.000000000000000000e+00 6.196421882267904024e-01 3.803578117732095421e-01
1.000000000000000000e+00 0.000000000000000000e+00 5.806683948459370193e-01 4.193316051540629252e-01
1.000000000000000000e+00 1.000000000000000000e+00 4.936054497713873168e-01 5.063945502286126832e-01
1.000000000000000000e+00 0.000000000000000000e+00 6.369713578188065384e-01 3.630286421811935171e-01
1.000000000000000000e+00 1.000000000000000000e+00 4.459358434998422771e-01 5.540641565001577229e-01
1.000000000000000000e+00 1.000000000000000000e+00 4.810883654448131486e-01 5.189116345551868514e-01
1.000000000000000000e+00 0.000000000000000000e+00 5.326627984835000662e-01 4.673372015164999338e-01
0.000000000000000000e+00 1.000000000000000000e+00 2.884397869953493343e-01 7.115602130046506657e-01
1.000000000000000000e+00 0.000000000000000000e+00 5.594499907751724344e-01 4.405500092248275656e-01
0.000000000000000000e+00 0.000000000000000000e+00 7.182856094737604113e-01 2.817143905262395331e-01
0.000000000000000000e+00 0.000000000000000000e+00 5.191194370659026891e-01 4.808805629340972554e-01
0.000000000000000000e+00 1.000000000000000000e+00 3.598980831617446530e-01 6.401019168382553470e-01
1.000000000000000000e+00 1.000000000000000000e+00 4.772556881631213610e-01 5.227443118368786390e-01
1.000000000000000000e+00 1.000000000000000000e+00 3.353906886810219534e-01 6.646093113189780466e-01
0.000000000000000000e+00 1.000000000000000000e+00 4.581849377498330433e-01 5.418150622501669567e-01
0.000000000000000000e+00 1.000000000000000000e+00 3.603734631038013614e-01 6.396265368961986386e-01
1.000000000000000000e+00 0.000000000000000000e+00 5.459174438842400168e-01 4.540825561157599832e-01
1.000000000000000000e+00 1.000000000000000000e+00 4.684787536990973056e-01 5.315212463009026944e-01
1.000000000000000000e+00 1.000000000000000000e+00 3.533061894444448070e-01 6.466938105555551930e-01
1.000000000000000000e+00 0.000000000000000000e+00 5.284648014233227498e-01 4.715351985766772502e-01
1.000000000000000000e+00 1.000000000000000000e+00 3.022146694158064362e-01 6.977853305841935638e-01
0.000000000000000000e+00 1.000000000000000000e+00 2.922726291581267954e-01 7.077273708418732046e-01
0.000000000000000000e+00 1.000000000000000000e+00 1.840515900719766895e-01 8.159484099280233105e-01
1.000000000000000000e+00 1.000000000000000000e+00 4.427637911708098839e-01 5.572362088291901161e-01
0.000000000000000000e+00 1.000000000000000000e+00 4.727885818397929985e-01 5.272114181602070015e-01
1.000000000000000000e+00 0.000000000000000000e+00 6.155834586510489093e-01 3.844165413489510352e-01
1.000000000000000000e+00 1.000000000000000000e+00 4.804959794817112995e-01 5.195040205182887005e-01
1.000000000000000000e+00 1.000000000000000000e+00 3.835187711331957683e-01 6.164812288668042317e-01
0.000000000000000000e+00 1.000000000000000000e+00 3.666453775179254748e-01 6.333546224820745252e-01
1.000000000000000000e+00 1.000000000000000000e+00 3.131790922113734110e-01 6.868209077886265890e-01
1.000000000000000000e+00 0.000000000000000000e+00 6.104742911818179518e-01 3.895257088181821037e-01
1.000000000000000000e+00 0.000000000000000000e+00 5.925051233755661562e-01 4.074948766244338438e-01
1.000000000000000000e+00 0.000000000000000000e+00 5.567682162564117077e-01 4.432317837435882923e-01
1.000000000000000000e+00 0.000000000000000000e+00 6.816200642407780341e-01 3.183799357592219659e-01
1.000000000000000000e+00 1.000000000000000000e+00 4.897030057034960082e-01 5.102969942965039918e-01
0.000000000000000000e+00 1.000000000000000000e+00 4.592602464709812926e-01 5.407397535290187074e-01
1.000000000000000000e+00 0.000000000000000000e+00 5.267977555321884386e-01 4.732022444678115614e-01
1.000000000000000000e+00 1.000000000000000000e+00 4.027613458242749189e-01 5.972386541757250811e-01
1.000000000000000000e+00 1.000000000000000000e+00 4.793255009207300077e-01 5.206744990792699923e-01
0.000000000000000000e+00 1.000000000000000000e+00 3.973097523402570053e-01 6.026902476597429947e-01
1.000000000000000000e+00 1.000000000000000000e+00 3.530254315178316116e-01 6.469745684821683884e-01
