1.000000000000000000e+00 1.000000000000000000e+00 4.799999999999999822e-01 5.200000000000000178e-01
1.000000000000000000e+00 1.000000000000000000e+00 3.099999999999999978e-01 6.899999999999999467e-01
1.000000000000000000e+00 0.000000000000000000e+00 6.500000000000000222e-01 3.499999999999999778e-01
1.000000000000000000e+00 1.000000000000000000e+00 4.400000000000000022e-01 5.600000000000000533e-01
1.000000000000000000e+00 0.000000000000000000e+00 6.199999999999999956e-01 3.800000000000000044e-01
1.000000000000000000e+00 0.000000000000000000e+00 5.600000000000000533e-01 4.400000000000000022e-01
1.000000000000000000e+00 0.000000000000000000e+00 6.500000000000000222e-01 3.499999999999999778e-01
1.000000000000000000e+00 1.000000000000000000e+00 2.500000000000000000e-01 7.500000000000000000e-01
0.000000000000000000e+00 0.000000000000000000e+00 6.500000000000000222e-01 3.499999999999999778e-01
0.000000000000000000e+00 0.000000000000000000e+00 5.799999999999999600e-01 4.199999999999999845e-01
1.000000000000000000e+00 0.000000000000000000e+00 5.600000000000000533e-01 4.400000000000000022e-01
0.000000000000000000e+00 1.000000000000000000e+00 2.999999999999999889e-01 6.999999999999999556e-01
1.000000000000000000e+00 0.000000000000000000e+00 8.000000000000000444e-01 2.000000000000000111e-01
1.000000000000000000e+00 1.000000000000000000e+00 4.099999999999999756e-01 5.899999999999999689e-01
1.000000000000000000e+00 1.000000000000000000e+00 3.800000000000000044e-01 6.199999999999999956e-01
1.000000000000000000e+00 1.000000000000000000e+00 2.300000000000000100e-01 7.700000000000000178e-01
0.000000000000000000e+00 1.000000000000000000e+00 4.699999999999999734e-01 5.300000000000000266e-01
0.000000000000000000e+00 1.000000000000000000e+00 1.900000000000000022e-01 8.100000000000000533e-01
1.000000000000000000e+00 0.000000000000000000e+00 5.699999999999999512e-01 4.299999999999999933e-01
0.000000000000000000e+00 1.000000000000000000e+00 3.499999999999999778e-01 6.500000000000000222e-01
0.000000000000000000e+00 1.000000000000000000e+00 3.699999999999999956e-01 6.300000000000000044e-01
1.000000000000000000e+00 1.000000000000000000e+00 1.400000000000000133e-01 8.599999999999999867e-01
1.000000000000000000e+00 1.000000000000000000e+00 1.400000000000000133e-01 8.599999999999999867e-01
0.000000000000000000e+00 1.000000000000000000e+00 4.600000000000000200e-01 5.400000000000000355e-01
0.000000000000000000e+00 1.000000000000000000e+00 3.400000000000000244e-01 6.600000000000000311e-01
1.000000000000000000e+00 1.000000000000000000e+00 1.100000000000000006e-01 8.900000000000000133e-01
1.000000000000000000e+00 1.000000000000000000e+00 2.800000000000000266e-01 7.199999999999999734e-01
1.000000000000000000e+00 0.000000000000000000e+00 5.300000000000000266e-01 4.699999999999999734e-01
1.000000000000000000e+00 0.000000000000000000e+00 5.799999999999999600e-01 4.199999999999999845e-01
1.000000000000000000e+00 1.000000000000000000e+00 1.199999999999999956e-01 8.800000000000000044e-01
0.000000000000000000e+00 0.000000000000000000e+00 5.899999999999999689e-01 4.099999999999999756e-01
0.000000000000000000e+00 1.000000000000000000e+00 3.900000000000000133e-01 6.099999999999999867e-01
0.000000000000000000e+00 1.000000000000000000e+00 1.400000000000000133e-01 8.599999999999999867e-01
0.000000000000000000e+00 1.000000000000000000e+00 2.500000000000000000e-01 7.500000000000000000e-01
0.000000000000000000e+00 0.000000000000000000e+00 7.800000000000000266e-01 2.200000000000000011e-01
1.000000000000000000e+00 0.000000000000000000e+00 6.099999999999999867e-01 3.900000000000000133e-01
1.000000000000000000e+00 0.000000000000000000e+00 7.700000000000000178e-01 2.300000000000000100e-01
0.000000000000000000e+00 1.000000000000000000e+00 3.599999999999999867e-01 6.400000000000000133e-01
1.000000000000000000e+00 1.000000000000000000e+00 3.699999999999999956e-01 6.300000000000000044e-01
1.000000000000000000e+00 0.000000000000000000e+00 5.000000000000000000e-01 5.000000000000000000e-01
1.000000000000000000e+00 1.000000000000000000e+00 2.500000000000000000e-01 7.500000000000000000e-01
1.000000000000000000e+00 0.000000000000000000e+00 5.500000000000000444e-01 4.500000000000000111e-01
0.000000000000000000e+00 1.000000000000000000e+00 2.500000000000000000e-01 7.500000000000000000e-01
1.000000000000000000e+00 1.000000000000000000e+00 4.699999999999999734e-01 5.300000000000000266e-01
1.000000000000000000e+00 1.000000000000000000e+00 7.000000000000000666e-02 9.300000000000000488e-01
1.000000000000000000e+00 1.000000000000000000e+00 3.900000000000000133e-01 6.099999999999999867e-01
0.000000000000000000e+00 1.000000000000000000e+00 1.199999999999999956e-01 8.800000000000000044e-01
1.000000000000000000e+00 1.000000000000000000e+00 2.600000000000000089e-01 7.399999999999999911e-01
0.000000000000000000e+00 0.000000000000000000e+00 5.699999999999999512e-01 4.299999999999999933e-01
1.000000000000000000e+00 1.000000000000000000e+00 3.800000000000000044e-01 6.199999999999999956e-01
1.000000000000000000e+00 0.000000000000000000e+00 6.600000000000000311e-01 3.400000000000000244e-01
1.000000000000000000e+00 0.000000000000000000e+00 7.800000000000000266e-01 2.200000000000000011e-01
0.000000000000000000e+00 0.000000000000000000e+00 7.199999999999999734e-01 2.800000000000000266e-01
1.000000000000000000e+00 1.000000000000000000e+00 4.699999999999999734e-01 5.300000000000000266e-01
0.000000000000000000e+00 0.000000000000000000e+00 5.600000000000000533e-01 4.400000000000000022e-01
1.000000000000000000e+00 1.000000000000000000e+00 4.500000000000000111e-01 5.500000000000000444e-01
1.000000000000000000e+00 0.000000000000000000e+00 7.099999999999999645e-01 2.899999999999999800e-01
0.000000000000000000e+00 0.000000000000000000e+00 7.099999999999999645e-01 2.899999999999999800e-01
1.000000000000000000e+00 1.000000000000000000e+00 8.999999999999999667e-02 9.100000000000000311e-01
1.000000000000000000e+00 1.000000000000000000e+00 3.400000000000000244e-01 6.600000000000000311e-01
0.000000000000000000e+00 1.000000000000000000e+00 3.900000000000000133e-01 6.099999999999999867e-01
0.000000000000000000e+00 1.000000000000000000e+00 3.699999999999999956e-01 6.300000000000000044e-01
0.000000000000000000e+00 1.000000000000000000e+00 4.500000000000000111e-01 5.500000000000000444e-01
0.000000000000000000e+00 1.000000000000000000e+00 2.000000000000000111e-01 8.000000000000000444e-01
1.000000000000000000e+00 1.000000000000000000e+00 3.499999999999999778e-01 6.500000000000000222e-01
1.000000000000000000e+00 1.000000000000000000e+00 1.300000000000000044e-01 8.699999999999999956e-01
0.000000000000000000e+00 1.000000000000000000e+00 3.699999999999999956e-01 6.300000000000000044e-01
0.000000000000000000e+00 0.000000000000000000e+00 7.800000000000000266e-01 2.200000000000000011e-01
1.000000000000000000e+00 0.000000000000000000e+00 6.600000000000000311e-01 3.400000000000000244e-01
0.000000000000000000e+00 1.000000000000000000e+00 2.700000000000000178e-01 7.299999999999999822e-01
0.000000000000000000e+00 0.000000000000000000e+00 5.699999999999999512e-01 4.299999999999999933e-01
1.000000000000000000e+00 0.000000000000000000e+00 5.699999999999999512e-01 4.299999999999999933e-01
1.000000000000000000e+00 0.000000000000000000e+00 5.899999999999999689e-01 4.099999999999999756e-01
1.000000000000000000e+00 1.000000000000000000e+00 4.500000000000000111e-01 5.500000000000000444e-01
1.000000000000000000e+00 1.000000000000000000e+00 4.099999999999999756e-01 5.899999999999999689e-01
1.000000000000000000e+00 1.000000000000000000e+00 2.600000000000000089e-01 7.399999999999999911e-01
1.000000000000000000e+00 1.000000000000000000e+00 3.699999999999999956e-01 6.300000000000000044e-01
0.000000000000000000e+00 0.000000000000000000e+00 5.000000000000000000e-01 5.000000000000000000e-01
1.000000000000000000e+00 1.000000000000000000e+00 4.500000000000000111e-01 5.500000000000000444e-01
1.000000000000000000e+00 0.000000000000000000e+00 5.400000000000000355e-01 4.600000000000000200e-01
1.000000000000000000e+00 1.000000000000000000e+00 3.400000000000000244e-01 6.600000000000000311e-01
1.000000000000000000e+00 1.000000000000000000e+00 3.599999999999999867e-01 6.400000000000000133e-01
0.000000000000000000e+00 1.000000000000000000e+00 2.800000000000000266e-01 7.199999999999999734e-01
1.000000000000000000e+00 1.000000000000000000e+00 3.099999999999999978e-01 6.899999999999999467e-01
1.000000000000000000e+00 1.000000000000000000e+00 3.699999999999999956e-01 6.300000000000000044e-01
1.000000000000000000e+00 1.000000000000000000e+00 2.600000000000000089e-01 7.399999999999999911e-01
0.000000000000000000e+00 0.000000000000000000e+00 6.199999999999999956e-01 3.800000000000000044e-01
1.000000000000000000e+00 0.000000000000000000e+00 5.799999999999999600e-01 4.199999999999999845e-01
0.000000000000000000e+00 1.000000000000000000e+00 4.299999999999999933e-01 5.699999999999999512e-01
1.000000000000000000e+00 0.000000000000000000e+00 6.800000000000000488e-01 3.200000000000000067e-01
0.000000000000000000e+00 1.000000000000000000e+00 4.899999999999999911e-01 5.100000000000000089e-01
1.000000000000000000e+00 0.000000000000000000e+00 5.000000000000000000e-01 5.000000000000000000e-01
1.000000000000000000e+00 0.000000000000000000e+00 6.999999999999999556e-01 2.999999999999999889e-01
1.000000000000000000e+00 1.000000000000000000e+00 2.700000000000000178e-01 7.299999999999999822e-01
0.000000000000000000e+00 1.000000000000000000e+00 3.099999999999999978e-01 6.899999999999999467e-01
1.000000000000000000e+00 1.000000000000000000e+00 3.400000000000000244e-01 6.600000000000000311e-01
0.000000000000000000e+00 1.000000000000000000e+00 1.799999999999999933e-01 8.199999999999999512e-01
1.000000000000000000e+00 1.000000000000000000e+00 4.600000000000000200e-01 5.400000000000000355e-01
1.000000000000000000e+00 1.000000000000000000e+00 4.099999999999999756e-01 5.899999999999999689e-01
1.000000000000000000e+00 0.000000000000000000e+00 7.099999999999999645e-01 2.899999999999999800e-01
0.000000000000000000e+00 1.000000000000000000e+00 3.285714285714285698e-01 6.714285714285713746e-01
1.000000000000000000e+00 1.000000000000000000e+00 2.857142857142856984e-01 7.142857142857143016e-01
1.000000000000000000e+00 1.000000000000000000e+00 2.285714285714285643e-01 7.714285714285714635e-01
1.000000000000000000e+00 0.000000000000000000e+00 7.285714285714285365e-01 2.714285714285714080e-01
1.000000000000000000e+00 1.000000000000000000e+00 3.857142857142857317e-01 6.142857142857143238e-01
1.000000000000000000e+00 0.000000000000000000e+00 7.428571428571428825e-01 2.571428571428571175e-01
1.000000000000000000e+00 0.000000000000000000e+00 5.714285714285713969e-01 4.285714285714285476e-01
1.000000000000000000e+00 1.000000000000000000e+00 2.714285714285714080e-01 7.285714285714285365e-01
0.000000000000000000e+00 1.000000000000000000e+00 4.285714285714285476e-01 5.714285714285713969e-01
1.000000000000000000e+00 1.000000000000000000e+00 4.142857142857143127e-01 5.857142857142857428e-01
0.000000000000000000e+00 0.000000000000000000e+00 6.142857142857143238e-01 3.857142857142857317e-01
1.000000000000000000e+00 1.000000000000000000e+00 1.142857142857142821e-01 8.857142857142856762e-01
1.000000000000000000e+00 0.000000000000000000e+00 5.000000000000000000e-01 5.000000000000000000e-01
1.000000000000000000e+00 1.000000000000000000e+00 4.142857142857143127e-01 5.857142857142857428e-01
1.000000000000000000e+00 1.000000000000000000e+00 2.857142857142856984e-01 7.142857142857143016e-01
1.000000000000000000e+00 1.000000000000000000e+00 3.857142857142857317e-01 6.142857142857143238e-01
1.000000000000000000e+00 1.000000000000000000e+00 2.857142857142856984e-01 7.142857142857143016e-01
1.000000000000000000e+00 1.000000000000000000e+00 3.142857142857142794e-01 6.857142857142857206e-01
1.000000000000000000e+00 0.000000000000000000e+00 5.571428571428571619e-01 4.428571428571428381e-01
0.000000000000000000e+00 1.000000000000000000e+00 2.999999999999999889e-01 6.999999999999999556e-01
1.000000000000000000e+00 1.000000000000000000e+00 2.000000000000000111e-01 8.000000000000000444e-01
1.000000000000000000e+00 0.000000000000000000e+00 5.857142857142857428e-01 4.142857142857143127e-01
1.000000000000000000e+00 1.000000000000000000e+00 3.285714285714285698e-01 6.714285714285713746e-01
1.000000000000000000e+00 1.000000000000000000e+00 3.714285714285714413e-01 6.285714285714285587e-01
1.000000000000000000e+00 1.000000000000000000e+00 3.285714285714285698e-01 6.714285714285713746e-01
1.000000000000000000e+00 1.000000000000000000e+00 3.285714285714285698e-01 6.714285714285713746e-01
0.000000000000000000e+00 1.000000000000000000e+00 2.714285714285714080e-01 7.285714285714285365e-01
1.000000000000000000e+00 1.000000000000000000e+00 1.571428571428571397e-01 8.428571428571428603e-01
1.000000000000000000e+00 1.000000000000000000e+00 3.571428571428571508e-01 6.428571428571429047e-01
1.000000000000000000e+00 1.000000000000000000e+00 3.714285714285714413e-01 6.285714285714285587e-01
1.000000000000000000e+00 1.000000000000000000e+00 1.857142857142857206e-01 8.142857142857142794e-01
1.000000000000000000e+00 0.000000000000000000e+00 6.428571428571429047e-01 3.571428571428571508e-01
0.000000000000000000e+00 1.000000000000000000e+00 3.142857142857142794e-01 6.857142857142857206e-01
0.000000000000000000e+00 1.000000000000000000e+00 4.142857142857143127e-01 5.857142857142857428e-01
1.000000000000000000e+00 1.000000000000000000e+00 2.714285714285714080e-01 7.285714285714285365e-01
1.000000000000000000e+00 1.000000000000000000e+00 4.000000000000000222e-01 5.999999999999999778e-01
0.000000000000000000e+00 1.000000000000000000e+00 4.571428571428571286e-01 5.428571428571428159e-01
1.000000000000000000e+00 1.000000000000000000e+00 3.714285714285714413e-01 6.285714285714285587e-01
1.000000000000000000e+00 0.000000000000000000e+00 5.428571428571428159e-01 4.571428571428571286e-01
1.000000000000000000e+00 1.000000000000000000e+00 2.999999999999999889e-01 6.999999999999999556e-01
1.000000000000000000e+00 0.000000000000000000e+00 6.857142857142857206e-01 3.142857142857142794e-01
1.000000000000000000e+00 0.000000000000000000e+00 5.000000000000000000e-01 5.000000000000000000e-01
1.000000000000000000e+00 0.000000000000000000e+00 5.571428571428571619e-01 4.428571428571428381e-01
1.000000000000000000e+00 1.000000000000000000e+00 2.714285714285714080e-01 7.285714285714285365e-01
1.000000000000000000e+00 1.000000000000000000e+00 4.571428571428571286e-01 5.428571428571428159e-01
1.000000000000000000e+00 1.000000000000000000e+00 8.571428571428571508e-02 9.142857142857142572e-01
0.000000000000000000e+00 0.000000000000000000e+00 5.285714285714285809e-01 4.714285714285714191e-01
1.000000000000000000e+00 1.000000000000000000e+00 2.000000000000000111e-01 8.000000000000000444e-01
1.000000000000000000e+00 1.000000000000000000e+00 4.714285714285714191e-01 5.285714285714285809e-01
1.000000000000000000e+00 0.000000000000000000e+00 6.714285714285713746e-01 3.285714285714285698e-01
1.000000000000000000e+00 1.000000000000000000e+00 4.142857142857143127e-01 5.857142857142857428e-01
1.000000000000000000e+00 1.000000000000000000e+00 4.285714285714285476e-01 5.714285714285713969e-01
0.000000000000000000e+00 1.000000000000000000e+00 3.714285714285714413e-01 6.285714285714285587e-01
0.000000000000000000e+00 0.000000000000000000e+00 5.714285714285713969e-01 4.285714285714285476e-01
1.000000000000000000e+00 1.000000000000000000e+00 4.142857142857143127e-01 5.857142857142857428e-01
1.000000000000000000e+00 1.000000000000000000e+00 3.857142857142857317e-01 6.142857142857143238e-01
0.000000000000000000e+00 1.000000000000000000e+00 2.857142857142856984e-01 7.142857142857143016e-01
1.000000000000000000e+00 0.000000000000000000e+00 5.142857142857142350e-01 4.857142857142857095e-01
0.000000000000000000e+00 1.000000000000000000e+00 2.714285714285714080e-01 7.285714285714285365e-01
1.000000000000000000e+00 1.000000000000000000e+00 4.142857142857143127e-01 5.857142857142857428e-01
1.000000000000000000e+00 1.000000000000000000e+00 3.857142857142857317e-01 6.142857142857143238e-01
0.000000000000000000e+00 1.000000000000000000e+00 2.285714285714285643e-01 7.714285714285714635e-01
1.000000000000000000e+00 1.000000000000000000e+00 3.714285714285714413e-01 6.285714285714285587e-01
1.000000000000000000e+00 1.000000000000000000e+00 4.571428571428571286e-01 5.428571428571428159e-01
1.000000000000000000e+00 1.000000000000000000e+00 3.142857142857142794e-01 6.857142857142857206e-01
1.000000000000000000e+00 0.000000000000000000e+00 5.142857142857142350e-01 4.857142857142857095e-01
0.000000000000000000e+00 1.000000000000000000e+00 1.571428571428571397e-01 8.428571428571428603e-01
1.000000000000000000e+00 1.000000000000000000e+00 4.000000000000000222e-01 5.999999999999999778e-01
0.000000000000000000e+00 1.000000000000000000e+00 4.857142857142857095e-01 5.142857142857142350e-01
0.000000000000000000e+00 0.000000000000000000e+00 5.857142857142857428e-01 4.142857142857143127e-01
1.000000000000000000e+00 0.000000000000000000e+00 6.714285714285713746e-01 3.285714285714285698e-01
1.000000000000000000e+00 1.000000000000000000e+00 4.714285714285714191e-01 5.285714285714285809e-01
1.000000000000000000e+00 1.000000000000000000e+00 3.428571428571428603e-01 6.571428571428571397e-01
1.000000000000000000e+00 1.000000000000000000e+00 3.428571428571428603e-01 6.571428571428571397e-01
0.000000000000000000e+00 0.000000000000000000e+00 7.142857142857143016e-01 2.857142857142856984e-01
1.000000000000000000e+00 1.000000000000000000e+00 3.571428571428571508e-01 6.428571428571429047e-01
1.000000000000000000e+00 0.000000000000000000e+00 7.285714285714285365e-01 2.714285714285714080e-01
1.000000000000000000e+00 1.000000000000000000e+00 1.857142857142857206e-01 8.142857142857142794e-01
0.000000000000000000e+00 1.000000000000000000e+00 3.285714285714285698e-01 6.714285714285713746e-01
0.000000000000000000e+00 1.000000000000000000e+00 5.714285714285714107e-02 9.428571428571428381e-01
0.000000000000000000e+00 1.000000000000000000e+00 4.571428571428571286e-01 5.428571428571428159e-01
0.000000000000000000e+00 1.000000000000000000e+00 3.142857142857142794e-01 6.857142857142857206e-01
0.000000000000000000e+00 1.000000000000000000e+00 2.571428571428571175e-01 7.428571428571428825e-01
0.000000000000000000e+00 0.000000000000000000e+00 5.142857142857142350e-01 4.857142857142857095e-01
1.000000000000000000e+00 1.000000000000000000e+00 3.571428571428571508e-01 6.428571428571429047e-01
0.000000000000000000e+00 1.000000000000000000e+00 3.142857142857142794e-01 6.857142857142857206e-01
1.000000000000000000e+00 0.000000000000000000e+00 5.714285714285713969e-01 4.285714285714285476e-01
1.000000000000000000e+00 1.000000000000000000e+00 4.000000000000000222e-01 5.999999999999999778e-01
0.000000000000000000e+00 1.000000000000000000e+00 3.714285714285714413e-01 6.285714285714285587e-01
0.000000000000000000e+00 1.000000000000000000e+00 1.857142857142857206e-01 8.142857142857142794e-01
1.000000000000000000e+00 0.000000000000000000e+00 7.857142857142856984e-01 2.142857142857142738e-01
0.000000000000000000e+00 1.000000000000000000e+00 1.428571428571428492e-01 8.571428571428570953e-01
0.000000000000000000e+00 1.000000000000000000e+00 3.428571428571428603e-01 6.571428571428571397e-01
1.000000000000000000e+00 0.000000000000000000e+00 7.857142857142856984e-01 2.142857142857142738e-01
1.000000000000000000e+00 1.000000000000000000e+00 2.142857142857142738e-01 7.857142857142856984e-01
0.000000000000000000e+00 0.000000000000000000e+00 8.571428571428570953e-01 1.428571428571428492e-01
1.000000000000000000e+00 1.000000000000000000e+00 4.571428571428571286e-01 5.428571428571428159e-01
0.000000000000000000e+00 1.000000000000000000e+00 4.428571428571428381e-01 5.571428571428571619e-01
1.000000000000000000e+00 1.000000000000000000e+00 1.714285714285714302e-01 8.285714285714286254e-01
0.000000000000000000e+00 1.000000000000000000e+00 3.142857142857142794e-01 6.857142857142857206e-01
1.000000000000000000e+00 1.000000000000000000e+00 2.899999999999999800e-01 7.099999999999999645e-01
1.000000000000000000e+00 1.000000000000000000e+00 2.399999999999999911e-01 7.600000000000000089e-01
1.000000000000000000e+00 0.000000000000000000e+00 6.800000000000000488e-01 3.200000000000000067e-01
1.000000000000000000e+00 0.000000000000000000e+00 6.899999999999999467e-01 3.099999999999999978e-01
1.000000000000000000e+00 0.000000000000000000e+00 5.300000000000000266e-01 4.699999999999999734e-01
1.000000000000000000e+00 1.000000000000000000e+00 4.299999999999999933e-01 5.699999999999999512e-01
1.000000000000000000e+00 1.000000000000000000e+00 2.600000000000000089e-01 7.399999999999999911e-01
0.000000000000000000e+00 1.000000000000000000e+00 2.800000000000000266e-01 7.199999999999999734e-01
1.000000000000000000e+00 0.000000000000000000e+00 5.500000000000000444e-01 4.500000000000000111e-01
0.000000000000000000e+00 1.000000000000000000e+00 3.400000000000000244e-01 6.600000000000000311e-01
0.000000000000000000e+00 1.000000000000000000e+00 4.099999999999999756e-01 5.899999999999999689e-01
1.000000000000000000e+00 0.000000000000000000e+00 5.500000000000000444e-01 4.500000000000000111e-01
0.000000000000000000e+00 1.000000000000000000e+00 2.200000000000000011e-01 7.800000000000000266e-01
1.000000000000000000e+00 1.000000000000000000e+00 2.800000000000000266e-01 7.199999999999999734e-01
1.000000000000000000e+00 1.000000000000000000e+00 3.200000000000000067e-01 6.800000000000000488e-01
1.000000000000000000e+00 1.000000000000000000e+00 4.600000000000000200e-01 5.400000000000000355e-01
1.000000000000000000e+00 0.000000000000000000e+00 5.100000000000000089e-01 4.899999999999999911e-01
0.000000000000000000e+00 0.000000000000000000e+00 5.500000000000000444e-01 4.500000000000000111e-01
0.000000000000000000e+00 1.000000000000000000e+00 2.899999999999999800e-01 7.099999999999999645e-01
0.000000000000000000e+00 0.000000000000000000e+00 5.500000000000000444e-01 4.500000000000000111e-01
1.000000000000000000e+00 1.000000000000000000e+00 3.699999999999999956e-01 6.300000000000000044e-01
1.000000000000000000e+00 0.000000000000000000e+00 5.699999999999999512e-01 4.299999999999999933e-01
1.000000000000000000e+00 1.000000000000000000e+00 4.000000000000000222e-01 5.999999999999999778e-01
1.000000000000000000e+00 1.000000000000000000e+00 3.800000000000000044e-01 6.199999999999999956e-01
0.000000000000000000e+00 1.000000000000000000e+00 3.599999999999999867e-01 6.400000000000000133e-01
1.000000000000000000e+00 1.000000000000000000e+00 4.899999999999999911e-01 5.100000000000000089e-01
1.000000000000000000e+00 1.000000000000000000e+00 3.499999999999999778e-01 6.500000000000000222e-01
1.000000000000000000e+00 0.000000000000000000e+00 6.099999999999999867e-01 3.900000000000000133e-01
1.000000000000000000e+00 1.000000000000000000e+00 2.800000000000000266e-01 7.199999999999999734e-01
1.000000000000000000e+00 1.000000000000000000e+00 1.199999999999999956e-01 8.800000000000000044e-01
0.000000000000000000e+00 0.000000000000000000e+00 6.700000000000000400e-01 3.300000000000000155e-01
1.000000000000000000e+00 1.000000000000000000e+00 4.400000000000000022e-01 5.600000000000000533e-01
1.000000000000000000e+00 1.000000000000000000e+00 3.900000000000000133e-01 6.099999999999999867e-01
1.000000000000000000e+00 1.000000000000000000e+00 2.500000000000000000e-01 7.500000000000000000e-01
1.000000000000000000e+00 1.000000000000000000e+00 3.599999999999999867e-01 6.400000000000000133e-01
1.000000000000000000e+00 1.000000000000000000e+00 3.900000000000000133e-01 6.099999999999999867e-01
1.000000000000000000e+00 1.000000000000000000e+00 3.699999999999999956e-01 6.300000000000000044e-01
1.000000000000000000e+00 0.000000000000000000e+00 6.800000000000000488e-01 3.200000000000000067e-01
1.000000000000000000e+00 1.000000000000000000e+00 2.200000000000000011e-01 7.800000000000000266e-01
0.000000000000000000e+00 0.000000000000000000e+00 7.099999999999999645e-01 2.899999999999999800e-01
1.000000000000000000e+00 1.000000000000000000e+00 2.500000000000000000e-01 7.500000000000000000e-01
1.000000000000000000e+00 1.000000000000000000e+00 2.800000000000000266e-01 7.199999999999999734e-01
1.000000000000000000e+00 1.000000000000000000e+00 3.499999999999999778e-01 6.500000000000000222e-01
1.000000000000000000e+00 0.000000000000000000e+00 5.000000000000000000e-01 5.000000000000000000e-01
1.000000000000000000e+00 1.000000000000000000e+00 4.699999999999999734e-01 5.300000000000000266e-01
1.000000000000000000e+00 1.000000000000000000e+00 4.799999999999999822e-01 5.200000000000000178e-01
0.000000000000000000e+00 1.000000000000000000e+00 2.999999999999999889e-01 6.999999999999999556e-01
1.000000000000000000e+00 1.000000000000000000e+00 3.699999999999999956e-01 6.300000000000000044e-01
0.000000000000000000e+00 1.000000000000000000e+00 3.099999999999999978e-01 6.899999999999999467e-01
0.000000000000000000e+00 1.000000000000000000e+00 4.699999999999999734e-01 5.300000000000000266e-01
1.000000000000000000e+00 1.000000000000000000e+00 3.900000000000000133e-01 6.099999999999999867e-01
0.000000000000000000e+00 0.000000000000000000e+00 5.400000000000000355e-01 4.600000000000000200e-01
0.000000000000000000e+00 1.000000000000000000e+00 3.900000000000000133e-01 6.099999999999999867e-01
1.000000000000000000e+00 1.000000000000000000e+00 3.900000000000000133e-01 6.099999999999999867e-01
1.000000000000000000e+00 1.000000000000000000e+00 2.800000000000000266e-01 7.199999999999999734e-01
0.000000000000000000e+00 0.000000000000000000e+00 6.600000000000000311e-01 3.400000000000000244e-01
0.000000000000000000e+00 1.000000000000000000e+00 3.400000000000000244e-01 6.600000000000000311e-01
1.000000000000000000e+00 0.000000000000000000e+00 5.300000000000000266e-01 4.699999999999999734e-01
1.000000000000000000e+00 0.000000000000000000e+00 5.100000000000000089e-01 4.899999999999999911e-01
1.000000000000000000e+00 1.000000000000000000e+00 2.600000000000000089e-01 7.399999999999999911e-01
0.000000000000000000e+00 1.000000000000000000e+00 3.800000000000000044e-01 6.199999999999999956e-01
1.000000000000000000e+00 1.000000000000000000e+00 3.900000000000000133e-01 6.099999999999999867e-01
1.000000000000000000e+00 1.000000000000000000e+00 3.699999999999999956e-01 6.300000000000000044e-01
0.000000000000000000e+00 1.000000000000000000e+00 3.400000000000000244e-01 6.600000000000000311e-01
1.000000000000000000e+00 0.000000000000000000e+00 5.300000000000000266e-01 4.699999999999999734e-01
1.000000000000000000e+00 0.000000000000000000e+00 5.000000000000000000e-01 5.000000000000000000e-01
1.000000000000000000e+00 0.000000000000000000e+00 5.699999999999999512e-01 4.299999999999999933e-01
1.000000000000000000e+00 1.000000000000000000e+00 4.899999999999999911e-01 5.100000000000000089e-01
0.000000000000000000e+00 1.000000000000000000e+00 3.400000000000000244e-01 6.600000000000000311e-01
1.000000000000000000e+00 1.000000000000000000e+00 3.300000000000000155e-01 6.700000000000000400e-01
0.000000000000000000e+00 1.000000000000000000e+00 4.199999999999999845e-01 5.799999999999999600e-01
0.000000000000000000e+00 1.000000000000000000e+00 3.300000000000000155e-01 6.700000000000000400e-01
0.000000000000000000e+00 1.000000000000000000e+00 3.900000000000000133e-01 6.099999999999999867e-01
1.000000000000000000e+00 1.000000000000000000e+00 2.700000000000000178e-01 7.299999999999999822e-01
1.000000000000000000e+00 0.000000000000000000e+00 5.400000000000000355e-01 4.600000000000000200e-01
1.000000000000000000e+00 1.000000000000000000e+00 4.699999999999999734e-01 5.300000000000000266e-01
1.000000000000000000e+00 1.000000000000000000e+00 4.099999999999999756e-01 5.899999999999999689e-01
0.000000000000000000e+00 1.000000000000000000e+00 2.899999999999999800e-01 7.099999999999999645e-01
1.000000000000000000e+00 1.000000000000000000e+00 4.000000000000000222e-01 5.999999999999999778e-01
1.000000000000000000e+00 1.000000000000000000e+00 2.500000000000000000e-01 7.500000000000000000e-01
0.000000000000000000e+00 1.000000000000000000e+00 2.800000000000000266e-01 7.199999999999999734e-01
1.000000000000000000e+00 0.000000000000000000e+00 6.400000000000000133e-01 3.599999999999999867e-01
1.000000000000000000e+00 0.000000000000000000e+00 5.200000000000000178e-01 4.799999999999999822e-01
1.000000000000000000e+00 1.000000000000000000e+00 4.099999999999999756e-01 5.899999999999999689e-01
0.000000000000000000e+00 0.000000000000000000e+00 5.200000000000000178e-01 4.799999999999999822e-01
1.000000000000000000e+00 1.000000000000000000e+00 3.800000000000000044e-01 6.199999999999999956e-01
1.000000000000000000e+00 1.000000000000000000e+00 4.400000000000000022e-01 5.600000000000000533e-01
1.000000000000000000e+00 1.000000000000000000e+00 3.900000000000000133e-01 6.099999999999999867e-01
1.000000000000000000e+00 1.000000000000000000e+00 2.200000000000000011e-01 7.800000000000000266e-01
0.000000000000000000e+00 1.000000000000000000e+00 4.299999999999999933e-01 5.699999999999999512e-01
1.000000000000000000e+00 1.000000000000000000e+00 4.899999999999999911e-01 5.100000000000000089e-01
1.000000000000000000e+00 1.000000000000000000e+00 4.799999999999999822e-01 5.200000000000000178e-01
1.000000000000000000e+00 1.000000000000000000e+00 3.400000000000000244e-01 6.600000000000000311e-01
0.000000000000000000e+00 1.000000000000000000e+00 3.800000000000000044e-01 6.199999999999999956e-01
0.000000000000000000e+00 1.000000000000000000e+00 3.200000000000000067e-01 6.800000000000000488e-01
0.000000000000000000e+00 0.000000000000000000e+00 6.099999999999999867e-01 3.900000000000000133e-01
0.000000000000000000e+00 1.000000000000000000e+00 3.400000000000000244e-01 6.600000000000000311e-01
1.000000000000000000e+00 1.000000000000000000e+00 2.399999999999999911e-01 7.600000000000000089e-01
0.000000000000000000e+00 0.000000000000000000e+00 6.700000000000000400e-01 3.300000000000000155e-01
1.000000000000000000e+00 0.000000000000000000e+00 5.600000000000000533e-01 4.400000000000000022e-01
