0.000000000000000000e+00 1.000000000000000000e+00 4.194245779600646040e-01 5.805754220399353960e-01
1.000000000000000000e+00 0.000000000000000000e+00 5.075366946577628546e-01 4.924633053422372009e-01
0.000000000000000000e+00 0.000000000000000000e+00 5.586829898288597773e-01 4.413170101711402227e-01
1.000000000000000000e+00 1.000000000000000000e+00 1.707694667441032044e-01 8.292305332558967956e-01
1.000000000000000000e+00 1.000000000000000000e+00 2.773833629915487542e-01 7.226166370084512458e-01
0.000000000000000000e+00 0.000000000000000000e+00 6.026499092398880375e-01 3.973500907601119625e-01
1.000000000000000000e+00 0.000000000000000000e+00 6.225726474923309883e-01 3.774273525076689562e-01
1.000000000000000000e+00 0.000000000000000000e+00 5.176541688795792684e-01 4.823458311204207871e-01
1.000000000000000000e+00 1.000000000000000000e+00 4.489837508694091150e-01 5.510162491305908850e-01
1.000000000000000000e+00 0.000000000000000000e+00 6.872438619117668956e-01 3.127561380882331599e-01
1.000000000000000000e+00 0.000000000000000000e+00 5.368528491873623132e-01 4.631471508126377423e-01
1.000000000000000000e+00 1.000000000000000000e+00 4.836966982747498145e-01 5.163033017252501855e-01
1.000000000000000000e+00 0.000000000000000000e+00 5.979553607285299499e-01 4.020446392714700501e-01
1.000000000000000000e+00 0.000000000000000000e+00 6.360881674531180252e-01 3.639118325468820303e-01
1.000000000000000000e+00 0.000000000000000000e+00 7.513435187623049849e-01 2.486564812376949873e-01
0.000000000000000000e+00 1.000000000000000000e+00 4.731109190756830341e-01 5.268890809243169659e-01
1.000000000000000000e+00 1.000000000000000000e+00 4.801557557389207753e-01 5.198442442610792247e-01
1.000000000000000000e+00 0.000000000000000000e+00 5.577370191294752644e-01 4.422629808705247356e-01
1.000000000000000000e+00 1.000000000000000000e+00 3.740141062624041668e-01 6.259858937375958332e-01
1.000000000000000000e+00 0.000000000000000000e+00 5.463731143350524233e-01 4.536268856649475767e-01
0.000000000000000000e+00 0.000000000000000000e+00 5.376225244575153495e-01 4.623774755424846505e-01
1.000000000000000000e+00 0.000000000000000000e+00 6.558634536962877348e-01 3.441365463037122097e-01
1.000000000000000000e+00 0.000000000000000000e+00 5.516893088861407612e-01 4.483106911138592388e-01
0.000000000000000000e+00 1.000000000000000000e+00 2.988607328980700251e-01 7.011392671019299749e-01
1.000000000000000000e+00 1.000000000000000000e+00 3.776286084823121669e-01 6.223713915176878331e-01
1.000000000000000000e+00 0.000000000000000000e+00 6.203593017776578566e-01 3.796406982223420878e-01
1.000000000000000000e+00 0.000000000000000000e+00 7.993179513132631087e-01 2.006820486867369191e-01
0.000000000000000000e+00 0.000000000000000000e+00 7.878547365081127740e-01 2.121452634918872815e-01
1.000000000000000000e+00 1.000000000000000000e+00 2.408386733692092774e-01 7.591613266307907226e-01
0.000000000000000000e+00 1.000000000000000000e+00 4.539473219678089588e-01 5.460526780321910412e-01
1.000000000000000000e+00 0.000000000000000000e+00 5.557394383178557717e-01 4.442605616821441727e-01
1.000000000000000000e+00 0.000000000000000000e+00 5.422985142588250262e-01 4.577014857411749182e-01
1.000000000000000000e+00 0.000000000000000000e+00 6.690380622912518449e-01 3.309619377087481551e-01
0.000000000000000000e+00 1.000000000000000000e+00 3.148029816462000197e-01 6.851970183537999803e-01
0.000000000000000000e+00 0.000000000000000000e+00 5.601010728870439159e-01 4.398989271129560286e-01
1.000000000000000000e+00 0.000000000000000000e+00 6.348284507494376117e-01 3.651715492505623883e-01
1.000000000000000000e+00 1.000000000000000000e+00 4.149746085044656585e-01 5.850253914955343415e-01
1.000000000000000000e+00 0.000000000000000000e+00 6.634494948617445376e-01 3.365505051382554624e-01
1.000000000000000000e+00 0.000000000000000000e+00 5.010780740158925495e-01 4.989219259841074505e-01
1.000000000000000000e+00 0.000000000000000000e+00 6.777313590465916526e-01 3.222686409534082919e-01
0.000000000000000000e+00 0.000000000000000000e+00 6.414765760345949586e-01 3.585234239654050414e-01
1.000000000000000000e+00 0.000000000000000000e+00 5.383961258287514040e-01 4.616038741712485960e-01
1.000000000000000000e+00 1.000000000000000000e+00 3.854386979491808418e-01 6.145613020508191582e-01
1.000000000000000000e+00 1.000000000000000000e+00 4.017877291194137390e-01 5.982122708805862610e-01
1.000000000000000000e+00 1.000000000000000000e+00 3.511066750908189427e-01 6.488933249091810573e-01
0.000000000000000000e+00 0.000000000000000000e+00 5.602740530073087033e-01 4.397259469926913522e-01
1.000000000000000000e+00 1.000000000000000000e+00 3.945950798766592049e-01 6.054049201233407951e-01
1.000000000000000000e+00 0.000000000000000000e+00 6.324172442404223382e-01 3.675827557595776063e-01
0.000000000000000000e+00 1.000000000000000000e+00 4.244193008154044655e-01 5.755806991845955345e-01
1.000000000000000000e+00 1.000000000000000000e+00 3.748050473344136657e-01 6.251949526655863343e-01
0.000000000000000000e+00 1.000000000000000000e+00 4.296704617564786055e-01 5.703295382435213945e-01
0.000000000000000000e+00 1.000000000000000000e+00 4.600165816984038702e-01 5.399834183015961298e-01
0.000000000000000000e+00 1.000000000000000000e+00 2.069330273144075472e-01 7.930669726855924528e-01
1.000000000000000000e+00 0.000000000000000000e+00 5.907322497179288145e-01 4.092677502820711299e-01
0.000000000000000000e+00 1.000000000000000000e+00 2.574435307842323217e-01 7.425564692157676783e-01
0.000000000000000000e+00 0.000000000000000000e+00 6.932542691006613467e-01 3.067457308993386533e-01
0.000000000000000000e+00 1.000000000000000000e+00 3.186901712166123612e-01 6.813098287833876388e-01
0.000000000000000000e+00 1.000000000000000000e+00 3.115483869685230500e-01 6.884516130314769500e-01
1.000000000000000000e+00 1.000000000000000000e+00 4.887251759574927634e-01 5.112748240425072366e-01
0.000000000000000000e+00 1.000000000000000000e+00 2.942645341998559871e-01 7.057354658001440129e-01
1.000000000000000000e+00 0.000000000000000000e+00 6.132750772196096101e-01 3.867249227803904454e-01
1.000000000000000000e+00 0.000000000000000000e+00 7.645379316755112065e-01 2.354620683244887658e-01
0.000000000000000000e+00 0.000000000000000000e+00 5.750518297852698080e-01 4.249481702147301365e-01
1.000000000000000000e+00 1.000000000000000000e+00 4.614553949729499616e-01 5.385446050270500384e-01
1.000000000000000000e+00 1.000000000000000000e+00 4.155846580961077841e-01 5.844153419038922159e-01
1.000000000000000000e+00 0.000000000000000000e+00 5.069528406229764084e-01 4.930471593770235916e-01
1.000000000000000000e+00 1.000000000000000000e+00 4.282880819371306380e-01 5.717119180628693620e-01
1.000000000000000000e+00 0.000000000000000000e+00 5.018271129222227067e-01 4.981728870777773488e-01
0.000000000000000000e+00 1.000000000000000000e+00 3.986109575024964213e-01 6.013890424975035787e-01
1.000000000000000000e+00 1.000000000000000000e+00 3.262933390389675115e-01 6.737066609610324885e-01
1.000000000000000000e+00 1.000000000000000000e+00 2.189464567433219155e-01 7.810535432566780845e-01
1.000000000000000000e+00 1.000000000000000000e+00 3.159990671495288561e-01 6.840009328504711439e-01
1.000000000000000000e+00 1.000000000000000000e+00 4.043336470267160365e-01 5.956663529732839635e-01
1.000000000000000000e+00 1.000000000000000000e+00 3.302195434951854525e-01 6.697804565048145475e-01
1.000000000000000000e+00 1.000000000000000000e+00 4.896645100491135993e-01 5.103354899508864007e-01
1.000000000000000000e+00 1.000000000000000000e+00 2.788411911069061944e-01 7.211588088930938056e-01
1.000000000000000000e+00 1.000000000000000000e+00 4.329192309576618269e-01 5.670807690423381731e-01
0.000000000000000000e+00 0.000000000000000000e+00 6.042634361926791930e-01 3.957365638073208070e-01
0.000000000000000000e+00 1.000000000000000000e+00 3.622020161796737359e-01 6.377979838203262641e-01
0.000000000000000000e+00 0.000000000000000000e+00 6.453332054064003787e-01 3.546667945935996213e-01
1.000000000000000000e+00 0.000000000000000000e+00 5.236573810190843226e-01 4.763426189809157330e-01
0.000000000000000000e+00 0.000000000000000000e+00 5.902999893090661310e-01 4.097000106909338135e-01
0.000000000000000000e+00 0.000000000000000000e+00 5.116179475702156143e-01 4.883820524297843302e-01
0.000000000000000000e+00 0.000000000000000000e+00 5.466326472935516545e-01 4.533673527064484010e-01
1.000000000000000000e+00 0.000000000000000000e+00 5.890626531021980750e-01 4.109373468978019250e-01
1.000000000000000000e+00 0.000000000000000000e+00 5.971826013544240253e-01 4.028173986455759747e-01
1.000000000000000000e+00 1.000000000000000000e+00 4.317638314213926298e-01 5.682361685786073702e-01
1.000000000000000000e+00 0.000000000000000000e+00 5.220674952359243282e-01 4.779325047640756718e-01
1.000000000000000000e+00 1.000000000000000000e+00 4.784822480817108037e-01 5.215177519182891963e-01
1.000000000000000000e+00 1.000000000000000000e+00 2.947301374899991000e-01 7.052698625100009000e-01
1.000000000000000000e+00 0.000000000000000000e+00 5.603015809326370444e-01 4.396984190673629556e-01
1.000000000000000000e+00 1.000000000000000000e+00 2.459968011673928645e-01 7.540031988326071355e-01
1.000000000000000000e+00 0.000000000000000000e+00 5.334167025569818144e-01 4.665832974430181301e-01
0.000000000000000000e+00 1.000000000000000000e+00 4.649299468857545081e-01 5.350700531142454919e-01
1.000000000000000000e+00 0.000000000000000000e+00 5.407852245161341997e-01 4.592147754838657447e-01
0.000000000000000000e+00 1.000000000000000000e+00 4.507669090175158155e-01 5.492330909824841845e-01
0.000000000000000000e+00 1.000000000000000000e+00 4.254681471371712931e-01 5.745318528628287069e-01
1.000000000000000000e+00 1.000000000000000000e+00 4.652446722927879863e-01 5.347553277072120137e-01
1.000000000000000000e+00 0.000000000000000000e+00 5.603202221259449001e-01 4.396797778740551554e-01
1.000000000000000000e+00 1.000000000000000000e+00 2.109976711053085374e-01 7.890023288946914626e-01
0.000000000000000000e+00 0.000000000000000000e+00 6.285948236812402001e-01 3.714051763187598554e-01
0.000000000000000000e+00 0.000000000000000000e+00 6.682010219704952458e-01 3.317989780295047542e-01
1.000000000000000000e+00 1.000000000000000000e+00 2.510203364042306040e-01 7.489796635957693960e-01
1.000000000000000000e+00 1.000000000000000000e+00 3.257066751978605623e-01 6.742933248021394377e-01
1.000000000000000000e+00 1.000000000000000000e+00 3.895026866566159152e-01 6.104973133433840848e-01
1.000000000000000000e+00 1.000000000000000000e+00 4.373257074959787660e-01 5.626742925040212340e-01
1.000000000000000000e+00 0.000000000000000000e+00 5.537133944520316042e-01 4.462866055479683403e-01
0.000000000000000000e+00 1.000000000000000000e+00 3.440068451075894984e-01 6.559931548924105016e-01
1.000000000000000000e+00 0.000000000000000000e+00 6.821515363586918568e-01 3.178484636413081432e-01
1.000000000000000000e+00 0.000000000000000000e+00 6.913544227049543967e-01 3.086455772950456589e-01
1.000000000000000000e+00 0.000000000000000000e+00 6.696819921843550905e-01 3.303180078156448540e-01
0.000000000000000000e+00 0.000000000000000000e+00 7.626208128252345286e-01 2.373791871747654159e-01
1.000000000000000000e+00 0.000000000000000000e+00 7.465743399272823932e-01 2.534256600727176623e-01
0.000000000000000000e+00 0.000000000000000000e+00 8.612170825891315440e-01 1.387829174108684283e-01
0.000000000000000000e+00 1.000000000000000000e+00 4.628271499171653369e-01 5.371728500828346631e-01
0.000000000000000000e+00 1.000000000000000000e+00 4.539449641200813401e-01 5.460550358799186599e-01
0.000000000000000000e+00 0.000000000000000000e+00 5.231042695853778124e-01 4.768957304146222431e-01
0.000000000000000000e+00 1.000000000000000000e+00 2.903368897368415746e-01 7.096631102631584254e-01
1.000000000000000000e+00 0.000000000000000000e+00 5.589767214792196182e-01 4.410232785207803818e-01
0.000000000000000000e+00 0.000000000000000000e+00 8.225797612042848872e-01 1.774202387957151683e-01
0.000000000000000000e+00 1.000000000000000000e+00 2.760516928642661183e-01 7.239483071357338817e-01
1.000000000000000000e+00 1.000000000000000000e+00 3.325027756666179002e-01 6.674972243333820998e-01
0.000000000000000000e+00 0.000000000000000000e+00 7.692184960939550953e-01 2.307815039060449325e-01
1.000000000000000000e+00 1.000000000000000000e+00 4.082655843324370926e-01 5.917344156675629074e-01
1.000000000000000000e+00 1.000000000000000000e+00 2.881703761283792575e-01 7.118296238716207425e-01
1.000000000000000000e+00 1.000000000000000000e+00 4.100186038361731677e-01 5.899813961638268323e-01
1.000000000000000000e+00 1.000000000000000000e+00 2.993708562914122462e-01 7.006291437085877538e-01
1.000000000000000000e+00 1.000000000000000000e+00 2.962472773128166370e-01 7.037527226871833630e-01
1.000000000000000000e+00 1.000000000000000000e+00 4.959996579063591371e-01 5.040003420936408629e-01
1.000000000000000000e+00 0.000000000000000000e+00 5.347358544109377387e-01 4.652641455890623168e-01
1.000000000000000000e+00 1.000000000000000000e+00 3.144638607803134089e-01 6.855361392196865911e-01
1.000000000000000000e+00 1.000000000000000000e+00 2.139969673443203879e-01 7.860030326556796121e-01
0.000000000000000000e+00 1.000000000000000000e+00 2.772306183035806448e-01 7.227693816964193552e-01
1.000000000000000000e+00 1.000000000000000000e+00 3.943617791151275975e-01 6.056382208848724025e-01
0.000000000000000000e+00 1.000000000000000000e+00 3.735328570146427829e-01 6.264671429853572171e-01
0.000000000000000000e+00 1.000000000000000000e+00 4.796359165624980436e-01 5.203640834375019564e-01
0.000000000000000000e+00 0.000000000000000000e+00 8.228711400513795127e-01 1.771288599486205151e-01
1.000000000000000000e+00 1.000000000000000000e+00 2.274797107491441928e-01 7.725202892508558072e-01
1.000000000000000000e+00 1.000000000000000000e+00 2.455103359558329368e-01 7.544896640441670632e-01
1.000000000000000000e+00 1.000000000000000000e+00 1.927370105430805669e-01 8.072629894569194331e-01
1.000000000000000000e+00 1.000000000000000000e+00 3.482338855765471086e-01 6.517661144234528914e-01
1.000000000000000000e+00 0.000000000000000000e+00 5.809397625482395355e-01 4.190602374517604645e-01
0.000000000000000000e+00 0.000000000000000000e+00 5.585390426003373765e-01 4.414609573996626235e-01
1.000000000000000000e+00 0.000000000000000000e+00 6.077180974929804469e-01 3.922819025070195531e-01
1.000000000000000000e+00 1.000000000000000000e+00 3.013260849668167873e-01 6.986739150331832127e-01
1.000000000000000000e+00 1.000000000000000000e+00 4.436846802874646611e-01 5.563153197125353389e-01
1.000000000000000000e+00 1.000000000000000000e+00 3.157569162141519170e-01 6.842430837858480830e-01
1.000000000000000000e+00 1.000000000000000000e+00 2.551701186341627237e-01 7.448298813658372763e-01
1.000000000000000000e+00 0.000000000000000000e+00 5.734972072495179152e-01 4.265027927504820848e-01
1.000000000000000000e+00 1.000000000000000000e+00 2.282582632937425471e-01 7.717417367062574529e-01
1.000000000000000000e+00 0.000000000000000000e+00 5.077892813702994390e-01 4.922107186297005610e-01
1.000000000000000000e+00 1.000000000000000000e+00 4.290936884745286672e-01 5.709063115254713328e-01
1.000000000000000000e+00 1.000000000000000000e+00 3.231132546610164802e-01 6.768867453389835198e-01
0.000000000000000000e+00 0.000000000000000000e+00 5.058209246915381652e-01 4.941790753084618348e-01
0.000000000000000000e+00 0.000000000000000000e+00 5.609446903113122218e-01 4.390553096886877782e-01
1.000000000000000000e+00 0.000000000000000000e+00 6.923455852575449709e-01 3.076544147424550291e-01
1.000000000000000000e+00 1.000000000000000000e+00 3.846858395973191680e-01 6.153141604026808320e-01
1.000000000000000000e+00 0.000000000000000000e+00 6.935279348152247891e-01 3.064720651847752664e-01
1.000000000000000000e+00 1.000000000000000000e+00 3.059235010076228889e-01 6.940764989923771111e-01
1.000000000000000000e+00 1.000000000000000000e+00 2.968624737520696444e-01 7.031375262479303556e-01
1.000000000000000000e+00 0.000000000000000000e+00 5.743830044725050099e-01 4.256169955274949901e-01
0.000000000000000000e+00 1.000000000000000000e+00 1.196021894224922333e-01 8.803978105775077667e-01
1.000000000000000000e+00 1.000000000000000000e+00 3.223030543395033476e-01 6.776969456604966524e-01
0.000000000000000000e+00 1.000000000000000000e+00 2.948248743575130337e-01 7.051751256424869663e-01
0.000000000000000000e+00 0.000000000000000000e+00 6.666634681629658443e-01 3.333365318370341557e-01
1.000000000000000000e+00 0.000000000000000000e+00 5.109167632330611220e-01 4.890832367669388780e-01
1.000000000000000000e+00 1.000000000000000000e+00 4.183963512461685852e-01 5.816036487538314148e-01
0.000000000000000000e+00 0.000000000000000000e+00 6.498762407833220678e-01 3.501237592166779877e-01
1.000000000000000000e+00 1.000000000000000000e+00 2.628701583374181139e-01 7.371298416625818861e-01
0.000000000000000000e+00 0.000000000000000000e+00 5.455366143158526526e-01 4.544633856841474029e-01
1.000000000000000000e+00 1.000000000000000000e+00 1.606633218707036459e-01 8.393366781292963541e-01
0.000000000000000000e+00 1.000000000000000000e+00 4.298650418427966136e-01 5.701349581572033864e-01
1.000000000000000000e+00 0.000000000000000000e+00 5.285419368132366902e-01 4.714580631867633098e-01
1.000000000000000000e+00 1.000000000000000000e+00 2.105478376500482529e-01 7.894521623499517471e-01
1.000000000000000000e+00 1.000000000000000000e+00 1.419023113952034842e-01 8.580976886047965158e-01
0.000000000000000000e+00 1.000000000000000000e+00 4.595868832880123378e-02 9.540413116711987662e-01
1.000000000000000000e+00 1.000000000000000000e+00 4.635666635812060177e-01 5.364333364187939823e-01
1.000000000000000000e+00 0.000000000000000000e+00 6.734202234874828719e-01 3.265797765125171281e-01
1.000000000000000000e+00 1.000000000000000000e+00 1.816765039029899498e-01 8.183234960970100502e-01
1.000000000000000000e+00 0.000000000000000000e+00 5.590009557633075499e-01 4.409990442366924501e-01
1.000000000000000000e+00 1.000000000000000000e+00 3.515193004130924281e-01 6.484806995869075719e-01
1.000000000000000000e+00 0.000000000000000000e+00 6.544885175626490303e-01 3.455114824373509697e-01
0.000000000000000000e+00 1.000000000000000000e+00 3.746959189917352662e-01 6.253040810082647338e-01
0.000000000000000000e+00 0.000000000000000000e+00 6.175785845300276744e-01 3.824214154699723811e-01
0.000000000000000000e+00 1.000000000000000000e+00 3.903949999015379202e-01 6.096050000984620798e-01
1.000000000000000000e+00 1.000000000000000000e+00 4.447878052659531845e-01 5.552121947340468155e-01
1.000000000000000000e+00 0.000000000000000000e+00 5.148027052946183568e-01 4.851972947053816432e-01
0.000000000000000000e+00 1.000000000000000000e+00 3.569758476882693987e-01 6.430241523117306013e-01
0.000000000000000000e+00 1.000000000000000000e+00 1.408260853103050492e-01 8.591739146896949508e-01
1.000000000000000000e+00 0.000000000000000000e+00 5.220733560484461799e-01 4.779266439515538201e-01
1.000000000000000000e+00 0.000000000000000000e+00 6.489465243708695263e-01 3.510534756291304737e-01
1.000000000000000000e+00 1.000000000000000000e+00 3.252441493188703570e-01 6.747558506811296430e-01
1.000000000000000000e+00 1.000000000000000000e+00 2.366033641773289675e-01 7.633966358226710325e-01
1.000000000000000000e+00 0.000000000000000000e+00 8.091964784013613299e-01 1.908035215986386424e-01
1.000000000000000000e+00 1.000000000000000000e+00 3.201638180384228649e-01 6.798361819615771351e-01
1.000000000000000000e+00 0.000000000000000000e+00 5.643113554902470241e-01 4.356886445097530314e-01
0.000000000000000000e+00 1.000000000000000000e+00 2.253581129658536186e-01 7.746418870341463814e-01
1.000000000000000000e+00 0.000000000000000000e+00 5.109481129998338922e-01 4.890518870001660523e-01
0.000000000000000000e+00 1.000000000000000000e+00 3.279126167922219448e-01 6.720873832077780552e-01
1.000000000000000000e+00 0.000000000000000000e+00 5.418864229813541433e-01 4.581135770186458567e-01
0.000000000000000000e+00 0.000000000000000000e+00 5.431620825677785369e-01 4.568379174322214076e-01
1.000000000000000000e+00 0.000000000000000000e+00 5.208601588895420686e-01 4.791398411104579314e-01
0.000000000000000000e+00 0.000000000000000000e+00 5.135828694891153567e-01 4.864171305108845877e-01
1.000000000000000000e+00 1.000000000000000000e+00 3.678598491668220172e-01 6.321401508331779828e-01
0.000000000000000000e+00 1.000000000000000000e+00 4.551663094277339505e-01 5.448336905722660495e-01
0.000000000000000000e+00 0.000000000000000000e+00 5.461143670869035294e-01 4.538856329130965261e-01
1.000000000000000000e+00 1.000000000000000000e+00 4.728365430770625766e-01 5.271634569229374234e-01
1.000000000000000000e+00 1.000000000000000000e+00 4.603483688187792744e-01 5.396516311812207256e-01
0.000000000000000000e+00 0.000000000000000000e+00 5.566231419180243112e-01 4.433768580819756333e-01
1.000000000000000000e+00 0.000000000000000000e+00 5.013204078369859484e-01 4.986795921630139961e-01
1.000000000000000000e+00 1.000000000000000000e+00 4.181945482953458582e-01 5.818054517046541418e-01
1.000000000000000000e+00 1.000000000000000000e+00 3.205292524894657324e-01 6.794707475105342676e-01
1.000000000000000000e+00 1.000000000000000000e+00 3.223695794886186627e-01 6.776304205113813373e-01
1.000000000000000000e+00 0.000000000000000000e+00 6.576700450764105810e-01 3.423299549235894745e-01
0.000000000000000000e+00 1.000000000000000000e+00 3.319398801376325370e-01 6.680601198623674630e-01
1.000000000000000000e+00 1.000000000000000000e+00 3.699463509377327597e-01 6.300536490622672403e-01
1.000000000000000000e+00 1.000000000000000000e+00 4.085088855772437411e-01 5.914911144227562589e-01
1.000000000000000000e+00 0.000000000000000000e+00 7.445376099603676634e-01 2.554623900396323366e-01
1.000000000000000000e+00 1.000000000000000000e+00 2.653701202586675745e-01 7.346298797413324255e-01
1.000000000000000000e+00 0.000000000000000000e+00 6.070167630498155553e-01 3.929832369501843892e-01
1.000000000000000000e+00 0.000000000000000000e+00 5.628538507995564100e-01 4.371461492004436455e-01
1.000000000000000000e+00 0.000000000000000000e+00 6.510363363516724622e-01 3.489636636483275378e-01
1.000000000000000000e+00 1.000000000000000000e+00 4.848190388550214225e-01 5.151809611449785775e-01
1.000000000000000000e+00 0.000000000000000000e+00 5.821469789692884644e-01 4.178530210307115356e-01
0.000000000000000000e+00 0.000000000000000000e+00 6.402859838341619092e-01 3.597140161658381463e-01
0.000000000000000000e+00 1.000000000000000000e+00 4.501013164634847241e-01 5.498986835365152759e-01
1.000000000000000000e+00 1.000000000000000000e+00 2.144747543791440947e-01 7.855252456208559053e-01
1.000000000000000000e+00 0.000000000000000000e+00 6.984627592895185089e-01 3.015372407104814911e-01
1.000000000000000000e+00 0.000000000000000000e+00 5.761245772467413762e-01 4.238754227532585683e-01
1.000000000000000000e+00 1.000000000000000000e+00 4.367464526954161208e-01 5.632535473045838792e-01
1.000000000000000000e+00 0.000000000000000000e+00 5.701711616148050776e-01 4.298288383851949224e-01
1.000000000000000000e+00 0.000000000000000000e+00 6.436528911241408135e-01 3.563471088758592420e-01
0.000000000000000000e+00 1.000000000000000000e+00 4.113178235398080584e-01 5.886821764601919416e-01
0.000000000000000000e+00 0.000000000000000000e+00 6.035066349875415348e-01 3.964933650124585207e-01
0.000000000000000000e+00 1.000000000000000000e+00 4.415382814055370808e-01 5.584617185944629192e-01
1.000000000000000000e+00 1.000000000000000000e+00 4.231443545006647877e-01 5.768556454993352123e-01
0.000000000000000000e+00 0.000000000000000000e+00 6.431569920514585981e-01 3.568430079485414574e-01
1.000000000000000000e+00 0.000000000000000000e+00 7.154463749664656813e-01 2.845536250335342632e-01
1.000000000000000000e+00 0.000000000000000000e+00 5.418772647840706114e-01 4.581227352159294441e-01
0.000000000000000000e+00 1.000000000000000000e+00 4.100073122627138078e-01 5.899926877372861922e-01
0.000000000000000000e+00 0.000000000000000000e+00 5.377715240094838034e-01 4.622284759905161966e-01
0.000000000000000000e+00 0.000000000000000000e+00 5.215570000329732281e-01 4.784429999670267164e-01
0.000000000000000000e+00 0.000000000000000000e+00 5.186626421777732476e-01 4.813373578222267524e-01
0.000000000000000000e+00 1.000000000000000000e+00 4.494434126885860081e-01 5.505565873114139919e-01
0.000000000000000000e+00 0.000000000000000000e+00 6.161054015211656631e-01 3.838945984788343369e-01
1.000000000000000000e+00 0.000000000000000000e+00 5.377678741711587884e-01 4.622321258288412116e-01
1.000000000000000000e+00 0.000000000000000000e+00 5.700942414421372728e-01 4.299057585578627272e-01
0.000000000000000000e+00 1.000000000000000000e+00 2.126095019589956392e-01 7.873904980410043608e-01
0.000000000000000000e+00 0.000000000000000000e+00 6.405775957480037697e-01 3.594224042519962858e-01
0.000000000000000000e+00 0.000000000000000000e+00 5.949068228945820769e-01 4.050931771054179231e-01
0.000000000000000000e+00 0.000000000000000000e+00 7.614281882436779725e-01 2.385718117563219720e-01
1.000000000000000000e+00 0.000000000000000000e+00 5.347460000945214453e-01 4.652539999054786102e-01
1.000000000000000000e+00 1.000000000000000000e+00 2.358993553797231746e-01 7.641006446202768254e-01
0.000000000000000000e+00 1.000000000000000000e+00 3.225752710367861820e-01 6.774247289632138180e-01
0.000000000000000000e+00 0.000000000000000000e+00 5.904816186585932769e-01 4.095183813414067231e-01
1.000000000000000000e+00 0.000000000000000000e+00 7.042699882163270253e-01 2.957300117836729747e-01
1.000000000000000000e+00 1.000000000000000000e+00 1.984381717729305494e-01 8.015618282270694506e-01
0.000000000000000000e+00 1.000000000000000000e+00 2.563928720295515218e-01 7.436071279704484782e-01
1.000000000000000000e+00 1.000000000000000000e+00 3.074836713147848233e-01 6.925163286852151767e-01
1.000000000000000000e+00 0.000000000000000000e+00 6.105522827397280583e-01 3.894477172602719417e-01
1.000000000000000000e+00 1.000000000000000000e+00 3.039620578224777603e-01 6.960379421775222397e-01
1.000000000000000000e+00 1.000000000000000000e+00 3.308241267261055052e-01 6.691758732738944948e-01
0.000000000000000000e+00 1.000000000000000000e+00 3.165220557510928234e-01 6.834779442489071766e-01
1.000000000000000000e+00 1.000000000000000000e+00 3.227505934863599268e-01 6.772494065136400732e-01
1.000000000000000000e+00 0.000000000000000000e+00 5.989447663985698611e-01 4.010552336014300834e-01
0.000000000000000000e+00 1.000000000000000000e+00 3.873943302067058836e-01 6.126056697932941164e-01
1.000000000000000000e+00 0.000000000000000000e+00 5.092660656237363304e-01 4.907339343762636696e-01
1.000000000000000000e+00 1.000000000000000000e+00 4.685447664718707106e-01 5.314552335281292894e-01
1.000000000000000000e+00 1.000000000000000000e+00 4.993383665985118292e-01 5.006616334014881708e-01
0.000000000000000000e+00 0.000000000000000000e+00 6.148340213076752825e-01 3.851659786923247175e-01
1.000000000000000000e+00 1.000000000000000000e+00 3.291985456156947265e-01 6.708014543843052735e-01
1.000000000000000000e+00 1.000000000000000000e+00 3.357282994688763900e-01 6.642717005311236100e-01
0.000000000000000000e+00 1.000000000000000000e+00 4.711197821706119004e-01 5.288802178293880996e-01
1.000000000000000000e+00 1.000000000000000000e+00 3.237639951380943959e-01 6.762360048619056041e-01
1.000000000000000000e+00 0.000000000000000000e+00 5.965364329641351659e-01 4.034635670358648341e-01
1.000000000000000000e+00 1.000000000000000000e+00 4.818223333273397024e-01 5.181776666726602976e-01
1.000000000000000000e+00 0.000000000000000000e+00 5.209355627685730017e-01 4.790644372314269428e-01
1.000000000000000000e+00 0.000000000000000000e+00 5.688265849050249123e-01 4.311734150949750877e-01
1.000000000000000000e+00 1.000000000000000000e+00 3.650926854626134199e-01 6.349073145373865801e-01
0.000000000000000000e+00 0.000000000000000000e+00 5.338494184969386769e-01 4.661505815030613231e-01
1.000000000000000000e+00 0.000000000000000000e+00 5.523127240164891205e-01 4.476872759835109350e-01
1.000000000000000000e+00 0.000000000000000000e+00 6.637719438292146723e-01 3.362280561707852722e-01
1.000000000000000000e+00 1.000000000000000000e+00 4.290554561605048889e-01 5.709445438394951111e-01
1.000000000000000000e+00 0.000000000000000000e+00 6.195015134517973809e-01 3.804984865482025636e-01
0.000000000000000000e+00 0.000000000000000000e+00 5.330232851148460904e-01 4.669767148851539096e-01
1.000000000000000000e+00 1.000000000000000000e+00 4.151921690451898517e-01 5.848078309548101483e-01
1.000000000000000000e+00 1.000000000000000000e+00 4.718632389728736332e-01 5.281367610271263668e-01
0.000000000000000000e+00 1.000000000000000000e+00 4.667487831244031549e-01 5.332512168755968451e-01
1.000000000000000000e+00 0.000000000000000000e+00 5.500110516987806175e-01 4.499889483012193825e-01
1.000000000000000000e+00 1.000000000000000000e+00 3.974507555469669606e-01 6.025492444530330394e-01
1.000000000000000000e+00 0.000000000000000000e+00 5.911715090342923862e-01 4.088284909657075583e-01
1.000000000000000000e+00 0.000000000000000000e+00 5.625598461069905021e-01 4.374401538930095534e-01
0.000000000000000000e+00 1.000000000000000000e+00 4.274589987480266196e-01 5.725410012519733804e-01
1.000000000000000000e+00 0.000000000000000000e+00 5.310285996776585860e-01 4.689714003223414140e-01
1.000000000000000000e+00 1.000000000000000000e+00 3.848258051968768134e-01 6.151741948031231866e-01
1.000000000000000000e+00 0.000000000000000000e+00 7.156308083848690327e-01 2.843691916151309118e-01
0.000000000000000000e+00 1.000000000000000000e+00 4.124307805476097322e-01 5.875692194523902678e-01
0.000000000000000000e+00 1.000000000000000000e+00 4.956993550314593433e-01 5.043006449685406567e-01
1.000000000000000000e+00 1.000000000000000000e+00 4.218888912878192565e-01 5.781111087121807435e-01
1.000000000000000000e+00 0.000000000000000000e+00 5.337810720065232495e-01 4.662189279934768060e-01
