1.000000000000000000e+00 1.000000000000000000e+00 4.421052631578947234e-01 5.578947368421052211e-01
0.000000000000000000e+00 1.000000000000000000e+00 3.421052631578947456e-01 6.578947368421053099e-01
1.000000000000000000e+00 1.000000000000000000e+00 2.631578947368420907e-01 7.368421052631578538e-01
1.000000000000000000e+00 1.000000000000000000e+00 4.526315789473684403e-01 5.473684210526316152e-01
1.000000000000000000e+00 0.000000000000000000e+00 5.947368421052631193e-01 4.052631578947368252e-01
1.000000000000000000e+00 0.000000000000000000e+00 6.842105263157894912e-01 3.157894736842105088e-01
1.000000000000000000e+00 1.000000000000000000e+00 3.578947368421052655e-01 6.421052631578947345e-01
0.000000000000000000e+00 1.000000000000000000e+00 4.157894736842105421e-01 5.842105263157895134e-01
0.000000000000000000e+00 1.000000000000000000e+00 3.842105263157894468e-01 6.157894736842105532e-01
1.000000000000000000e+00 1.000000000000000000e+00 3.894736842105263053e-01 6.105263157894736947e-01
1.000000000000000000e+00 1.000000000000000000e+00 1.947368421052631526e-01 8.052631578947367919e-01
1.000000000000000000e+00 0.000000000000000000e+00 5.736842105263157965e-01 4.263157894736842035e-01
0.000000000000000000e+00 0.000000000000000000e+00 7.526315789473684292e-01 2.473684210526315708e-01
0.000000000000000000e+00 0.000000000000000000e+00 6.736842105263157743e-01 3.263157894736842257e-01
1.000000000000000000e+00 1.000000000000000000e+00 2.578947368421052877e-01 7.421052631578947123e-01
1.000000000000000000e+00 1.000000000000000000e+00 4.578947368421052433e-01 5.421052631578947567e-01
0.000000000000000000e+00 1.000000000000000000e+00 4.052631578947368252e-01 5.947368421052631193e-01
0.000000000000000000e+00 1.000000000000000000e+00 4.368421052631579204e-01 5.631578947368420796e-01
0.000000000000000000e+00 0.000000000000000000e+00 5.947368421052631193e-01 4.052631578947368252e-01
1.000000000000000000e+00 1.000000000000000000e+00 4.421052631578947234e-01 5.578947368421052211e-01
0.000000000000000000e+00 1.000000000000000000e+00 3.105263157894737058e-01 6.894736842105263497e-01
1.000000000000000000e+00 0.000000000000000000e+00 6.210526315789474117e-01 3.789473684210526438e-01
1.000000000000000000e+00 0.000000000000000000e+00 5.052631578947368585e-01 4.947368421052631415e-01
1.000000000000000000e+00 0.000000000000000000e+00 6.210526315789474117e-01 3.789473684210526438e-01
0.000000000000000000e+00 1.000000000000000000e+00 3.263157894736842257e-01 6.736842105263157743e-01
1.000000000000000000e+00 1.000000000000000000e+00 4.000000000000000222e-01 5.999999999999999778e-01
1.000000000000000000e+00 1.000000000000000000e+00 3.736842105263157854e-01 6.263157894736841591e-01
1.000000000000000000e+00 1.000000000000000000e+00 2.578947368421052877e-01 7.421052631578947123e-01
1.000000000000000000e+00 1.000000000000000000e+00 2.947368421052631304e-01 7.052631578947368141e-01
1.000000000000000000e+00 1.000000000000000000e+00 4.315789473684210620e-01 5.684210526315789380e-01
1.000000000000000000e+00 1.000000000000000000e+00 3.947368421052631637e-01 6.052631578947368363e-01
0.000000000000000000e+00 1.000000000000000000e+00 4.473684210526315819e-01 5.526315789473684736e-01
1.000000000000000000e+00 1.000000000000000000e+00 3.894736842105263053e-01 6.105263157894736947e-01
1.000000000000000000e+00 0.000000000000000000e+00 5.105263157894737169e-01 4.894736842105263386e-01
0.000000000000000000e+00 1.000000000000000000e+00 3.210526315789473673e-01 6.789473684210526327e-01
1.000000000000000000e+00 1.000000000000000000e+00 3.736842105263157854e-01 6.263157894736841591e-01
0.000000000000000000e+00 1.000000000000000000e+00 3.263157894736842257e-01 6.736842105263157743e-01
0.000000000000000000e+00 1.000000000000000000e+00 3.263157894736842257e-01 6.736842105263157743e-01
0.000000000000000000e+00 1.000000000000000000e+00 2.684210526315789491e-01 7.315789473684211064e-01
0.000000000000000000e+00 1.000000000000000000e+00 2.789473684210526105e-01 7.210526315789473895e-01
1.000000000000000000e+00 1.000000000000000000e+00 3.473684210526316041e-01 6.526315789473684514e-01
1.000000000000000000e+00 1.000000000000000000e+00 4.736842105263157632e-01 5.263157894736841813e-01
0.000000000000000000e+00 1.000000000000000000e+00 3.578947368421052655e-01 6.421052631578947345e-01
1.000000000000000000e+00 0.000000000000000000e+00 5.315789473684210398e-01 4.684210526315789602e-01
1.000000000000000000e+00 1.000000000000000000e+00 4.947368421052631415e-01 5.052631578947368585e-01
0.000000000000000000e+00 0.000000000000000000e+00 5.000000000000000000e-01 5.000000000000000000e-01
1.000000000000000000e+00 1.000000000000000000e+00 4.578947368421052433e-01 5.421052631578947567e-01
0.000000000000000000e+00 1.000000000000000000e+00 4.894736842105263386e-01 5.105263157894737169e-01
0.000000000000000000e+00 1.000000000000000000e+00 3.368421052631578871e-01 6.631578947368420573e-01
0.000000000000000000e+00 0.000000000000000000e+00 6.578947368421053099e-01 3.421052631578947456e-01
1.000000000000000000e+00 1.000000000000000000e+00 3.894736842105263053e-01 6.105263157894736947e-01
1.000000000000000000e+00 1.000000000000000000e+00 2.578947368421052877e-01 7.421052631578947123e-01
1.000000000000000000e+00 1.000000000000000000e+00 2.473684210526315708e-01 7.526315789473684292e-01
1.000000000000000000e+00 0.000000000000000000e+00 5.631578947368420796e-01 4.368421052631579204e-01
1.000000000000000000e+00 1.000000000000000000e+00 4.526315789473684403e-01 5.473684210526316152e-01
0.000000000000000000e+00 0.000000000000000000e+00 7.368421052631578538e-01 2.631578947368420907e-01
1.000000000000000000e+00 1.000000000000000000e+00 2.421052631578947401e-01 7.578947368421052877e-01
1.000000000000000000e+00 1.000000000000000000e+00 2.684210526315789491e-01 7.315789473684211064e-01
1.000000000000000000e+00 1.000000000000000000e+00 4.157894736842105421e-01 5.842105263157895134e-01
1.000000000000000000e+00 1.000000000000000000e+00 2.526315789473684292e-01 7.473684210526315708e-01
1.000000000000000000e+00 1.000000000000000000e+00 4.105263157894736836e-01 5.894736842105262609e-01
1.000000000000000000e+00 0.000000000000000000e+00 8.157894736842105088e-01 1.842105263157894635e-01
1.000000000000000000e+00 1.000000000000000000e+00 4.578947368421052433e-01 5.421052631578947567e-01
1.000000000000000000e+00 1.000000000000000000e+00 4.315789473684210620e-01 5.684210526315789380e-01
1.000000000000000000e+00 1.000000000000000000e+00 4.000000000000000222e-01 5.999999999999999778e-01
1.000000000000000000e+00 0.000000000000000000e+00 5.368421052631578982e-01 4.631578947368421018e-01
1.000000000000000000e+00 0.000000000000000000e+00 6.999999999999999556e-01 2.999999999999999889e-01
1.000000000000000000e+00 0.000000000000000000e+00 5.526315789473684736e-01 4.473684210526315819e-01
0.000000000000000000e+00 1.000000000000000000e+00 4.000000000000000222e-01 5.999999999999999778e-01
1.000000000000000000e+00 1.000000000000000000e+00 2.631578947368420907e-01 7.368421052631578538e-01
1.000000000000000000e+00 1.000000000000000000e+00 3.105263157894737058e-01 6.894736842105263497e-01
1.000000000000000000e+00 0.000000000000000000e+00 7.421052631578947123e-01 2.578947368421052877e-01
1.000000000000000000e+00 0.000000000000000000e+00 5.947368421052631193e-01 4.052631578947368252e-01
0.000000000000000000e+00 1.000000000000000000e+00 4.789473684210526216e-01 5.210526315789473228e-01
1.000000000000000000e+00 1.000000000000000000e+00 3.684210526315789269e-01 6.315789473684210176e-01
1.000000000000000000e+00 1.000000000000000000e+00 1.736842105263158020e-01 8.263157894736842257e-01
1.000000000000000000e+00 0.000000000000000000e+00 8.368421052631579427e-01 1.631578947368421129e-01
1.000000000000000000e+00 0.000000000000000000e+00 5.368421052631578982e-01 4.631578947368421018e-01
0.000000000000000000e+00 0.000000000000000000e+00 5.263157894736841813e-01 4.736842105263157632e-01
1.000000000000000000e+00 1.000000000000000000e+00 4.789473684210526216e-01 5.210526315789473228e-01
1.000000000000000000e+00 1.000000000000000000e+00 2.526315789473684292e-01 7.473684210526315708e-01
0.000000000000000000e+00 1.000000000000000000e+00 3.578947368421052655e-01 6.421052631578947345e-01
0.000000000000000000e+00 0.000000000000000000e+00 5.631578947368420796e-01 4.368421052631579204e-01
1.000000000000000000e+00 0.000000000000000000e+00 5.473684210526316152e-01 4.526315789473684403e-01
1.000000000000000000e+00 1.000000000000000000e+00 4.000000000000000222e-01 5.999999999999999778e-01
0.000000000000000000e+00 1.000000000000000000e+00 3.578947368421052655e-01 6.421052631578947345e-01
1.000000000000000000e+00 1.000000000000000000e+00 3.842105263157894468e-01 6.157894736842105532e-01
1.000000000000000000e+00 0.000000000000000000e+00 6.368421052631578760e-01 3.631578947368421240e-01
1.000000000000000000e+00 0.000000000000000000e+00 5.421052631578947567e-01 4.578947368421052433e-01
1.000000000000000000e+00 1.000000000000000000e+00 3.368421052631578871e-01 6.631578947368420573e-01
0.000000000000000000e+00 1.000000000000000000e+00 4.473684210526315819e-01 5.526315789473684736e-01
1.000000000000000000e+00 0.000000000000000000e+00 5.210526315789473228e-01 4.789473684210526216e-01
0.000000000000000000e+00 1.000000000000000000e+00 4.000000000000000222e-01 5.999999999999999778e-01
0.000000000000000000e+00 1.000000000000000000e+00 3.157894736842105088e-01 6.842105263157894912e-01
1.000000000000000000e+00 1.000000000000000000e+00 2.052631578947368418e-01 7.947368421052631859e-01
1.000000000000000000e+00 0.000000000000000000e+00 5.263157894736841813e-01 4.736842105263157632e-01
1.000000000000000000e+00 1.000000000000000000e+00 2.999999999999999889e-01 6.999999999999999556e-01
1.000000000000000000e+00 0.000000000000000000e+00 5.052631578947368585e-01 4.947368421052631415e-01
1.000000000000000000e+00 1.000000000000000000e+00 4.526315789473684403e-01 5.473684210526316152e-01
1.000000000000000000e+00 1.000000000000000000e+00 3.894736842105263053e-01 6.105263157894736947e-01
0.000000000000000000e+00 1.000000000000000000e+00 1.857142857142857206e-01 8.142857142857142794e-01
1.000000000000000000e+00 1.000000000000000000e+00 3.928571428571428492e-01 6.071428571428570953e-01
0.000000000000000000e+00 1.000000000000000000e+00 3.571428571428571508e-01 6.428571428571429047e-01
0.000000000000000000e+00 1.000000000000000000e+00 3.642857142857142683e-01 6.357142857142856762e-01
1.000000000000000000e+00 1.000000000000000000e+00 4.857142857142857095e-01 5.142857142857142350e-01
0.000000000000000000e+00 1.000000000000000000e+00 4.714285714285714191e-01 5.285714285714285809e-01
0.000000000000000000e+00 1.000000000000000000e+00 3.357142857142856873e-01 6.642857142857142572e-01
1.000000000000000000e+00 1.000000000000000000e+00 2.142857142857142738e-01 7.857142857142856984e-01
0.000000000000000000e+00 1.000000000000000000e+00 4.428571428571428381e-01 5.571428571428571619e-01
1.000000000000000000e+00 1.000000000000000000e+00 4.785714285714285920e-01 5.214285714285714635e-01
1.000000000000000000e+00 0.000000000000000000e+00 6.928571428571428381e-01 3.071428571428571619e-01
0.000000000000000000e+00 1.000000000000000000e+00 3.428571428571428603e-01 6.571428571428571397e-01
1.000000000000000000e+00 1.000000000000000000e+00 2.428571428571428548e-01 7.571428571428571175e-01
1.000000000000000000e+00 0.000000000000000000e+00 5.500000000000000444e-01 4.500000000000000111e-01
0.000000000000000000e+00 1.000000000000000000e+00 2.142857142857142738e-01 7.857142857142856984e-01
1.000000000000000000e+00 0.000000000000000000e+00 5.642857142857142794e-01 4.357142857142857206e-01
1.000000000000000000e+00 1.000000000000000000e+00 3.285714285714285698e-01 6.714285714285713746e-01
1.000000000000000000e+00 1.000000000000000000e+00 4.142857142857143127e-01 5.857142857142857428e-01
1.000000000000000000e+00 1.000000000000000000e+00 4.357142857142857206e-01 5.642857142857142794e-01
1.000000000000000000e+00 1.000000000000000000e+00 3.642857142857142683e-01 6.357142857142856762e-01
0.000000000000000000e+00 0.000000000000000000e+00 5.285714285714285809e-01 4.714285714285714191e-01
1.000000000000000000e+00 1.000000000000000000e+00 2.857142857142856984e-01 7.142857142857143016e-01
1.000000000000000000e+00 1.000000000000000000e+00 3.428571428571428603e-01 6.571428571428571397e-01
0.000000000000000000e+00 0.000000000000000000e+00 6.428571428571429047e-01 3.571428571428571508e-01
0.000000000000000000e+00 0.000000000000000000e+00 5.214285714285714635e-01 4.785714285714285920e-01
1.000000000000000000e+00 0.000000000000000000e+00 5.928571428571428603e-01 4.071428571428571397e-01
1.000000000000000000e+00 1.000000000000000000e+00 4.714285714285714191e-01 5.285714285714285809e-01
0.000000000000000000e+00 0.000000000000000000e+00 5.214285714285714635e-01 4.785714285714285920e-01
1.000000000000000000e+00 0.000000000000000000e+00 5.142857142857142350e-01 4.857142857142857095e-01
1.000000000000000000e+00 1.000000000000000000e+00 4.357142857142857206e-01 5.642857142857142794e-01
0.000000000000000000e+00 1.000000000000000000e+00 3.285714285714285698e-01 6.714285714285713746e-01
1.000000000000000000e+00 1.000000000000000000e+00 4.142857142857143127e-01 5.857142857142857428e-01
0.000000000000000000e+00 1.000000000000000000e+00 4.785714285714285920e-01 5.214285714285714635e-01
1.000000000000000000e+00 0.000000000000000000e+00 5.142857142857142350e-01 4.857142857142857095e-01
1.000000000000000000e+00 1.000000000000000000e+00 4.714285714285714191e-01 5.285714285714285809e-01
1.000000000000000000e+00 1.000000000000000000e+00 3.642857142857142683e-01 6.357142857142856762e-01
0.000000000000000000e+00 0.000000000000000000e+00 7.214285714285714191e-01 2.785714285714285809e-01
0.000000000000000000e+00 1.000000000000000000e+00 4.428571428571428381e-01 5.571428571428571619e-01
1.000000000000000000e+00 1.000000000000000000e+00 1.714285714285714302e-01 8.285714285714286254e-01
0.000000000000000000e+00 1.000000000000000000e+00 4.357142857142857206e-01 5.642857142857142794e-01
0.000000000000000000e+00 0.000000000000000000e+00 5.428571428571428159e-01 4.571428571428571286e-01
1.000000000000000000e+00 1.000000000000000000e+00 4.785714285714285920e-01 5.214285714285714635e-01
1.000000000000000000e+00 0.000000000000000000e+00 7.142857142857143016e-01 2.857142857142856984e-01
0.000000000000000000e+00 0.000000000000000000e+00 6.999999999999999556e-01 2.999999999999999889e-01
0.000000000000000000e+00 1.000000000000000000e+00 4.500000000000000111e-01 5.500000000000000444e-01
0.000000000000000000e+00 0.000000000000000000e+00 5.571428571428571619e-01 4.428571428571428381e-01
1.000000000000000000e+00 1.000000000000000000e+00 4.857142857142857095e-01 5.142857142857142350e-01
1.000000000000000000e+00 1.000000000000000000e+00 3.928571428571428492e-01 6.071428571428570953e-01
0.000000000000000000e+00 1.000000000000000000e+00 4.285714285714285476e-01 5.714285714285713969e-01
1.000000000000000000e+00 0.000000000000000000e+00 6.642857142857142572e-01 3.357142857142856873e-01
0.000000000000000000e+00 1.000000000000000000e+00 3.071428571428571619e-01 6.928571428571428381e-01
1.000000000000000000e+00 1.000000000000000000e+00 4.214285714285714302e-01 5.785714285714286254e-01
1.000000000000000000e+00 1.000000000000000000e+00 3.071428571428571619e-01 6.928571428571428381e-01
0.000000000000000000e+00 1.000000000000000000e+00 4.500000000000000111e-01 5.500000000000000444e-01
0.000000000000000000e+00 0.000000000000000000e+00 6.357142857142856762e-01 3.642857142857142683e-01
0.000000000000000000e+00 1.000000000000000000e+00 4.714285714285714191e-01 5.285714285714285809e-01
1.000000000000000000e+00 0.000000000000000000e+00 5.142857142857142350e-01 4.857142857142857095e-01
1.000000000000000000e+00 1.000000000000000000e+00 4.357142857142857206e-01 5.642857142857142794e-01
1.000000000000000000e+00 1.000000000000000000e+00 3.428571428571428603e-01 6.571428571428571397e-01
1.000000000000000000e+00 1.000000000000000000e+00 4.357142857142857206e-01 5.642857142857142794e-01
1.000000000000000000e+00 1.000000000000000000e+00 3.214285714285714524e-01 6.785714285714286031e-01
0.000000000000000000e+00 0.000000000000000000e+00 6.857142857142857206e-01 3.142857142857142794e-01
1.000000000000000000e+00 1.000000000000000000e+00 2.785714285714285809e-01 7.214285714285714191e-01
1.000000000000000000e+00 1.000000000000000000e+00 3.714285714285714413e-01 6.285714285714285587e-01
0.000000000000000000e+00 1.000000000000000000e+00 3.571428571428571508e-01 6.428571428571429047e-01
1.000000000000000000e+00 0.000000000000000000e+00 5.357142857142856984e-01 4.642857142857143016e-01
1.000000000000000000e+00 1.000000000000000000e+00 4.500000000000000111e-01 5.500000000000000444e-01
1.000000000000000000e+00 0.000000000000000000e+00 5.714285714285713969e-01 4.285714285714285476e-01
1.000000000000000000e+00 1.000000000000000000e+00 4.071428571428571397e-01 5.928571428571428603e-01
1.000000000000000000e+00 1.000000000000000000e+00 3.285714285714285698e-01 6.714285714285713746e-01
1.000000000000000000e+00 1.000000000000000000e+00 2.785714285714285809e-01 7.214285714285714191e-01
0.000000000000000000e+00 1.000000000000000000e+00 4.000000000000000222e-01 5.999999999999999778e-01
1.000000000000000000e+00 1.000000000000000000e+00 4.857142857142857095e-01 5.142857142857142350e-01
1.000000000000000000e+00 1.000000000000000000e+00 4.500000000000000111e-01 5.500000000000000444e-01
1.000000000000000000e+00 0.000000000000000000e+00 5.785714285714286254e-01 4.214285714285714302e-01
1.000000000000000000e+00 0.000000000000000000e+00 6.571428571428571397e-01 3.428571428571428603e-01
1.000000000000000000e+00 1.000000000000000000e+00 3.428571428571428603e-01 6.571428571428571397e-01
1.000000000000000000e+00 0.000000000000000000e+00 5.857142857142857428e-01 4.142857142857143127e-01
1.000000000000000000e+00 0.000000000000000000e+00 5.785714285714286254e-01 4.214285714285714302e-01
1.000000000000000000e+00 0.000000000000000000e+00 5.714285714285713969e-01 4.285714285714285476e-01
1.000000000000000000e+00 1.000000000000000000e+00 2.285714285714285643e-01 7.714285714285714635e-01
1.000000000000000000e+00 0.000000000000000000e+00 6.857142857142857206e-01 3.142857142857142794e-01
0.000000000000000000e+00 0.000000000000000000e+00 6.642857142857142572e-01 3.357142857142856873e-01
1.000000000000000000e+00 0.000000000000000000e+00 5.000000000000000000e-01 5.000000000000000000e-01
0.000000000000000000e+00 1.000000000000000000e+00 3.714285714285714413e-01 6.285714285714285587e-01
0.000000000000000000e+00 0.000000000000000000e+00 5.000000000000000000e-01 5.000000000000000000e-01
1.000000000000000000e+00 0.000000000000000000e+00 5.785714285714286254e-01 4.214285714285714302e-01
0.000000000000000000e+00 1.000000000000000000e+00 3.142857142857142794e-01 6.857142857142857206e-01
1.000000000000000000e+00 1.000000000000000000e+00 4.571428571428571286e-01 5.428571428571428159e-01
0.000000000000000000e+00 0.000000000000000000e+00 5.000000000000000000e-01 5.000000000000000000e-01
1.000000000000000000e+00 1.000000000000000000e+00 3.857142857142857317e-01 6.142857142857143238e-01
1.000000000000000000e+00 1.000000000000000000e+00 4.071428571428571397e-01 5.928571428571428603e-01
0.000000000000000000e+00 1.000000000000000000e+00 3.214285714285714524e-01 6.785714285714286031e-01
0.000000000000000000e+00 1.000000000000000000e+00 3.714285714285714413e-01 6.285714285714285587e-01
0.000000000000000000e+00 1.000000000000000000e+00 4.571428571428571286e-01 5.428571428571428159e-01
1.000000000000000000e+00 0.000000000000000000e+00 5.571428571428571619e-01 4.428571428571428381e-01
0.000000000000000000e+00 1.000000000000000000e+00 3.071428571428571619e-01 6.928571428571428381e-01
0.000000000000000000e+00 1.000000000000000000e+00 4.500000000000000111e-01 5.500000000000000444e-01
1.000000000000000000e+00 0.000000000000000000e+00 5.571428571428571619e-01 4.428571428571428381e-01
0.000000000000000000e+00 0.000000000000000000e+00 6.785714285714286031e-01 3.214285714285714524e-01
0.000000000000000000e+00 1.000000000000000000e+00 4.818181818181818121e-01 5.181818181818181879e-01
1.000000000000000000e+00 1.000000000000000000e+00 2.727272727272727071e-01 7.272727272727272929e-01
1.000000000000000000e+00 0.000000000000000000e+00 5.999999999999999778e-01 4.000000000000000222e-01
0.000000000000000000e+00 1.000000000000000000e+00 3.545454545454545525e-01 6.454545454545455030e-01
0.000000000000000000e+00 1.000000000000000000e+00 2.272727272727272652e-01 7.727272727272727071e-01
1.000000000000000000e+00 1.000000000000000000e+00 4.909090909090909061e-01 5.090909090909090384e-01
1.000000000000000000e+00 1.000000000000000000e+00 3.272727272727272707e-01 6.727272727272727293e-01
0.000000000000000000e+00 0.000000000000000000e+00 6.363636363636363535e-01 3.636363636363636465e-01
1.000000000000000000e+00 1.000000000000000000e+00 4.727272727272727182e-01 5.272727272727272263e-01
1.000000000000000000e+00 1.000000000000000000e+00 3.090909090909090828e-01 6.909090909090909172e-01
0.000000000000000000e+00 1.000000000000000000e+00 4.000000000000000222e-01 5.999999999999999778e-01
1.000000000000000000e+00 0.000000000000000000e+00 5.727272727272727515e-01 4.272727272727272485e-01
1.000000000000000000e+00 1.000000000000000000e+00 4.909090909090909061e-01 5.090909090909090384e-01
1.000000000000000000e+00 0.000000000000000000e+00 6.818181818181817677e-01 3.181818181818181768e-01
0.000000000000000000e+00 0.000000000000000000e+00 5.545454545454545636e-01 4.454545454545454364e-01
1.000000000000000000e+00 0.000000000000000000e+00 5.727272727272727515e-01 4.272727272727272485e-01
1.000000000000000000e+00 1.000000000000000000e+00 4.363636363636363424e-01 5.636363636363636020e-01
1.000000000000000000e+00 0.000000000000000000e+00 5.818181818181817899e-01 4.181818181818181546e-01
1.000000000000000000e+00 1.000000000000000000e+00 1.727272727272727293e-01 8.272727272727272707e-01
0.000000000000000000e+00 1.000000000000000000e+00 2.999999999999999889e-01 6.999999999999999556e-01
1.000000000000000000e+00 1.000000000000000000e+00 3.636363636363636465e-01 6.363636363636363535e-01
1.000000000000000000e+00 1.000000000000000000e+00 3.090909090909090828e-01 6.909090909090909172e-01
0.000000000000000000e+00 1.000000000000000000e+00 2.818181818181818010e-01 7.181818181818181435e-01
1.000000000000000000e+00 1.000000000000000000e+00 3.818181818181818343e-01 6.181818181818181657e-01
1.000000000000000000e+00 1.000000000000000000e+00 3.272727272727272707e-01 6.727272727272727293e-01
1.000000000000000000e+00 1.000000000000000000e+00 2.909090909090908950e-01 7.090909090909091050e-01
0.000000000000000000e+00 0.000000000000000000e+00 5.545454545454545636e-01 4.454545454545454364e-01
1.000000000000000000e+00 1.000000000000000000e+00 4.181818181818181546e-01 5.818181818181817899e-01
1.000000000000000000e+00 1.000000000000000000e+00 2.818181818181818010e-01 7.181818181818181435e-01
1.000000000000000000e+00 1.000000000000000000e+00 4.090909090909091161e-01 5.909090909090909394e-01
0.000000000000000000e+00 0.000000000000000000e+00 5.909090909090909394e-01 4.090909090909091161e-01
1.000000000000000000e+00 1.000000000000000000e+00 4.818181818181818121e-01 5.181818181818181879e-01
0.000000000000000000e+00 1.000000000000000000e+00 1.909090909090909172e-01 8.090909090909090828e-01
0.000000000000000000e+00 1.000000000000000000e+00 3.181818181818181768e-01 6.818181818181817677e-01
1.000000000000000000e+00 0.000000000000000000e+00 6.090909090909091272e-01 3.909090909090909283e-01
1.000000000000000000e+00 1.000000000000000000e+00 2.636363636363636131e-01 7.363636363636363313e-01
1.000000000000000000e+00 1.000000000000000000e+00 2.909090909090908950e-01 7.090909090909091050e-01
1.000000000000000000e+00 0.000000000000000000e+00 5.000000000000000000e-01 5.000000000000000000e-01
1.000000000000000000e+00 1.000000000000000000e+00 3.363636363636363646e-01 6.636363636363636909e-01
1.000000000000000000e+00 1.000000000000000000e+00 3.090909090909090828e-01 6.909090909090909172e-01
1.000000000000000000e+00 0.000000000000000000e+00 5.727272727272727515e-01 4.272727272727272485e-01
1.000000000000000000e+00 1.000000000000000000e+00 3.545454545454545525e-01 6.454545454545455030e-01
1.000000000000000000e+00 0.000000000000000000e+00 6.818181818181817677e-01 3.181818181818181768e-01
1.000000000000000000e+00 1.000000000000000000e+00 4.636363636363636243e-01 5.363636363636363757e-01
1.000000000000000000e+00 0.000000000000000000e+00 6.454545454545455030e-01 3.545454545454545525e-01
1.000000000000000000e+00 1.000000000000000000e+00 4.000000000000000222e-01 5.999999999999999778e-01
1.000000000000000000e+00 1.000000000000000000e+00 2.636363636363636131e-01 7.363636363636363313e-01
1.000000000000000000e+00 1.000000000000000000e+00 3.727272727272727404e-01 6.272727272727273151e-01
0.000000000000000000e+00 1.000000000000000000e+00 3.818181818181818343e-01 6.181818181818181657e-01
1.000000000000000000e+00 1.000000000000000000e+00 4.818181818181818121e-01 5.181818181818181879e-01
1.000000000000000000e+00 1.000000000000000000e+00 3.636363636363636465e-01 6.363636363636363535e-01
0.000000000000000000e+00 1.000000000000000000e+00 4.818181818181818121e-01 5.181818181818181879e-01
0.000000000000000000e+00 0.000000000000000000e+00 7.818181818181818565e-01 2.181818181818181712e-01
1.000000000000000000e+00 0.000000000000000000e+00 5.272727272727272263e-01 4.727272727272727182e-01
0.000000000000000000e+00 1.000000000000000000e+00 2.545454545454545192e-01 7.454545454545454808e-01
0.000000000000000000e+00 1.000000000000000000e+00 4.818181818181818121e-01 5.181818181818181879e-01
1.000000000000000000e+00 1.000000000000000000e+00 2.999999999999999889e-01 6.999999999999999556e-01
0.000000000000000000e+00 1.000000000000000000e+00 2.999999999999999889e-01 6.999999999999999556e-01
1.000000000000000000e+00 0.000000000000000000e+00 5.727272727272727515e-01 4.272727272727272485e-01
0.000000000000000000e+00 1.000000000000000000e+00 3.909090909090909283e-01 6.090909090909091272e-01
1.000000000000000000e+00 1.000000000000000000e+00 4.909090909090909061e-01 5.090909090909090384e-01
1.000000000000000000e+00 1.000000000000000000e+00 2.909090909090908950e-01 7.090909090909091050e-01
0.000000000000000000e+00 1.000000000000000000e+00 2.999999999999999889e-01 6.999999999999999556e-01
1.000000000000000000e+00 0.000000000000000000e+00 6.272727272727273151e-01 3.727272727272727404e-01
1.000000000000000000e+00 1.000000000000000000e+00 3.363636363636363646e-01 6.636363636363636909e-01
1.000000000000000000e+00 1.000000000000000000e+00 4.272727272727272485e-01 5.727272727272727515e-01
0.000000000000000000e+00 1.000000000000000000e+00 4.000000000000000222e-01 5.999999999999999778e-01
1.000000000000000000e+00 0.000000000000000000e+00 6.181818181818181657e-01 3.818181818181818343e-01
1.000000000000000000e+00 1.000000000000000000e+00 1.545454545454545414e-01 8.454545454545454586e-01
1.000000000000000000e+00 1.000000000000000000e+00 4.545454545454545303e-01 5.454545454545454142e-01
1.000000000000000000e+00 1.000000000000000000e+00 3.636363636363636465e-01 6.363636363636363535e-01
1.000000000000000000e+00 1.000000000000000000e+00 4.181818181818181546e-01 5.818181818181817899e-01
0.000000000000000000e+00 1.000000000000000000e+00 4.545454545454545303e-01 5.454545454545454142e-01
1.000000000000000000e+00 0.000000000000000000e+00 5.090909090909090384e-01 4.909090909090909061e-01
1.000000000000000000e+00 1.000000000000000000e+00 3.363636363636363646e-01 6.636363636363636909e-01
1.000000000000000000e+00 1.000000000000000000e+00 2.727272727272727071e-01 7.272727272727272929e-01
1.000000000000000000e+00 0.000000000000000000e+00 7.363636363636363313e-01 2.636363636363636131e-01
0.000000000000000000e+00 1.000000000000000000e+00 3.363636363636363646e-01 6.636363636363636909e-01
1.000000000000000000e+00 1.000000000000000000e+00 3.363636363636363646e-01 6.636363636363636909e-01
1.000000000000000000e+00 1.000000000000000000e+00 4.272727272727272485e-01 5.727272727272727515e-01
1.000000000000000000e+00 1.000000000000000000e+00 1.454545454545454475e-01 8.545454545454544970e-01
1.000000000000000000e+00 1.000000000000000000e+00 2.363636363636363591e-01 7.636363636363636687e-01
1.000000000000000000e+00 0.000000000000000000e+00 5.909090909090909394e-01 4.090909090909091161e-01
1.000000000000000000e+00 1.000000000000000000e+00 3.818181818181818343e-01 6.181818181818181657e-01
1.000000000000000000e+00 0.000000000000000000e+00 5.272727272727272263e-01 4.727272727272727182e-01
1.000000000000000000e+00 1.000000000000000000e+00 1.090909090909090856e-01 8.909090909090908728e-01
0.000000000000000000e+00 1.000000000000000000e+00 3.818181818181818343e-01 6.181818181818181657e-01
0.000000000000000000e+00 0.000000000000000000e+00 5.000000000000000000e-01 5.000000000000000000e-01
0.000000000000000000e+00 1.000000000000000000e+00 2.090909090909090773e-01 7.909090909090908950e-01
1.000000000000000000e+00 1.000000000000000000e+00 4.545454545454545303e-01 5.454545454545454142e-01
1.000000000000000000e+00 1.000000000000000000e+00 3.363636363636363646e-01 6.636363636363636909e-01
1.000000000000000000e+00 0.000000000000000000e+00 8.272727272727272707e-01 1.727272727272727293e-01
1.000000000000000000e+00 1.000000000000000000e+00 2.181818181818181712e-01 7.818181818181818565e-01
1.000000000000000000e+00 1.000000000000000000e+00 2.454545454545454530e-01 7.545454545454545192e-01
0.000000000000000000e+00 1.000000000000000000e+00 4.454545454545454364e-01 5.545454545454545636e-01
0.000000000000000000e+00 1.000000000000000000e+00 2.090909090909090773e-01 7.909090909090908950e-01
1.000000000000000000e+00 1.000000000000000000e+00 4.272727272727272485e-01 5.727272727272727515e-01
1.000000000000000000e+00 0.000000000000000000e+00 5.000000000000000000e-01 5.000000000000000000e-01
0.000000000000000000e+00 1.000000000000000000e+00 3.363636363636363646e-01 6.636363636363636909e-01
1.000000000000000000e+00 1.000000000000000000e+00 4.090909090909091161e-01 5.909090909090909394e-01
