0.000000000000000000e+00 0.000000000000000000e+00 5.799999999999999600e-01 4.199999999999999845e-01
0.000000000000000000e+00 1.000000000000000000e+00 4.799999999999999822e-01 5.200000000000000178e-01
0.000000000000000000e+00 0.000000000000000000e+00 6.199999999999999956e-01 3.800000000000000044e-01
0.000000000000000000e+00 0.000000000000000000e+00 5.799999999999999600e-01 4.199999999999999845e-01
0.000000000000000000e+00 1.000000000000000000e+00 1.799999999999999933e-01 8.199999999999999512e-01
1.000000000000000000e+00 1.000000000000000000e+00 4.000000000000000222e-01 5.999999999999999778e-01
0.000000000000000000e+00 1.000000000000000000e+00 4.600000000000000200e-01 5.400000000000000355e-01
1.000000000000000000e+00 0.000000000000000000e+00 5.200000000000000178e-01 4.799999999999999822e-01
1.000000000000000000e+00 1.000000000000000000e+00 4.799999999999999822e-01 5.200000000000000178e-01
1.000000000000000000e+00 1.000000000000000000e+00 2.999999999999999889e-01 6.999999999999999556e-01
1.000000000000000000e+00 0.000000000000000000e+00 5.799999999999999600e-01 4.199999999999999845e-01
1.000000000000000000e+00 0.000000000000000000e+00 5.400000000000000355e-01 4.600000000000000200e-01
1.000000000000000000e+00 0.000000000000000000e+00 5.999999999999999778e-01 4.000000000000000222e-01
1.000000000000000000e+00 1.000000000000000000e+00 3.599999999999999867e-01 6.400000000000000133e-01
0.000000000000000000e+00 1.000000000000000000e+00 1.600000000000000033e-01 8.399999999999999689e-01
0.000000000000000000e+00 0.000000000000000000e+00 5.000000000000000000e-01 5.000000000000000000e-01
1.000000000000000000e+00 1.000000000000000000e+00 3.400000000000000244e-01 6.600000000000000311e-01
1.000000000000000000e+00 0.000000000000000000e+00 7.199999999999999734e-01 2.800000000000000266e-01
0.000000000000000000e+00 1.000000000000000000e+00 4.199999999999999845e-01 5.799999999999999600e-01
1.000000000000000000e+00 1.000000000000000000e+00 1.799999999999999933e-01 8.199999999999999512e-01
1.000000000000000000e+00 1.000000000000000000e+00 2.200000000000000011e-01 7.800000000000000266e-01
1.000000000000000000e+00 1.000000000000000000e+00 4.199999999999999845e-01 5.799999999999999600e-01
1.000000000000000000e+00 0.000000000000000000e+00 5.600000000000000533e-01 4.400000000000000022e-01
1.000000000000000000e+00 1.000000000000000000e+00 3.599999999999999867e-01 6.400000000000000133e-01
0.000000000000000000e+00 0.000000000000000000e+00 6.600000000000000311e-01 3.400000000000000244e-01
1.000000000000000000e+00 1.000000000000000000e+00 2.399999999999999911e-01 7.600000000000000089e-01
1.000000000000000000e+00 0.000000000000000000e+00 6.199999999999999956e-01 3.800000000000000044e-01
1.000000000000000000e+00 0.000000000000000000e+00 5.200000000000000178e-01 4.799999999999999822e-01
1.000000000000000000e+00 1.000000000000000000e+00 4.600000000000000200e-01 5.400000000000000355e-01
0.000000000000000000e+00 1.000000000000000000e+00 3.599999999999999867e-01 6.400000000000000133e-01
1.000000000000000000e+00 1.000000000000000000e+00 3.400000000000000244e-01 6.600000000000000311e-01
0.000000000000000000e+00 0.000000000000000000e+00 5.999999999999999778e-01 4.000000000000000222e-01
1.000000000000000000e+00 1.000000000000000000e+00 3.200000000000000067e-01 6.800000000000000488e-01
1.000000000000000000e+00 0.000000000000000000e+00 5.600000000000000533e-01 4.400000000000000022e-01
1.000000000000000000e+00 1.000000000000000000e+00 4.199999999999999845e-01 5.799999999999999600e-01
1.000000000000000000e+00 1.000000000000000000e+00 3.200000000000000067e-01 6.800000000000000488e-01
0.000000000000000000e+00 0.000000000000000000e+00 5.400000000000000355e-01 4.600000000000000200e-01
0.000000000000000000e+00 0.000000000000000000e+00 5.000000000000000000e-01 5.000000000000000000e-01
1.000000000000000000e+00 1.000000000000000000e+00 1.000000000000000056e-01 9.000000000000000222e-01
1.000000000000000000e+00 1.000000000000000000e+00 1.600000000000000033e-01 8.399999999999999689e-01
0.000000000000000000e+00 1.000000000000000000e+00 4.199999999999999845e-01 5.799999999999999600e-01
1.000000000000000000e+00 1.000000000000000000e+00 3.599999999999999867e-01 6.400000000000000133e-01
1.000000000000000000e+00 0.000000000000000000e+00 5.999999999999999778e-01 4.000000000000000222e-01
1.000000000000000000e+00 0.000000000000000000e+00 6.400000000000000133e-01 3.599999999999999867e-01
1.000000000000000000e+00 1.000000000000000000e+00 4.799999999999999822e-01 5.200000000000000178e-01
1.000000000000000000e+00 0.000000000000000000e+00 7.399999999999999911e-01 2.600000000000000089e-01
1.000000000000000000e+00 1.000000000000000000e+00 4.600000000000000200e-01 5.400000000000000355e-01
1.000000000000000000e+00 1.000000000000000000e+00 3.800000000000000044e-01 6.199999999999999956e-01
0.000000000000000000e+00 1.000000000000000000e+00 3.599999999999999867e-01 6.400000000000000133e-01
1.000000000000000000e+00 1.000000000000000000e+00 3.400000000000000244e-01 6.600000000000000311e-01
0.000000000000000000e+00 1.000000000000000000e+00 2.600000000000000089e-01 7.399999999999999911e-01
1.000000000000000000e+00 1.000000000000000000e+00 3.400000000000000244e-01 6.600000000000000311e-01
1.000000000000000000e+00 1.000000000000000000e+00 4.600000000000000200e-01 5.400000000000000355e-01
1.000000000000000000e+00 1.000000000000000000e+00 4.199999999999999845e-01 5.799999999999999600e-01
1.000000000000000000e+00 0.000000000000000000e+00 6.199999999999999956e-01 3.800000000000000044e-01
1.000000000000000000e+00 1.000000000000000000e+00 4.400000000000000022e-01 5.600000000000000533e-01
1.000000000000000000e+00 0.000000000000000000e+00 5.799999999999999600e-01 4.199999999999999845e-01
0.000000000000000000e+00 0.000000000000000000e+00 6.400000000000000133e-01 3.599999999999999867e-01
1.000000000000000000e+00 1.000000000000000000e+00 4.199999999999999845e-01 5.799999999999999600e-01
0.000000000000000000e+00 1.000000000000000000e+00 2.999999999999999889e-01 6.999999999999999556e-01
1.000000000000000000e+00 1.000000000000000000e+00 3.400000000000000244e-01 6.600000000000000311e-01
0.000000000000000000e+00 1.000000000000000000e+00 3.800000000000000044e-01 6.199999999999999956e-01
1.000000000000000000e+00 0.000000000000000000e+00 5.000000000000000000e-01 5.000000000000000000e-01
0.000000000000000000e+00 0.000000000000000000e+00 8.199999999999999512e-01 1.799999999999999933e-01
0.000000000000000000e+00 1.000000000000000000e+00 3.200000000000000067e-01 6.800000000000000488e-01
1.000000000000000000e+00 0.000000000000000000e+00 5.000000000000000000e-01 5.000000000000000000e-01
1.000000000000000000e+00 1.000000000000000000e+00 2.399999999999999911e-01 7.600000000000000089e-01
1.000000000000000000e+00 1.000000000000000000e+00 3.599999999999999867e-01 6.400000000000000133e-01
1.000000000000000000e+00 0.000000000000000000e+00 6.999999999999999556e-01 2.999999999999999889e-01
1.000000000000000000e+00 1.000000000000000000e+00 2.800000000000000266e-01 7.199999999999999734e-01
1.000000000000000000e+00 1.000000000000000000e+00 4.799999999999999822e-01 5.200000000000000178e-01
1.000000000000000000e+00 1.000000000000000000e+00 3.400000000000000244e-01 6.600000000000000311e-01
1.000000000000000000e+00 1.000000000000000000e+00 4.799999999999999822e-01 5.200000000000000178e-01
1.000000000000000000e+00 1.000000000000000000e+00 4.199999999999999845e-01 5.799999999999999600e-01
1.000000000000000000e+00 0.000000000000000000e+00 5.999999999999999778e-01 4.000000000000000222e-01
1.000000000000000000e+00 1.000000000000000000e+00 3.599999999999999867e-01 6.400000000000000133e-01
0.000000000000000000e+00 1.000000000000000000e+00 2.999999999999999889e-01 6.999999999999999556e-01
1.000000000000000000e+00 0.000000000000000000e+00 5.600000000000000533e-01 4.400000000000000022e-01
1.000000000000000000e+00 0.000000000000000000e+00 6.400000000000000133e-01 3.599999999999999867e-01
1.000000000000000000e+00 1.000000000000000000e+00 4.799999999999999822e-01 5.200000000000000178e-01
0.000000000000000000e+00 1.000000000000000000e+00 8.000000000000000167e-02 9.200000000000000400e-01
0.000000000000000000e+00 1.000000000000000000e+00 4.799999999999999822e-01 5.200000000000000178e-01
1.000000000000000000e+00 1.000000000000000000e+00 3.800000000000000044e-01 6.199999999999999956e-01
1.000000000000000000e+00 1.000000000000000000e+00 4.000000000000000222e-01 5.999999999999999778e-01
0.000000000000000000e+00 0.000000000000000000e+00 5.200000000000000178e-01 4.799999999999999822e-01
1.000000000000000000e+00 0.000000000000000000e+00 6.999999999999999556e-01 2.999999999999999889e-01
0.000000000000000000e+00 1.000000000000000000e+00 1.799999999999999933e-01 8.199999999999999512e-01
1.000000000000000000e+00 1.000000000000000000e+00 4.199999999999999845e-01 5.799999999999999600e-01
0.000000000000000000e+00 1.000000000000000000e+00 2.800000000000000266e-01 7.199999999999999734e-01
1.000000000000000000e+00 1.000000000000000000e+00 4.799999999999999822e-01 5.200000000000000178e-01
1.000000000000000000e+00 1.000000000000000000e+00 2.999999999999999889e-01 6.999999999999999556e-01
0.000000000000000000e+00 0.000000000000000000e+00 6.199999999999999956e-01 3.800000000000000044e-01
0.000000000000000000e+00 0.000000000000000000e+00 5.999999999999999778e-01 4.000000000000000222e-01
1.000000000000000000e+00 1.000000000000000000e+00 2.200000000000000011e-01 7.800000000000000266e-01
1.000000000000000000e+00 0.000000000000000000e+00 6.600000000000000311e-01 3.400000000000000244e-01
0.000000000000000000e+00 1.000000000000000000e+00 4.799999999999999822e-01 5.200000000000000178e-01
1.000000000000000000e+00 1.000000000000000000e+00 3.599999999999999867e-01 6.400000000000000133e-01
1.000000000000000000e+00 0.000000000000000000e+00 5.400000000000000355e-01 4.600000000000000200e-01
1.000000000000000000e+00 0.000000000000000000e+00 5.600000000000000533e-01 4.400000000000000022e-01
0.000000000000000000e+00 1.000000000000000000e+00 3.400000000000000244e-01 6.600000000000000311e-01
1.000000000000000000e+00 1.000000000000000000e+00 2.000000000000000111e-01 8.000000000000000444e-01
1.000000000000000000e+00 1.000000000000000000e+00 2.428571428571428548e-01 7.571428571428571175e-01
1.000000000000000000e+00 1.000000000000000000e+00 3.714285714285714413e-01 6.285714285714285587e-01
1.000000000000000000e+00 1.000000000000000000e+00 4.000000000000000222e-01 5.999999999999999778e-01
1.000000000000000000e+00 1.000000000000000000e+00 2.428571428571428548e-01 7.571428571428571175e-01
1.000000000000000000e+00 1.000000000000000000e+00 4.000000000000000222e-01 5.999999999999999778e-01
0.000000000000000000e+00 1.000000000000000000e+00 1.857142857142857206e-01 8.142857142857142794e-01
0.000000000000000000e+00 0.000000000000000000e+00 5.428571428571428159e-01 4.571428571428571286e-01
1.000000000000000000e+00 1.000000000000000000e+00 3.571428571428571508e-01 6.428571428571429047e-01
0.000000000000000000e+00 1.000000000000000000e+00 3.857142857142857317e-01 6.142857142857143238e-01
0.000000000000000000e+00 1.000000000000000000e+00 2.428571428571428548e-01 7.571428571428571175e-01
1.000000000000000000e+00 1.000000000000000000e+00 4.285714285714285476e-01 5.714285714285713969e-01
0.000000000000000000e+00 1.000000000000000000e+00 2.857142857142856984e-01 7.142857142857143016e-01
1.000000000000000000e+00 0.000000000000000000e+00 5.571428571428571619e-01 4.428571428571428381e-01
0.000000000000000000e+00 1.000000000000000000e+00 4.142857142857143127e-01 5.857142857142857428e-01
1.000000000000000000e+00 1.000000000000000000e+00 1.857142857142857206e-01 8.142857142857142794e-01
0.000000000000000000e+00 1.000000000000000000e+00 2.714285714285714080e-01 7.285714285714285365e-01
1.000000000000000000e+00 1.000000000000000000e+00 3.857142857142857317e-01 6.142857142857143238e-01
0.000000000000000000e+00 1.000000000000000000e+00 4.857142857142857095e-01 5.142857142857142350e-01
1.000000000000000000e+00 1.000000000000000000e+00 2.571428571428571175e-01 7.428571428571428825e-01
1.000000000000000000e+00 1.000000000000000000e+00 3.571428571428571508e-01 6.428571428571429047e-01
0.000000000000000000e+00 1.000000000000000000e+00 1.285714285714285587e-01 8.714285714285714413e-01
0.000000000000000000e+00 1.000000000000000000e+00 4.142857142857143127e-01 5.857142857142857428e-01
1.000000000000000000e+00 1.000000000000000000e+00 3.142857142857142794e-01 6.857142857142857206e-01
1.000000000000000000e+00 1.000000000000000000e+00 4.285714285714285476e-01 5.714285714285713969e-01
0.000000000000000000e+00 0.000000000000000000e+00 5.285714285714285809e-01 4.714285714285714191e-01
1.000000000000000000e+00 1.000000000000000000e+00 2.999999999999999889e-01 6.999999999999999556e-01
1.000000000000000000e+00 0.000000000000000000e+00 6.571428571428571397e-01 3.428571428571428603e-01
1.000000000000000000e+00 1.000000000000000000e+00 1.285714285714285587e-01 8.714285714285714413e-01
1.000000000000000000e+00 1.000000000000000000e+00 4.142857142857143127e-01 5.857142857142857428e-01
1.000000000000000000e+00 1.000000000000000000e+00 1.428571428571428492e-01 8.571428571428570953e-01
0.000000000000000000e+00 1.000000000000000000e+00 1.571428571428571397e-01 8.428571428571428603e-01
1.000000000000000000e+00 0.000000000000000000e+00 5.142857142857142350e-01 4.857142857142857095e-01
1.000000000000000000e+00 1.000000000000000000e+00 2.999999999999999889e-01 6.999999999999999556e-01
1.000000000000000000e+00 0.000000000000000000e+00 5.000000000000000000e-01 5.000000000000000000e-01
1.000000000000000000e+00 0.000000000000000000e+00 5.428571428571428159e-01 4.571428571428571286e-01
0.000000000000000000e+00 1.000000000000000000e+00 3.571428571428571508e-01 6.428571428571429047e-01
1.000000000000000000e+00 1.000000000000000000e+00 2.428571428571428548e-01 7.571428571428571175e-01
1.000000000000000000e+00 0.000000000000000000e+00 5.857142857142857428e-01 4.142857142857143127e-01
0.000000000000000000e+00 0.000000000000000000e+00 5.000000000000000000e-01 5.000000000000000000e-01
1.000000000000000000e+00 1.000000000000000000e+00 3.714285714285714413e-01 6.285714285714285587e-01
1.000000000000000000e+00 0.000000000000000000e+00 5.714285714285713969e-01 4.285714285714285476e-01
1.000000000000000000e+00 1.000000000000000000e+00 4.857142857142857095e-01 5.142857142857142350e-01
1.000000000000000000e+00 0.000000000000000000e+00 6.428571428571429047e-01 3.571428571428571508e-01
1.000000000000000000e+00 0.000000000000000000e+00 5.571428571428571619e-01 4.428571428571428381e-01
1.000000000000000000e+00 1.000000000000000000e+00 3.285714285714285698e-01 6.714285714285713746e-01
1.000000000000000000e+00 0.000000000000000000e+00 5.428571428571428159e-01 4.571428571428571286e-01
1.000000000000000000e+00 0.000000000000000000e+00 5.571428571428571619e-01 4.428571428571428381e-01
0.000000000000000000e+00 1.000000000000000000e+00 2.999999999999999889e-01 6.999999999999999556e-01
1.000000000000000000e+00 0.000000000000000000e+00 5.428571428571428159e-01 4.571428571428571286e-01
0.000000000000000000e+00 1.000000000000000000e+00 1.857142857142857206e-01 8.142857142857142794e-01
0.000000000000000000e+00 0.000000000000000000e+00 6.285714285714285587e-01 3.714285714285714413e-01
1.000000000000000000e+00 1.000000000000000000e+00 2.000000000000000111e-01 8.000000000000000444e-01
1.000000000000000000e+00 0.000000000000000000e+00 5.285714285714285809e-01 4.714285714285714191e-01
1.000000000000000000e+00 1.000000000000000000e+00 2.285714285714285643e-01 7.714285714285714635e-01
1.000000000000000000e+00 1.000000000000000000e+00 4.571428571428571286e-01 5.428571428571428159e-01
1.000000000000000000e+00 1.000000000000000000e+00 4.142857142857143127e-01 5.857142857142857428e-01
1.000000000000000000e+00 1.000000000000000000e+00 4.142857142857143127e-01 5.857142857142857428e-01
0.000000000000000000e+00 1.000000000000000000e+00 4.285714285714285476e-01 5.714285714285713969e-01
1.000000000000000000e+00 0.000000000000000000e+00 6.857142857142857206e-01 3.142857142857142794e-01
0.000000000000000000e+00 0.000000000000000000e+00 5.285714285714285809e-01 4.714285714285714191e-01
0.000000000000000000e+00 1.000000000000000000e+00 4.428571428571428381e-01 5.571428571428571619e-01
0.000000000000000000e+00 0.000000000000000000e+00 6.571428571428571397e-01 3.428571428571428603e-01
0.000000000000000000e+00 0.000000000000000000e+00 5.000000000000000000e-01 5.000000000000000000e-01
1.000000000000000000e+00 1.000000000000000000e+00 4.428571428571428381e-01 5.571428571428571619e-01
0.000000000000000000e+00 1.000000000000000000e+00 3.285714285714285698e-01 6.714285714285713746e-01
1.000000000000000000e+00 0.000000000000000000e+00 6.714285714285713746e-01 3.285714285714285698e-01
0.000000000000000000e+00 1.000000000000000000e+00 4.142857142857143127e-01 5.857142857142857428e-01
1.000000000000000000e+00 0.000000000000000000e+00 5.000000000000000000e-01 5.000000000000000000e-01
0.000000000000000000e+00 0.000000000000000000e+00 5.285714285714285809e-01 4.714285714285714191e-01
1.000000000000000000e+00 1.000000000000000000e+00 3.857142857142857317e-01 6.142857142857143238e-01
1.000000000000000000e+00 1.000000000000000000e+00 3.285714285714285698e-01 6.714285714285713746e-01
1.000000000000000000e+00 0.000000000000000000e+00 6.714285714285713746e-01 3.285714285714285698e-01
1.000000000000000000e+00 1.000000000000000000e+00 2.000000000000000111e-01 8.000000000000000444e-01
1.000000000000000000e+00 0.000000000000000000e+00 7.142857142857143016e-01 2.857142857142856984e-01
1.000000000000000000e+00 1.000000000000000000e+00 2.999999999999999889e-01 6.999999999999999556e-01
1.000000000000000000e+00 0.000000000000000000e+00 6.428571428571429047e-01 3.571428571428571508e-01
1.000000000000000000e+00 1.000000000000000000e+00 3.571428571428571508e-01 6.428571428571429047e-01
1.000000000000000000e+00 1.000000000000000000e+00 2.571428571428571175e-01 7.428571428571428825e-01
1.000000000000000000e+00 0.000000000000000000e+00 5.999999999999999778e-01 4.000000000000000222e-01
0.000000000000000000e+00 1.000000000000000000e+00 4.142857142857143127e-01 5.857142857142857428e-01
0.000000000000000000e+00 1.000000000000000000e+00 2.285714285714285643e-01 7.714285714285714635e-01
1.000000000000000000e+00 1.000000000000000000e+00 3.142857142857142794e-01 6.857142857142857206e-01
0.000000000000000000e+00 1.000000000000000000e+00 2.999999999999999889e-01 6.999999999999999556e-01
1.000000000000000000e+00 0.000000000000000000e+00 5.999999999999999778e-01 4.000000000000000222e-01
1.000000000000000000e+00 1.000000000000000000e+00 2.142857142857142738e-01 7.857142857142856984e-01
0.000000000000000000e+00 1.000000000000000000e+00 3.714285714285714413e-01 6.285714285714285587e-01
1.000000000000000000e+00 1.000000000000000000e+00 3.714285714285714413e-01 6.285714285714285587e-01
1.000000000000000000e+00 0.000000000000000000e+00 7.571428571428571175e-01 2.428571428571428548e-01
0.000000000000000000e+00 0.000000000000000000e+00 5.142857142857142350e-01 4.857142857142857095e-01
0.000000000000000000e+00 1.000000000000000000e+00 3.285714285714285698e-01 6.714285714285713746e-01
1.000000000000000000e+00 1.000000000000000000e+00 2.857142857142856984e-01 7.142857142857143016e-01
1.000000000000000000e+00 1.000000000000000000e+00 3.285714285714285698e-01 6.714285714285713746e-01
0.000000000000000000e+00 1.000000000000000000e+00 7.142857142857142461e-02 9.285714285714286031e-01
1.000000000000000000e+00 0.000000000000000000e+00 6.714285714285713746e-01 3.285714285714285698e-01
1.000000000000000000e+00 0.000000000000000000e+00 5.714285714285713969e-01 4.285714285714285476e-01
1.000000000000000000e+00 1.000000000000000000e+00 3.714285714285714413e-01 6.285714285714285587e-01
1.000000000000000000e+00 1.000000000000000000e+00 1.714285714285714302e-01 8.285714285714286254e-01
0.000000000000000000e+00 0.000000000000000000e+00 7.571428571428571175e-01 2.428571428571428548e-01
1.000000000000000000e+00 1.000000000000000000e+00 3.285714285714285698e-01 6.714285714285713746e-01
1.000000000000000000e+00 1.000000000000000000e+00 1.888888888888888840e-01 8.111111111111111160e-01
0.000000000000000000e+00 1.000000000000000000e+00 1.388888888888888951e-01 8.611111111111111605e-01
1.000000000000000000e+00 1.000000000000000000e+00 2.666666666666666630e-01 7.333333333333332815e-01
0.000000000000000000e+00 1.000000000000000000e+00 3.444444444444444420e-01 6.555555555555555580e-01
0.000000000000000000e+00 1.000000000000000000e+00 2.611111111111111271e-01 7.388888888888889284e-01
1.000000000000000000e+00 1.000000000000000000e+00 1.611111111111111216e-01 8.388888888888889062e-01
1.000000000000000000e+00 0.000000000000000000e+00 5.999999999999999778e-01 4.000000000000000222e-01
0.000000000000000000e+00 1.000000000000000000e+00 3.222222222222222432e-01 6.777777777777778123e-01
1.000000000000000000e+00 1.000000000000000000e+00 2.277777777777777735e-01 7.722222222222222543e-01
0.000000000000000000e+00 1.000000000000000000e+00 2.111111111111111105e-01 7.888888888888888618e-01
0.000000000000000000e+00 1.000000000000000000e+00 2.666666666666666630e-01 7.333333333333332815e-01
1.000000000000000000e+00 1.000000000000000000e+00 4.333333333333333481e-01 5.666666666666666519e-01
0.000000000000000000e+00 1.000000000000000000e+00 3.055555555555555802e-01 6.944444444444444198e-01
0.000000000000000000e+00 0.000000000000000000e+00 5.833333333333333703e-01 4.166666666666666852e-01
1.000000000000000000e+00 1.000000000000000000e+00 4.500000000000000111e-01 5.500000000000000444e-01
0.000000000000000000e+00 1.000000000000000000e+00 2.722222222222221988e-01 7.277777777777777457e-01
1.000000000000000000e+00 1.000000000000000000e+00 2.000000000000000111e-01 8.000000000000000444e-01
0.000000000000000000e+00 1.000000000000000000e+00 2.888888888888888618e-01 7.111111111111111382e-01
1.000000000000000000e+00 0.000000000000000000e+00 6.055555555555555136e-01 3.944444444444444309e-01
1.000000000000000000e+00 0.000000000000000000e+00 5.555555555555555802e-01 4.444444444444444198e-01
1.000000000000000000e+00 1.000000000000000000e+00 2.833333333333333259e-01 7.166666666666666741e-01
1.000000000000000000e+00 1.000000000000000000e+00 4.000000000000000222e-01 5.999999999999999778e-01
1.000000000000000000e+00 1.000000000000000000e+00 4.222222222222222210e-01 5.777777777777777235e-01
1.000000000000000000e+00 1.000000000000000000e+00 1.833333333333333204e-01 8.166666666666666519e-01
0.000000000000000000e+00 1.000000000000000000e+00 4.333333333333333481e-01 5.666666666666666519e-01
1.000000000000000000e+00 1.000000000000000000e+00 2.055555555555555469e-01 7.944444444444443976e-01
0.000000000000000000e+00 0.000000000000000000e+00 5.333333333333333259e-01 4.666666666666666741e-01
1.000000000000000000e+00 1.000000000000000000e+00 4.277777777777777568e-01 5.722222222222221877e-01
1.000000000000000000e+00 0.000000000000000000e+00 7.055555555555556024e-01 2.944444444444444531e-01
1.000000000000000000e+00 1.000000000000000000e+00 2.111111111111111105e-01 7.888888888888888618e-01
0.000000000000000000e+00 1.000000000000000000e+00 1.611111111111111216e-01 8.388888888888889062e-01
1.000000000000000000e+00 1.000000000000000000e+00 3.666666666666666408e-01 6.333333333333333037e-01
1.000000000000000000e+00 1.000000000000000000e+00 2.555555555555555358e-01 7.444444444444444642e-01
1.000000000000000000e+00 1.000000000000000000e+00 3.499999999999999778e-01 6.500000000000000222e-01
1.000000000000000000e+00 1.000000000000000000e+00 1.499999999999999944e-01 8.499999999999999778e-01
1.000000000000000000e+00 1.000000000000000000e+00 3.333333333333333148e-01 6.666666666666666297e-01
0.000000000000000000e+00 1.000000000000000000e+00 1.499999999999999944e-01 8.499999999999999778e-01
1.000000000000000000e+00 0.000000000000000000e+00 7.222222222222222099e-01 2.777777777777777901e-01
1.000000000000000000e+00 0.000000000000000000e+00 5.055555555555555358e-01 4.944444444444444642e-01
1.000000000000000000e+00 0.000000000000000000e+00 6.722222222222222765e-01 3.277777777777777790e-01
1.000000000000000000e+00 1.000000000000000000e+00 2.777777777777777901e-01 7.222222222222222099e-01
1.000000000000000000e+00 0.000000000000000000e+00 6.388888888888888395e-01 3.611111111111111049e-01
1.000000000000000000e+00 1.000000000000000000e+00 4.388888888888888840e-01 5.611111111111111160e-01
0.000000000000000000e+00 1.000000000000000000e+00 2.555555555555555358e-01 7.444444444444444642e-01
0.000000000000000000e+00 1.000000000000000000e+00 2.555555555555555358e-01 7.444444444444444642e-01
0.000000000000000000e+00 1.000000000000000000e+00 4.333333333333333481e-01 5.666666666666666519e-01
0.000000000000000000e+00 1.000000000000000000e+00 2.555555555555555358e-01 7.444444444444444642e-01
1.000000000000000000e+00 0.000000000000000000e+00 6.944444444444444198e-01 3.055555555555555802e-01
1.000000000000000000e+00 1.000000000000000000e+00 4.055555555555555580e-01 5.944444444444444420e-01
1.000000000000000000e+00 0.000000000000000000e+00 5.222222222222222543e-01 4.777777777777778012e-01
1.000000000000000000e+00 1.000000000000000000e+00 1.388888888888888951e-01 8.611111111111111605e-01
1.000000000000000000e+00 0.000000000000000000e+00 7.666666666666667185e-01 2.333333333333333370e-01
0.000000000000000000e+00 1.000000000000000000e+00 2.833333333333333259e-01 7.166666666666666741e-01
0.000000000000000000e+00 0.000000000000000000e+00 6.444444444444444864e-01 3.555555555555555691e-01
1.000000000000000000e+00 0.000000000000000000e+00 6.722222222222222765e-01 3.277777777777777790e-01
0.000000000000000000e+00 1.000000000000000000e+00 8.888888888888889228e-02 9.111111111111110938e-01
1.000000000000000000e+00 1.000000000000000000e+00 2.944444444444444531e-01 7.055555555555556024e-01
1.000000000000000000e+00 1.000000000000000000e+00 4.888888888888888729e-01 5.111111111111110716e-01
1.000000000000000000e+00 1.000000000000000000e+00 4.055555555555555580e-01 5.944444444444444420e-01
0.000000000000000000e+00 1.000000000000000000e+00 4.833333333333333370e-01 5.166666666666667185e-01
0.000000000000000000e+00 0.000000000000000000e+00 6.277777777777777679e-01 3.722222222222222321e-01
0.000000000000000000e+00 1.000000000000000000e+00 4.111111111111110938e-01 5.888888888888889062e-01
0.000000000000000000e+00 1.000000000000000000e+00 3.888888888888888951e-01 6.111111111111111605e-01
1.000000000000000000e+00 1.000000000000000000e+00 2.500000000000000000e-01 7.500000000000000000e-01
1.000000000000000000e+00 1.000000000000000000e+00 4.277777777777777568e-01 5.722222222222221877e-01
0.000000000000000000e+00 0.000000000000000000e+00 6.944444444444444198e-01 3.055555555555555802e-01
1.000000000000000000e+00 0.000000000000000000e+00 6.555555555555555580e-01 3.444444444444444420e-01
1.000000000000000000e+00 0.000000000000000000e+00 6.277777777777777679e-01 3.722222222222222321e-01
1.000000000000000000e+00 1.000000000000000000e+00 2.555555555555555358e-01 7.444444444444444642e-01
0.000000000000000000e+00 1.000000000000000000e+00 4.000000000000000222e-01 5.999999999999999778e-01
1.000000000000000000e+00 0.000000000000000000e+00 5.277777777777777901e-01 4.722222222222222099e-01
1.000000000000000000e+00 1.000000000000000000e+00 3.444444444444444420e-01 6.555555555555555580e-01
1.000000000000000000e+00 1.000000000000000000e+00 3.666666666666666408e-01 6.333333333333333037e-01
1.000000000000000000e+00 0.000000000000000000e+00 5.666666666666666519e-01 4.333333333333333481e-01
1.000000000000000000e+00 1.000000000000000000e+00 2.388888888888889006e-01 7.611111111111110716e-01
1.000000000000000000e+00 1.000000000000000000e+00 2.944444444444444531e-01 7.055555555555556024e-01
1.000000000000000000e+00 1.000000000000000000e+00 1.722222222222222210e-01 8.277777777777777235e-01
1.000000000000000000e+00 1.000000000000000000e+00 3.277777777777777790e-01 6.722222222222222765e-01
1.000000000000000000e+00 1.000000000000000000e+00 4.277777777777777568e-01 5.722222222222221877e-01
1.000000000000000000e+00 1.000000000000000000e+00 3.444444444444444420e-01 6.555555555555555580e-01
0.000000000000000000e+00 1.000000000000000000e+00 4.611111111111111382e-01 5.388888888888888618e-01
0.000000000000000000e+00 0.000000000000000000e+00 7.277777777777777457e-01 2.722222222222221988e-01
1.000000000000000000e+00 0.000000000000000000e+00 5.277777777777777901e-01 4.722222222222222099e-01
0.000000000000000000e+00 0.000000000000000000e+00 5.222222222222222543e-01 4.777777777777778012e-01
0.000000000000000000e+00 1.000000000000000000e+00 3.833333333333333592e-01 6.166666666666666963e-01
1.000000000000000000e+00 1.000000000000000000e+00 1.000000000000000056e-01 9.000000000000000222e-01
0.000000000000000000e+00 1.000000000000000000e+00 2.555555555555555358e-01 7.444444444444444642e-01
1.000000000000000000e+00 1.000000000000000000e+00 1.888888888888888840e-01 8.111111111111111160e-01
1.000000000000000000e+00 1.000000000000000000e+00 2.555555555555555358e-01 7.444444444444444642e-01
1.000000000000000000e+00 0.000000000000000000e+00 6.611111111111110938e-01 3.388888888888889062e-01
1.000000000000000000e+00 1.000000000000000000e+00 4.722222222222222099e-01 5.277777777777777901e-01
0.000000000000000000e+00 1.000000000000000000e+00 3.333333333333333148e-01 6.666666666666666297e-01
1.000000000000000000e+00 1.000000000000000000e+00 3.555555555555555691e-01 6.444444444444444864e-01
1.000000000000000000e+00 1.000000000000000000e+00 2.166666666666666741e-01 7.833333333333333259e-01
0.000000000000000000e+00 1.000000000000000000e+00 1.944444444444444475e-01 8.055555555555555802e-01
0.000000000000000000e+00 0.000000000000000000e+00 5.944444444444444420e-01 4.055555555555555580e-01
1.000000000000000000e+00 1.000000000000000000e+00 2.000000000000000111e-01 8.000000000000000444e-01
1.000000000000000000e+00 0.000000000000000000e+00 6.833333333333333481e-01 3.166666666666666519e-01
1.000000000000000000e+00 1.000000000000000000e+00 3.388888888888889062e-01 6.611111111111110938e-01
1.000000000000000000e+00 1.000000000000000000e+00 2.722222222222221988e-01 7.277777777777777457e-01
